HLF+/+ ND			HLF+/- ND			HLF+/+ HFD			HLF+/- HFD		
0	0	0	0	0	0	0	0	0	0	0	0
0	0	0.001504	0	0	0	0.076365	0	0	0	0	0
0	0	0.001504	0	0	0	0.091524	0	0	0	0	0.034772
0	0	0.001504	0	0	0	0.091524	0	0	0	0	0.124472
0	0	0.001504	0	0	0	0.091524	0	0	0	0	0.131065
0	0.000115	0.001504	0	0	0	0.091524	0	0	0	0	0.131065
0	0.001111	0.001504	0	0	0	0.091524	0	0	0	0	0.131065
0.01591	0.002234	0.001504	0	0	0	0.091524	0	0	0	0	0.131065
0.07665	0.002514	0.001504	0.0000241	0	0	0.091524	0	0	0	0	0.131065
0.123725	0.002514	0.001504	0.031788	0	0	0.091524	0	0	0.00387	0	0.131065
0.126242	0.024269	0.001863	0.061375	0	0	0.091524	0	0	0.015729	0	0.131065
0.126896	0.115341	0.034847	0.061375	0	0	0.091524	0	0	0.017218	0	0.131065
0.138808	0.137772	0.086259	0.061375	0	0	0.091524	0	0	0.017218	0	0.131065
0.140133	0.13784	0.098732	0.061375	0	0	0.091524	0	0	0.017218	0	0.131065
0.140133	0.138903	0.098732	0.061375	0	0	0.091524	0.005219	0	0.017218	0	0.131065
0.140133	0.138903	0.098732	0.061375	0	0.007457	0.091524	0.015636	0	0.017218	0	0.131065
0.140133	0.138903	0.098732	0.061375	0	0.060564	0.091524	0.015642	0	0.017218	0	0.131065
0.140133	0.138903	0.098732	0.061375	0	0.10729	0.091524	0.032835	0	0.017563	0	0.154461
0.140133	0.138903	0.098732	0.061375	0	0.110374	0.091524	0.040803	0	0.069313	0	0.216509
0.140133	0.138903	0.098732	0.061375	0	0.110374	0.091524	0.040803	0	0.131041	0	0.238828
0.140133	0.138903	0.098732	0.073705	0	0.110374	0.091524	0.040803	0	0.133216	0	0.238828
0.140133	0.138903	0.098732	0.105272	0	0.110374	0.091524	0.040803	0	0.133216	0	0.238828
0.140133	0.138903	0.098732	0.110698	0	0.110374	0.091524	0.040803	0	0.133216	0	0.238828
0.140133	0.138903	0.098732	0.110698	0	0.110374	0.091524	0.040803	0	0.133216	0	0.238828
0.140133	0.138903	0.098732	0.110698	0	0.110374	0.091524	0.040803	0	0.133216	0	0.238828
0.140133	0.138903	0.098732	0.110698	0	0.110374	0.091524	0.040803	0	0.133216	0	0.238828
0.140133	0.138903	0.098732	0.110698	0	0.110374	0.091524	0.040803	0	0.133216	0	0.238828
0.140133	0.138903	0.098732	0.110698	0	0.110374	0.091524	0.040803	0.013035	0.133216	0	0.244564
0.140133	0.138903	0.098732	0.110698	0	0.110374	0.091524	0.040803	0.021369	0.133216	0	0.265692
0.140133	0.138903	0.098732	0.110698	0	0.110374	0.091524	0.040803	0.021369	0.133216	0	0.286046
0.144474	0.138903	0.098732	0.110698	0	0.110374	0.091524	0.040803	0.021369	0.133216	0	0.286449
0.193049	0.138903	0.098732	0.110698	0	0.110374	0.091524	0.040803	0.021369	0.133216	0	0.32374
0.213382	0.138903	0.098732	0.110698	0	0.110374	0.091524	0.040803	0.021369	0.133216	0	0.539246
0.213382	0.138903	0.098732	0.110698	0	0.110374	0.091524	0.040803	0.021369	0.153966	0	0.610569
0.213382	0.138903	0.098732	0.110698	0	0.110374	0.091524	0.040803	0.021369	0.22559	0	0.610569
0.213382	0.138903	0.098732	0.110698	0	0.110374	0.091524	0.040803	0.021369	0.246908	0	0.610569
0.213382	0.138903	0.11406	0.117315	0	0.110374	0.091524	0.040803	0.021369	0.246908	0	0.610569
0.213382	0.138903	0.119306	0.166692	0	0.110374	0.091524	0.040803	0.021369	0.246908	0	0.610569
0.213382	0.138903	0.119306	0.194739	0	0.110374	0.091524	0.040803	0.021369	0.246908	0	0.610569
0.213382	0.138903	0.119306	0.194739	0	0.113943	0.091524	0.040803	0.021369	0.246908	0	0.610569
0.213382	0.138903	0.119306	0.194739	0	0.127433	0.091524	0.040803	0.021369	0.246956	0	0.610569
0.213382	0.138903	0.119306	0.194739	0	0.133859	0.091524	0.040803	0.02366	0.26711	0	0.610569
0.213382	0.138903	0.119306	0.194739	0	0.133859	0.091524	0.040803	0.03296	0.294716	0	0.610569
0.213382	0.138903	0.119306	0.194739	0	0.133859	0.091524	0.040803	0.045322	0.296346	0	0.610569
0.213382	0.138903	0.148831	0.194739	0	0.133859	0.091524	0.040803	0.052626	0.335169	0	0.610569
0.213382	0.138903	0.233004	0.194739	0	0.133859	0.091524	0.040803	0.052626	0.341842	0	0.610569
0.213382	0.138903	0.236382	0.194739	0	0.133859	0.091524	0.049719	0.052626	0.341842	0	0.610569
0.213382	0.138903	0.236382	0.194739	0	0.133859	0.091524	0.09485	0.052626	0.341842	0	0.610569
0.213382	0.138903	0.236382	0.194739	0	0.133859	0.091524	0.10516	0.052626	0.341842	0	0.610569
0.213382	0.138903	0.236382	0.194739	0	0.133859	0.091524	0.10516	0.052626	0.341842	0	0.610569
0.227574	0.138903	0.236382	0.194739	0	0.133859	0.091524	0.10516	0.052626	0.341842	0	0.610569
0.258971	0.138903	0.236382	0.194739	0	0.133859	0.091524	0.10516	0.052626	0.341842	0	0.610569
0.265593	0.138903	0.236382	0.198074	0	0.133859	0.091524	0.10516	0.052626	0.341842	0	0.610569
0.265593	0.138903	0.236382	0.204923	0	0.133859	0.091524	0.10516	0.052626	0.341842	0.001188	0.610569
0.265593	0.138903	0.236382	0.204993	0	0.133859	0.091524	0.10516	0.052626	0.341842	0.002484	0.610569
0.265593	0.138903	0.236382	0.204993	0	0.133859	0.091524	0.10516	0.052626	0.341842	0.003099	0.610569
0.265593	0.138903	0.236382	0.204993	0	0.133859	0.091524	0.10516	0.052626	0.341842	0.007605	0.610569
0.265593	0.138903	0.236382	0.204993	0	0.133859	0.091524	0.10516	0.052626	0.341842	0.007787	0.610569
0.265593	0.138903	0.236382	0.204993	0	0.133859	0.091524	0.10516	0.052626	0.341842	0.007787	0.610569
0.265593	0.138903	0.236382	0.204993	0	0.133859	0.091524	0.10516	0.066712	0.341842	0.007787	0.610569
0.265593	0.138903	0.236382	0.204993	0	0.133859	0.091524	0.10516	0.165877	0.341842	0.007787	0.610569
0.265593	0.138903	0.258339	0.219365	0	0.133859	0.091524	0.10516	0.258784	0.348683	0.007787	0.610569
0.265593	0.138903	0.344293	0.250424	0	0.133859	0.102538	0.10516	0.267783	0.428386	0.007787	0.610569
0.265593	0.138903	0.413626	0.256034	0	0.133859	0.167647	0.10516	0.267783	0.460301	0.007787	0.610569
0.272303	0.138903	0.418284	0.256034	0	0.133859	0.223378	0.10516	0.267783	0.460301	0.007787	0.610569
0.339532	0.138903	0.418284	0.256034	0	0.133859	0.230798	0.10516	0.267783	0.460301	0.007787	0.610569
0.366811	0.171824	0.418284	0.256034	0	0.133859	0.253705	0.10516	0.267783	0.460301	0.007787	0.610569
0.425001	0.241441	0.418284	0.256034	0	0.133859	0.256659	0.10516	0.267783	0.460301	0.007787	0.610569
0.438636	0.243775	0.418284	0.256034	0	0.141853	0.264094	0.10516	0.267783	0.460301	0.007787	0.610569
0.438636	0.243775	0.418284	0.256034	0	0.211045	0.276762	0.10516	0.267783	0.460301	0.007787	0.610569
0.438636	0.243775	0.418284	0.256034	0	0.280238	0.279474	0.10516	0.267783	0.460301	0.007787	0.610569
0.438636	0.243775	0.418284	0.256034	0	0.288232	0.279474	0.10516	0.267783	0.460301	0.007787	0.610569
0.438636	0.243775	0.418284	0.256034	0	0.288232	0.279474	0.10516	0.267783	0.460301	0.007787	0.610569
0.438636	0.243775	0.418284	0.264473	0	0.288232	0.279474	0.10516	0.296736	0.460301	0.007787	0.610569
0.438636	0.243775	0.418284	0.267754	0	0.288232	0.279474	0.10516	0.432017	0.460301	0.007787	0.610569
0.438636	0.243775	0.418284	0.267754	0	0.288232	0.279474	0.10516	0.55962	0.460301	0.007787	0.610569
0.438636	0.243775	0.418284	0.267754	0	0.288232	0.279474	0.10516	0.578379	0.460301	0.007787	0.610569
0.438636	0.243775	0.418284	0.267754	0	0.288232	0.279474	0.10516	0.578379	0.460301	0.007787	0.610569
0.438636	0.243775	0.418284	0.267754	0	0.288232	0.279474	0.10516	0.578379	0.460301	0.007787	0.610569
0.438636	0.243775	0.418284	0.267754	0	0.288232	0.279474	0.10516	0.578379	0.497429	0.007787	0.610569
0.438636	0.243775	0.418284	0.267754	0	0.288232	0.279474	0.10516	0.578379	0.562491	0.007787	0.610569
0.438636	0.243775	0.418284	0.267754	0	0.288232	0.279474	0.10516	0.578379	0.565844	0.011835	0.610569
0.438636	0.243775	0.418284	0.267754	0	0.288232	0.279474	0.10516	0.578379	0.565844	0.01575	0.610569
0.438636	0.243775	0.418284	0.267754	0	0.288232	0.279474	0.10516	0.578379	0.565844	0.01575	0.610569
0.438636	0.243775	0.418284	0.267754	0	0.288316	0.279474	0.10516	0.578379	0.565844	0.01575	0.610569
0.438636	0.243775	0.418669	0.267754	0	0.327805	0.279474	0.10516	0.578379	0.565844	0.01575	0.610569
0.438636	0.243775	0.48063	0.267754	0	0.396834	0.279474	0.10516	0.578379	0.565844	0.01575	0.610569
0.44096	0.243775	0.587203	0.267754	0	0.414769	0.279474	0.10516	0.578379	0.565844	0.01575	0.610569
0.516791	0.243775	0.670447	0.267754	0	0.414769	0.279474	0.114497	0.578379	0.565844	0.01575	0.610569
0.548131	0.243775	0.676547	0.267754	0	0.414769	0.279474	0.174733	0.578379	0.565844	0.01575	0.610569
0.548131	0.243775	0.676547	0.267888	0	0.447625	0.279474	0.176357	0.578379	0.565844	0.01575	0.610569
0.548131	0.243775	0.676547	0.274295	0	0.577201	0.279474	0.176357	0.578379	0.565844	0.01575	0.610569
0.548131	0.243775	0.676547	0.279391	0	0.639238	0.279474	0.176357	0.578379	0.565844	0.01575	0.610569
0.548131	0.243775	0.676547	0.279392	0	0.639238	0.279474	0.176357	0.578379	0.565844	0.01575	0.610569
0.548131	0.243775	0.676547	0.279392	0	0.639238	0.279474	0.176357	0.578379	0.565844	0.01575	0.610569
0.548131	0.243775	0.676547	0.279392	0	0.639238	0.290387	0.176357	0.579406	0.565844	0.01575	0.610569
0.548131	0.243775	0.676547	0.279392	0	0.639238	0.413413	0.176357	0.601667	0.565844	0.01575	0.610569
0.548131	0.243775	0.676547	0.279392	0	0.639238	0.530822	0.176357	0.611995	0.565844	0.01575	0.610569
0.548131	0.243775	0.676547	0.279392	0	0.639238	0.538711	0.176357	0.611995	0.565844	0.01575	0.610569
0.548131	0.243775	0.676547	0.279392	0	0.639238	0.538711	0.176357	0.611995	0.565844	0.01575	0.610569
0.548131	0.243775	0.676547	0.279392	0	0.639238	0.538711	0.176357	0.611995	0.565844	0.01575	0.610569
0.548131	0.243775	0.676547	0.279392	0	0.639238	0.538711	0.176357	0.611995	0.565844	0.01575	0.610569
0.548131	0.243775	0.676547	0.279392	0	0.639238	0.538711	0.183314	0.611995	0.565844	0.01575	0.610569
0.548131	0.243775	0.676547	0.280267	0	0.639238	0.538711	0.185531	0.611995	0.565844	0.01575	0.610569
0.548131	0.243775	0.676547	0.282444	0	0.639238	0.538711	0.185531	0.611995	0.565844	0.01575	0.610569
0.548131	0.243775	0.676547	0.282444	0	0.639238	0.538711	0.185531	0.614296	0.565844	0.01575	0.610569
0.578962	0.243775	0.676547	0.282444	0	0.639238	0.538711	0.185531	0.622867	0.565844	0.015752	0.610569
0.663467	0.243775	0.676547	0.282444	0	0.639238	0.538711	0.185531	0.622867	0.565844	0.04731	0.610569
0.676912	0.243775	0.676547	0.282444	0	0.639238	0.538711	0.185531	0.622867	0.565844	0.098032	0.610569
0.676912	0.243775	0.676547	0.282444	0	0.639238	0.538711	0.185531	0.622867	0.565844	0.102875	0.610569
0.676912	0.243775	0.676547	0.282444	0.001969	0.639238	0.538711	0.185531	0.622867	0.565844	0.102875	0.610569
0.676912	0.243775	0.676547	0.282444	0.0279	0.639238	0.538711	0.185531	0.622867	0.565844	0.102875	0.610569
0.676912	0.243825	0.677865	0.282444	0.030375	0.639238	0.53966	0.185531	0.622867	0.565844	0.102875	0.610569
0.676912	0.279731	0.738738	0.282444	0.030375	0.639238	0.573409	0.185531	0.622867	0.565844	0.102875	0.610569
0.6803	0.292215	0.831793	0.283722	0.030375	0.639238	0.623334	0.185531	0.622867	0.565844	0.102875	0.610569
0.686772	0.292215	0.887855	0.290975	0.042565	0.639238	0.67023	0.185531	0.622867	0.565844	0.102875	0.610569
0.688976	0.292215	0.888401	0.296518	0.084054	0.639238	0.68083	0.185531	0.622867	0.565844	0.102875	0.610569
0.688976	0.292215	0.888401	0.296703	0.105369	0.639238	0.68083	0.185531	0.622867	0.565844	0.102875	0.610569
0.688976	0.292215	0.888401	0.296703	0.105369	0.639238	0.68083	0.185531	0.650005	0.565844	0.102875	0.610569
0.688976	0.292215	0.888401	0.296703	0.105369	0.639238	0.68083	0.185531	0.722937	0.565844	0.102875	0.610569
0.688976	0.292215	0.888401	0.296703	0.105369	0.663643	0.68083	0.185531	0.796608	0.565844	0.102875	0.610569
0.688976	0.292215	0.888401	0.296703	0.105369	0.779624	0.68083	0.185531	0.857674	0.565844	0.102875	0.610569
0.688976	0.292215	0.888401	0.296703	0.105369	0.835417	0.68083	0.185531	0.864018	0.565844	0.102875	0.610569
0.688976	0.292215	0.888401	0.296703	0.105369	0.835417	0.68083	0.185531	0.864018	0.565844	0.102875	0.610569
0.688976	0.292215	0.888401	0.296703	0.105369	0.835417	0.68083	0.185531	0.864018	0.565844	0.102875	0.610569
0.75275	0.292215	0.888401	0.296703	0.105369	0.835417	0.68083	0.185531	0.864018	0.565844	0.102875	0.610569
0.891424	0.292215	0.888401	0.296703	0.105369	0.835417	0.68083	0.185531	0.864018	0.565844	0.102875	0.610569
0.940129	0.292215	0.888401	0.296703	0.105369	0.835417	0.68083	0.186296	0.864018	0.565844	0.102875	0.610569
0.940129	0.292215	0.888401	0.296703	0.105369	0.835417	0.68083	0.212504	0.864018	0.565844	0.102875	0.610569
0.940129	0.292215	0.888401	0.296703	0.105369	0.835417	0.68083	0.215465	0.864018	0.565844	0.102875	0.610569
0.940129	0.292215	0.888401	0.296703	0.105369	0.835417	0.68083	0.215465	0.864018	0.565844	0.102875	0.610569
0.940129	0.324387	0.888401	0.296703	0.105369	0.835417	0.68083	0.215465	0.864018	0.565844	0.102875	0.610569
0.940129	0.381102	0.888401	0.296703	0.105369	0.835417	0.68083	0.215465	0.864018	0.565844	0.102875	0.610569
0.940129	0.385337	0.888401	0.296703	0.105369	0.835417	0.68083	0.215465	0.864018	0.565844	0.102875	0.610569
0.940129	0.385337	0.888401	0.296703	0.105369	0.835417	0.68083	0.215465	0.864018	0.565844	0.123987	0.610569
0.940129	0.385337	0.888401	0.296703	0.105369	0.835417	0.68083	0.215465	0.864018	0.565844	0.175818	0.610569
0.940129	0.385337	0.888401	0.296703	0.105369	0.835417	0.68083	0.215465	0.864018	0.565844	0.178931	0.610569
0.940129	0.385337	0.888401	0.296703	0.105369	0.847966	0.68083	0.215465	0.864018	0.565844	0.178931	0.610569
0.940129	0.385337	0.888401	0.296703	0.105369	0.931809	0.68083	0.215465	0.864018	0.565844	0.178931	0.610569
0.940129	0.385337	0.929864	0.296703	0.105369	0.954913	0.68083	0.215465	0.864018	0.570045	0.178931	0.610569
0.940129	0.385337	1.018859	0.29681	0.105369	0.954913	0.68083	0.215465	0.864018	0.628931	0.178931	0.610569
0.940129	0.385337	1.099739	0.300862	0.105369	0.954913	0.68083	0.218105	0.864018	0.637553	0.178931	0.610569
0.940129	0.385337	1.11429	0.301132	0.105369	0.954913	0.68083	0.242907	0.864018	0.637553	0.178931	0.610569
0.940129	0.385337	1.11429	0.304078	0.106841	0.954913	0.68083	0.243022	0.864018	0.637553	0.178931	0.610569
0.940129	0.385339	1.13426	0.316993	0.140319	0.954913	0.68083	0.243022	0.864018	0.637553	0.178947	0.624986
0.940129	0.39429	1.159337	0.327957	0.152264	0.954913	0.68083	0.24303	0.864018	0.644781	0.257022	0.660646
0.940129	0.396942	1.159337	0.328872	0.152264	0.954913	0.68083	0.295081	0.864018	0.663517	0.406593	0.661616
0.961295	0.396942	1.159337	0.328872	0.152264	0.954913	0.68083	0.316528	0.901124	0.681817	0.459454	0.661616
0.989932	0.408742	1.159337	0.334916	0.152264	0.954913	0.68083	0.316528	1.0152	0.687152	0.459454	0.661616
1.007999	0.516361	1.159337	0.348065	0.152264	0.954913	0.68083	0.31798	1.131644	0.687152	0.459454	0.661616
1.07275	0.643941	1.159337	0.357508	0.155314	0.954913	0.68083	0.334075	1.237406	0.687152	0.459454	0.661616
1.105809	0.692811	1.159337	0.357913	0.161347	0.954913	0.68083	0.464919	1.256433	0.700773	0.459454	0.661616
1.105809	0.692811	1.159337	0.357913	0.265392	0.954913	0.68083	0.49581	1.256433	0.770868	0.459454	0.681586
1.105809	0.692811	1.159337	0.357913	0.412993	0.954913	0.68083	0.49581	1.256433	0.797137	0.467493	0.715496
1.105809	0.692811	1.159337	0.408949	0.470352	0.965018	0.68083	0.49581	1.256433	0.797137	0.537978	0.715916
1.105809	0.692811	1.159337	0.520468	0.470352	1.175094	0.68083	0.49581	1.256433	0.797137	0.620072	0.715916
1.105809	0.692811	1.159337	0.531095	0.470352	1.449817	0.68083	0.546883	1.256433	0.797137	0.647187	0.715916
1.105809	0.692811	1.159337	0.531095	0.475949	1.519997	0.68083	0.651446	1.256433	0.797137	0.647187	0.715916
1.108683	0.692811	1.159337	0.531095	0.488069	1.519997	0.68083	0.756016	1.256433	0.797137	0.647187	0.715916
1.125333	0.692811	1.159337	0.545782	0.488217	1.519997	0.682931	0.849282	1.256433	0.831369	0.647187	0.715916
1.177856	0.692811	1.159337	0.56473	0.488217	1.519997	0.686358	0.864247	1.256433	0.899604	0.647187	0.715916
1.243721	0.692811	1.159337	0.56473	0.488217	1.519997	0.686358	0.864247	1.258035	0.96784	0.647187	0.715916
1.243736	0.740918	1.159337	0.56473	0.488217	1.519997	0.686358	0.864247	1.272553	1.036075	0.649763	0.715916
1.243736	0.884338	1.247094	0.565354	0.488217	1.519997	0.686358	0.864247	1.301221	1.104308	0.733617	0.715916
1.243736	0.90271	1.353526	0.601549	0.488217	1.519997	0.693127	0.864247	1.424622	1.137859	0.839316	0.715916
1.243736	0.90271	1.354006	0.658341	0.488217	1.519997	0.713254	0.864247	1.555514	1.137859	0.853146	0.715916
1.243736	0.90271	1.354006	0.715132	0.490014	1.519997	0.718471	0.864247	1.683744	1.137859	0.853146	0.716026
1.250202	0.90271	1.354006	0.770219	0.508516	1.519997	0.718471	0.868466	1.725455	1.137859	0.853146	0.777976
1.28744	0.90271	1.354006	0.786405	0.516545	1.519997	0.718471	0.945253	1.725455	1.137859	0.853146	0.891846
1.304303	0.90271	1.354006	0.786405	0.516545	1.519997	0.718471	0.956715	1.725455	1.137859	0.853146	0.981036
1.304303	0.90271	1.354006	0.786405	0.516545	1.519997	0.718471	0.956715	1.725455	1.137859	0.883095	0.987686
1.304303	0.90271	1.354006	0.789655	0.516545	1.519997	0.718471	0.956715	1.725455	1.137859	0.971191	0.987686
1.304707	0.90271	1.354006	0.800609	0.516545	1.519997	0.718471	0.959031	1.725455	1.137859	0.979277	0.987686
1.307933	0.90271	1.354006	0.805272	0.516831	1.519997	0.719934	1.049414	1.725455	1.137859	0.979277	0.988776
1.309497	0.90271	1.354006	0.825651	0.527823	1.519997	0.722407	1.1182	1.725455	1.137859	0.979277	0.992996
1.309751	0.907238	1.354006	0.887106	0.528868	1.519997	0.722407	1.118205	1.725455	1.137859	0.979277	0.992996
1.402943	0.927627	1.354006	0.91685	0.528868	1.519997	0.72246	1.118205	1.725455	1.137859	0.979277	0.993636
1.511204	1.036279	1.354006	0.91685	0.528868	1.519997	0.731586	1.118205	1.725492	1.141054	0.979277	1.096266
1.513226	1.078926	1.354006	0.91685	0.528868	1.520109	0.750992	1.118205	1.809632	1.151056	1.028498	1.223366
1.513226	1.078926	1.355124	0.91685	0.528868	1.523264	0.76393	1.118205	1.967264	1.151203	1.131298	1.228956
1.513226	1.078926	1.362733	0.91685	0.528868	1.5303	0.767404	1.118205	2.016981	1.151203	1.146979	1.228956
1.545017	1.078926	1.371301	0.91685	0.528868	1.552509	0.767404	1.118205	2.016981	1.18809	1.146979	1.228956
1.68669	1.078926	1.374489	0.917786	0.528868	1.553405	0.767404	1.118205	2.016981	1.261618	1.146979	1.228956
1.73714	1.078926	1.374489	0.919892	0.528868	1.560787	0.767404	1.118205	2.016981	1.335146	1.146979	1.228956
1.73714	1.078926	1.374489	0.92167	0.528868	1.5641	0.767404	1.118205	2.016981	1.38485	1.146979	1.228956
1.737319	1.078926	1.374489	0.94074	0.528868	1.609144	0.767404	1.118681	2.016981	1.386248	1.146979	1.228956
1.74137	1.078926	1.411345	0.979113	0.528868	1.636224	0.767404	1.123003	2.016981	1.386248	1.146979	1.228956
1.743262	1.081999	1.483721	1.017486	0.528868	1.636224	0.767404	1.123719	2.016981	1.386248	1.146979	1.228956
1.743262	1.130281	1.495725	1.054829	0.528868	1.636224	0.767404	1.123719	2.016981	1.386248	1.146979	1.273526
1.743262	1.173574	1.495725	1.07386	0.530883	1.636224	0.767404	1.123867	2.016981	1.386248	1.146979	1.309996
1.74425	1.174904	1.495725	1.104036	0.586584	1.636224	0.767404	1.172911	2.016981	1.386248	1.146979	1.310006
1.845644	1.174904	1.495725	1.13565	0.637771	1.638621	0.767404	1.188641	2.016981	1.386248	1.146979	1.372356
2.013936	1.174904	1.495725	1.167265	0.638727	1.645575	0.767404	1.188641	2.016981	1.386248	1.146979	1.481246
2.121163	1.174904	1.495725	1.184663	0.638727	1.739231	0.767404	1.188641	2.016981	1.386248	1.208353	1.498906
2.123014	1.210175	1.495725	1.184705	0.638727	1.856283	0.782001	1.188641	2.016981	1.386248	1.356392	1.501956
2.123014	1.331231	1.495725	1.184705	0.638727	1.878416	0.787772	1.200751	2.016981	1.389494	1.425185	1.503656
2.123014	1.337967	1.508224	1.184705	0.638727	1.878416	0.787772	1.297673	2.016981	1.450209	1.425185	1.503656
2.123014	1.338056	1.536931	1.184705	0.638727	1.878416	0.787772	1.330328	2.33982	1.517712	1.425185	1.503656
2.123381	1.343037	1.536931	1.184705	0.638727	1.878416	0.787772	1.330328	2.558051	1.524533	1.425185	1.503656
2.124672	1.344336	1.536931	1.184705	0.638727	1.878416	0.787772	1.332029	2.558051	1.541026	1.425185	1.503656
2.124762	1.344336	1.538955	1.184705	0.638727	1.878416	0.787772	1.335937	2.558051	1.587393	1.425185	1.503656
2.124762	1.344336	1.651594	1.184705	0.638727	1.878416	0.788801	1.335937	2.558051	1.589577	1.425185	1.503656
2.147187	1.344336	1.827547	1.184705	0.638727	1.878416	0.846725	1.335937	2.558051	1.589577	1.425185	1.503656
2.21997	1.344336	1.915816	1.184705	0.638727	1.878416	0.864508	1.335937	2.558051	1.589577	1.425185	1.503656
2.272024	1.344336	1.915816	1.184705	0.638727	1.878416	0.892966	1.335937	2.558051	1.589577	1.425185	1.503656
2.273859	1.344336	1.915816	1.185556	0.638727	1.879141	0.96752	1.335937	2.558051	1.589577	1.425185	1.503656
2.273859	1.347011	1.915816	1.194854	0.638727	1.936425	0.973012	1.335937	2.558051	1.589577	1.425185	1.505776
2.274792	1.35287	1.915816	1.194937	0.638727	1.981159	0.973012	1.335937	2.56286	1.637172	1.425185	1.555036
2.287911	1.357753	1.915816	1.194937	0.638727	1.981159	0.973012	1.335937	2.591346	1.737277	1.425185	1.622876
2.293706	1.377833	1.915816	1.204591	0.638727	1.981159	0.973012	1.335937	2.60031	1.837412	1.425185	1.647396
2.293706	1.382504	1.915816	1.225741	0.641121	1.981161	0.973012	1.335937	2.60031	1.923923	1.425185	1.647396
2.293706	1.382504	1.915816	1.246913	0.664484	1.996749	0.973012	1.335937	2.60031	1.935378	1.425185	1.647396
2.293706	1.382504	1.915816	1.268085	0.692736	2.025038	0.973165	1.335937	2.60031	1.935422	1.425185	1.647396
2.293706	1.422327	1.915816	1.289256	0.720989	2.030926	0.986583	1.335937	2.60031	1.936448	1.461241	1.658236
2.293706	1.569955	1.915816	1.310428	0.737242	2.030926	0.990311	1.335937	2.60031	1.937138	1.525532	1.705936
2.293706	1.634098	1.915816	1.331599	0.737328	2.030926	0.990311	1.335937	2.60031	1.937138	1.526852	1.716776
2.293706	1.634098	1.915816	1.345854	0.737834	2.030926	0.990311	1.335937	2.60031	1.937138	1.562836	1.716776
2.293706	1.634098	1.915816	1.346243	0.753845	2.030926	1.031434	1.335937	2.60031	1.937138	1.667518	1.716776
2.293706	1.634098	1.915816	1.346243	0.776656	2.039269	1.075218	1.335937	2.60031	1.937138	1.676555	1.738686
2.350958	1.634098	1.915816	1.346243	0.783963	2.063925	1.077397	1.335937	2.60031	1.937138	1.676555	1.841096
2.438513	1.634098	1.915816	1.346243	0.783963	2.070805	1.094098	1.335937	2.60031	1.937138	1.676555	1.927156
2.443195	1.634098	1.915816	1.346243	0.783963	2.070805	1.258325	1.335937	2.60031	1.937138	1.676555	1.933566
2.443195	1.634098	1.915816	1.346243	0.786354	2.070805	1.309378	1.335937	2.60031	1.93808	1.676555	1.933566
2.448577	1.634098	1.915816	1.353607	0.795403	2.070805	1.312397	1.38202	2.60031	1.9557	1.676555	1.933566
2.56289	1.634098	1.915816	1.3754	0.804487	2.072142	1.327863	1.46317	2.60031	1.979447	1.676555	1.933566
2.637615	1.634098	1.968253	1.397573	0.806969	2.078898	1.327863	1.468071	2.60031	2.000806	1.676555	1.933566
2.637615	1.634098	2.068939	1.419746	0.806969	2.084833	1.327863	1.468071	2.60031	2.010939	1.676555	1.933566
2.637615	1.634098	2.086878	1.441919	0.806969	2.093649	1.327863	1.468071	2.60031	2.060449	1.676555	1.933566
2.637615	1.634098	2.086878	1.464092	0.806969	2.093864	1.332288	1.468071	2.60031	2.083983	1.676555	1.933566
2.637615	1.634098	2.086878	1.486265	0.81077	2.110741	1.357102	1.468071	2.603699	2.085347	1.676555	1.933566
2.637615	1.634098	2.086878	1.508438	0.821574	2.135218	1.35856	1.468071	2.697385	2.085372	1.681798	1.933566
2.637615	1.634098	2.086878	1.527555	0.830062	2.135458	1.386331	1.468071	2.794785	2.085372	2.116937	1.933566
2.637615	1.634098	2.086878	1.530057	0.923984	2.135458	1.40771	1.468071	2.799369	2.085372	2.584254	1.933566
2.637615	1.634098	2.086878	1.530057	1.01338	2.135458	1.40771	1.468071	2.799369	2.085372	2.5951	1.933566
2.637615	1.634098	2.086878	1.531659	1.018658	2.135458	1.40771	1.468071	2.799369	2.085372	2.5951	1.933566
2.637615	1.634098	2.086878	1.536436	1.018658	2.135458	1.40771	1.468071	2.799369	2.085372	2.5951	1.933566
2.642707	1.634098	2.086878	1.5413	1.018658	2.135458	1.419014	1.468071	2.799369	2.087481	2.5951	1.933566
2.649101	1.634098	2.086878	1.545363	1.018658	2.135458	1.456997	1.468071	2.799369	2.089126	2.5951	1.933566
2.649101	1.634098	2.086878	1.579535	1.018658	2.135458	1.457854	1.468071	2.799369	2.089126	2.5951	1.933566
2.649101	1.634098	2.086878	1.587656	1.018658	2.135458	1.457854	1.468071	2.799369	2.089126	2.5951	1.933566
2.650897	1.652501	2.086878	1.587656	1.018658	2.135458	1.457854	1.468071	2.799369	2.148989	2.5951	1.933566
2.654598	1.807743	2.086878	1.587656	1.018658	2.135458	1.457854	1.468071	2.799369	2.294631	2.5951	1.933576
2.654598	1.908512	2.086878	1.587656	1.018658	2.135458	1.457854	1.472235	2.799369	2.32466	2.5951	1.961776
2.654598	1.908757	2.086878	1.588217	1.018658	2.135458	1.457854	1.524861	2.799369	2.32466	2.5951	2.015846
2.654598	1.908757	2.086878	1.634745	1.018658	2.135458	1.457854	1.537336	2.821711	2.32466	2.5951	2.047456
2.937835	1.908757	2.088029	1.692021	1.018658	2.135458	1.457854	1.537336	2.881757	2.32466	2.5951	2.047666
3.208156	1.908757	2.134387	1.695467	1.018658	2.135458	1.457854	1.552278	2.918478	2.32466	2.5951	2.047666
3.208156	1.908757	2.201224	1.695467	1.018658	2.135458	1.457854	1.605388	2.951477	2.32466	2.5951	2.047666
3.208773	1.908757	2.219032	1.695467	1.018658	2.135458	1.480275	1.610566	3.059014	2.32466	2.5951	2.047666
3.214649	1.908757	2.219032	1.695467	1.018658	2.151804	1.580258	1.610566	3.062638	2.32466	2.5951	2.047666
3.214649	1.916909	2.219032	1.695467	1.018658	2.193567	1.606647	1.610566	3.062638	2.32466	2.5951	2.047666
3.214649	1.922458	2.219032	1.695467	1.018658	2.234184	1.606647	1.610566	3.062638	2.32466	2.5951	2.047666
3.214649	1.922458	2.219032	1.721359	1.018658	2.245648	1.606647	1.610566	3.062638	2.468682	2.5951	2.047666
3.214649	1.922458	2.219032	1.745945	1.018658	2.245648	1.606647	1.610566	3.062638	2.842309	2.5951	2.047666
3.214707	1.922458	2.219032	1.759257	1.018658	2.245648	1.606647	1.610566	3.062638	2.915439	2.5951	2.047666
3.219557	1.922458	2.219032	1.780429	1.018658	2.245648	1.606647	1.610566	3.062638	2.926731	2.5951	2.047666
3.220718	1.922458	2.219032	1.8016	1.018658	2.245648	1.606647	1.610566	3.062638	2.935253	2.5951	2.047666
3.220718	1.922458	2.219032	1.822772	1.018658	2.245648	1.606647	1.610566	3.062638	2.935253	2.5951	2.068466
3.220718	1.922458	2.219032	1.843943	1.032086	2.245648	1.607788	1.610566	3.062638	2.935369	2.5951	2.130486
3.220718	1.922458	2.220082	1.864214	1.055979	2.245648	1.610581	1.610566	3.062638	2.936743	2.5951	2.144356
3.220718	1.922458	2.311819	1.869526	1.058776	2.245648	1.610843	1.612452	3.062638	2.937792	2.5951	2.144356
3.220718	1.922458	2.413258	1.869526	1.058776	2.245648	1.615919	1.681607	3.062638	2.937805	2.5951	2.144356
3.220718	1.922458	2.416111	1.869526	1.066273	2.245648	1.639855	1.781401	3.062638	2.937805	2.5951	2.144356
3.220718	1.922458	2.416111	1.869526	1.095872	2.245648	1.660828	1.811194	3.062638	2.943562	2.5951	2.144356
3.220718	1.922458	2.416111	1.869526	1.118238	2.245648	1.667285	1.811194	3.063531	2.956552	2.5951	2.144356
3.220718	1.948865	2.416111	1.869526	1.144983	2.245648	1.747547	1.812162	3.067949	2.958725	2.5951	2.144356
3.220718	2.044755	2.416111	1.869526	1.162677	2.245648	1.786225	1.815811	3.067979	2.961838	2.5951	2.144356
3.220718	2.112059	2.416111	1.869526	1.162677	2.245739	1.786225	1.828988	3.067979	2.96271	2.5951	2.148236
3.220718	2.113952	2.416111	1.884785	1.176916	2.283528	1.786225	1.834036	3.067979	2.96271	2.5951	2.222296
3.220718	2.113952	2.416111	1.960929	1.180825	2.352192	1.786225	1.834036	3.067979	2.96271	2.598835	2.302456
3.220718	2.113952	2.416111	2.043398	1.183446	2.3973	1.786225	1.834036	3.067979	2.96271	2.603075	2.311396
3.221231	2.113952	2.416111	2.11733	1.190608	2.398312	1.786225	1.834036	3.067979	2.96271	2.603075	2.341846
3.222647	2.113952	2.420072	2.129578	1.266712	2.399129	1.786225	1.834036	3.067979	2.96271	2.603075	2.374176
3.222706	2.113952	2.529572	2.129579	1.298805	2.400388	1.786225	1.834815	3.067979	2.96271	2.603075	2.377446
3.222706	2.113952	2.67427	2.132819	1.298805	2.400388	1.786225	1.848678	3.067979	2.96271	2.603075	2.377446
3.222706	2.113952	2.703546	2.139114	1.298805	2.400388	1.786225	1.855962	3.067979	2.96516	2.603075	2.377446
3.222706	2.113952	2.703546	2.145408	1.298805	2.400388	1.786225	1.857665	3.067979	3.002278	2.603075	2.377446
3.222706	2.113952	2.703546	2.150767	1.298805	2.400388	1.786225	1.871672	3.067979	3.050629	2.603075	2.377446
3.222706	2.113952	2.703546	2.151419	1.298805	2.400388	1.786225	1.888123	3.067979	3.09898	2.603075	2.377446
3.230417	2.113952	2.703546	2.151419	1.298805	2.400388	1.786225	1.902871	3.067979	3.133291	2.603075	2.377446
3.271286	2.113952	2.703546	2.151419	1.298805	2.400388	1.786225	1.905314	3.067979	3.154751	2.603075	2.386146
3.279951	2.113952	2.703546	2.151419	1.298805	2.412657	1.786225	1.905314	3.067979	3.184506	2.603075	2.469856
3.279951	2.113952	2.703546	2.151419	1.298805	2.477506	1.786225	1.905314	3.067979	3.21426	2.603075	2.543326
3.279951	2.113952	2.703546	2.151419	1.298805	2.501201	1.786225	1.905314	3.067979	3.242345	2.603075	2.546776
3.279951	2.113952	2.703546	2.151419	1.298805	2.501201	1.786225	1.905314	3.067979	3.248925	2.603075	2.546776
3.279951	2.113952	2.703546	2.151419	1.298805	2.501201	1.786225	1.905314	3.067979	3.248925	2.603075	2.546776
3.279951	2.113952	2.703546	2.151419	1.298805	2.501201	1.786225	1.905314	3.073819	3.248925	2.603075	2.546776
3.279951	2.113952	2.703546	2.151419	1.298805	2.501201	1.786225	1.905314	3.082398	3.248925	2.603075	2.546776
3.279951	2.113952	2.703546	2.151419	1.298805	2.501201	1.786225	1.905314	3.082398	3.248925	2.603075	2.546776
3.279951	2.113952	2.703546	2.151419	1.298805	2.501201	1.786225	1.905314	3.082398	3.248925	2.603075	2.546776
3.279951	2.120769	2.703546	2.151419	1.298805	2.501201	1.786225	1.905314	3.082398	3.248925	2.603075	2.549126
3.279951	2.19999	2.703546	2.151419	1.298805	2.501201	1.786225	1.905314	3.082398	3.248925	2.603075	2.558726
3.279951	2.252099	2.703546	2.151419	1.298805	2.501201	1.786225	1.905314	3.082398	3.248925	2.603075	2.562266
3.279951	2.252139	2.703546	2.151419	1.298805	2.501201	1.786225	1.905314	3.082398	3.248925	2.603075	2.562266
3.279951	2.252139	2.703546	2.151419	1.298805	2.501201	1.786237	1.905314	3.082398	3.248925	2.603075	2.562266
3.279951	2.252139	2.703546	2.151419	1.298805	2.501201	1.794741	1.905314	3.082398	3.248925	2.603075	2.562266
3.279951	2.252139	2.703546	2.151419	1.298805	2.501201	1.799235	1.905314	3.082398	3.248925	2.603075	2.562266
3.279951	2.252139	2.703546	2.151419	1.298805	2.501201	1.831205	1.905314	3.082398	3.248925	2.603075	2.562266
3.279951	2.252139	2.703546	2.153169	1.298805	2.566255	1.847348	1.905314	3.092576	3.248925	2.603075	2.562266
3.279951	2.252139	2.703546	2.162799	1.298805	2.861967	1.847348	1.905314	3.151619	3.248925	2.603075	2.562266
3.279951	2.252139	2.703546	2.17187	1.298805	3.092612	1.847348	1.905314	3.160624	3.248925	2.603075	2.562266
3.279951	2.252139	2.703546	2.189574	1.298805	3.103708	1.847348	1.905314	3.160624	3.268327	2.603075	2.562266
3.279951	2.252139	2.703546	2.265376	1.298805	3.103708	1.847348	1.905314	3.160624	3.301043	2.603075	2.562266
3.279951	2.252139	2.703546	2.271885	1.298805	3.103708	1.847348	1.905314	3.160624	3.304583	2.603075	2.562266
3.279951	2.252139	2.703546	2.271885	1.298805	3.103708	1.847348	1.906117	3.160624	3.304583	2.603075	2.562266
3.279951	2.252139	2.703546	2.271885	1.298805	3.103708	1.847348	1.91649	3.160624	3.304583	2.603075	2.562266
3.279951	2.252139	2.703546	2.271885	1.298805	3.103708	1.847348	1.916633	3.160624	3.304583	2.603075	2.571416
3.279951	2.252139	2.703546	2.271885	1.298805	3.103708	1.847348	1.916633	3.160624	3.304583	2.603075	2.620316
3.279951	2.252139	2.703546	2.271885	1.298805	3.103708	1.847348	1.916633	3.160624	3.304583	2.603075	2.667946
3.279951	2.252139	2.703546	2.271885	1.298805	3.103708	1.847348	1.916633	3.160624	3.304583	2.603075	2.675506
3.279951	2.252139	2.703546	2.271885	1.298805	3.103708	1.847348	1.916633	3.160624	3.304583	2.603075	2.675506
3.279951	2.252139	2.703546	2.271885	1.298805	3.103708	1.847348	1.916633	3.160624	3.304583	2.603075	2.675896
3.281418	2.252139	2.703546	2.271885	1.298805	3.103708	1.847348	1.916633	3.160624	3.304583	2.603075	2.711226
3.285558	2.252139	2.703546	2.271885	1.298805	3.103708	1.847348	1.916633	3.160624	3.304583	2.603075	2.769306
3.285558	2.252139	2.703546	2.271885	1.298805	3.103708	1.853678	1.916633	3.160624	3.304583	2.603075	2.820456
3.285558	2.252139	2.703546	2.271885	1.298805	3.103708	1.85618	1.916633	3.160624	3.338602	2.603075	2.828056
3.285558	2.252139	2.703546	2.271885	1.298805	3.103708	1.85618	1.916633	3.160624	3.352274	2.603075	2.828056
3.285558	2.283337	2.703546	2.271885	1.298805	3.103708	1.85618	1.916633	3.161348	3.352274	2.603075	2.828056
3.285558	2.301659	2.703546	2.271885	1.298805	3.103708	1.85618	1.916633	3.181696	3.356779	2.603075	2.828056
3.285558	2.301803	2.703546	2.271885	1.298805	3.103708	1.85618	1.916633	3.193236	3.409134	2.603075	2.828056
3.285558	2.306544	2.703546	2.271885	1.298805	3.103708	1.85618	1.916633	3.193236	3.465376	2.603075	2.828056
3.285558	2.380044	2.703546	2.279053	1.298805	3.103708	1.85618	1.916633	3.193236	3.472735	2.603075	2.828056
3.285558	2.401172	2.703546	2.287717	1.298805	3.103708	1.85618	1.916633	3.193236	3.472735	2.603075	2.828056
3.285558	2.401685	2.73247	2.397494	1.298805	3.103708	1.85618	1.916633	3.193236	3.472735	2.603075	2.828056
3.285558	2.409368	2.748976	2.58153	1.298805	3.103708	1.85618	1.916633	3.193236	3.472735	2.603075	2.828456
3.285558	2.411164	2.748976	2.692405	1.298805	3.103708	1.85618	1.916633	3.193236	3.472735	2.603075	2.854176
3.285558	2.411164	2.748976	2.693484	1.298805	3.103708	1.85618	1.916633	3.193236	3.472735	2.603075	2.895086
3.285558	2.411164	2.748976	2.693484	1.298805	3.103708	1.85618	1.916633	3.193236	3.472735	2.603075	2.936006
3.285558	2.411164	2.748976	2.693484	1.298805	3.103708	1.85618	1.916633	3.193236	3.472735	2.603075	2.976916
3.285558	2.411164	2.748976	2.693484	1.298805	3.103708	1.85618	1.916633	3.193236	3.472735	2.603075	3.007756
3.285558	2.411164	2.748976	2.693484	1.298805	3.103708	1.85618	1.916633	3.193236	3.472735	2.603075	3.009576
3.285558	2.411164	2.748976	2.693484	1.298805	3.103708	1.85978	1.916633	3.193236	3.472735	2.603075	3.009576
3.285558	2.411164	2.748976	2.693484	1.298805	3.103708	1.88697	1.916633	3.193236	3.472735	2.603075	3.009576
3.285558	2.411164	2.750729	2.693484	1.298805	3.103708	1.918441	1.916633	3.193236	3.472735	2.603075	3.009576
3.285558	2.411164	2.832145	2.693484	1.298805	3.103708	1.949845	1.916633	3.193236	3.472735	2.603075	3.009576
3.285558	2.411164	2.87386	2.693484	1.298805	3.103708	1.966969	1.916633	3.193236	3.472735	2.603075	3.009576
3.287391	2.411164	2.87386	2.693484	1.298805	3.439151	2.041797	1.916633	3.193236	3.472735	2.603075	3.009576
3.300622	2.411164	2.87386	2.693484	1.298805	3.717323	2.131631	1.916633	3.197076	3.472735	2.603075	3.009576
3.302468	2.411164	2.87386	2.693484	1.298805	3.717323	2.143812	1.916633	3.238476	3.472735	2.603075	3.009576
3.324894	2.411164	2.87386	2.693484	1.298805	3.717323	2.143812	1.916633	3.284435	3.472735	2.603075	3.009576
3.329591	2.411164	2.87386	2.693484	1.298805	3.717323	2.143812	1.916633	3.292373	3.472735	2.603075	3.009576
3.329591	2.411164	2.87386	2.693484	1.298805	3.717323	2.143812	1.916633	3.292373	3.495198	2.603075	3.009576
3.329591	2.411164	2.87386	2.693484	1.298805	3.717323	2.143812	1.916633	3.292373	3.566013	2.603075	3.009576
3.329591	2.411164	2.87386	2.693484	1.298805	3.717323	2.143812	1.916633	3.292373	3.591851	2.603075	3.009576
3.329591	2.411164	2.87386	2.693484	1.298805	3.717323	2.143812	1.916633	3.292373	3.591851	2.603075	3.009576
3.329591	2.411164	2.87386	2.693484	1.298805	3.717323	2.143812	1.916633	3.292373	3.591851	2.603075	3.009576
3.329591	2.411164	2.87386	2.693484	1.298805	3.717323	2.143812	1.916633	3.292373	3.591851	2.603075	3.009576
3.329591	2.411164	3.047721	2.693484	1.298805	3.717323	2.143812	1.916633	3.292373	3.591851	2.603075	3.009576
3.329591	2.411164	3.370605	2.693484	1.298805	3.717323	2.143812	1.916633	3.292373	3.591851	2.603075	3.009576
3.329591	2.411164	3.370605	2.693484	1.298805	3.717323	2.143812	1.916633	3.292373	3.591851	2.603075	3.009576
3.329591	2.411164	3.370605	2.693484	1.298805	3.717323	2.143812	1.916633	3.292373	3.591851	2.603075	3.009576
3.329591	2.411164	3.370605	2.693484	1.298816	3.717323	2.143812	1.916633	3.292373	3.591851	2.603075	3.009576
3.329591	2.411164	3.370605	2.693484	1.326836	3.717323	2.143812	1.916633	3.292373	3.591851	2.603075	3.009576
3.329591	2.411164	3.370605	2.693484	1.335947	3.717323	2.143812	1.916633	3.292373	3.591851	2.603075	3.009576
3.329591	2.411164	3.370605	2.693484	1.335947	3.717323	2.143812	1.916633	3.292373	3.591851	2.603075	3.009576
3.329591	2.411164	3.370605	2.693484	1.335947	3.717323	2.143812	1.916633	3.292373	3.591851	2.603075	3.009576
3.329591	2.411164	3.370605	2.693484	1.335947	3.717323	2.143812	1.916633	3.292373	3.591851	2.603636	3.009576
3.329591	2.411164	3.370605	2.693484	1.335947	3.717323	2.143812	1.916633	3.292373	3.591851	2.605548	3.009576
3.329591	2.411164	3.370605	2.693484	1.335947	3.717323	2.143812	1.916633	3.292373	3.591851	2.607517	3.009576
3.329591	2.411164	3.370605	2.706804	1.335947	3.717323	2.143812	1.916633	3.292373	3.591851	2.60956	3.009576
3.329591	2.411164	3.370605	2.825872	1.335947	3.717323	2.143812	1.916633	3.292373	3.591851	2.60956	3.009576
3.329591	2.411164	3.370605	2.832696	1.335947	3.717323	2.143812	1.916633	3.292373	3.591851	2.60956	3.009576
3.329591	2.411164	3.370605	2.832696	1.335947	3.717323	2.143812	1.916633	3.292373	3.591851	2.60956	3.009576
3.329591	2.435675	3.370605	2.832696	1.335947	3.717323	2.143812	1.916633	3.292373	3.591851	2.60956	3.009576
3.329591	2.498529	3.370605	2.832696	1.335947	3.717323	2.143812	1.916633	3.292373	3.591851	2.60956	3.009576
3.329591	2.49891	3.370605	2.832696	1.335947	3.717323	2.143887	1.916633	3.292373	3.591851	2.60956	3.009576
3.329591	2.49891	3.370605	2.832696	1.335947	3.717323	2.158539	1.916633	3.292373	3.591851	2.60956	3.009576
3.329591	2.49891	3.370605	2.832696	1.335947	3.717323	2.231742	1.916633	3.292373	3.591851	2.60956	3.009576
3.329591	2.49891	3.370605	2.832696	1.335947	3.734055	2.281883	1.916633	3.292373	3.591851	2.60956	3.009576
3.329591	2.49891	3.370605	2.832696	1.335947	3.770021	2.281952	1.916633	3.292373	3.591851	2.60956	3.009576
3.329591	2.49891	3.370605	2.832696	1.335947	3.770459	2.281952	1.916633	3.292373	3.591851	2.60956	3.009576
3.329591	2.49891	3.370605	2.832696	1.335947	3.770459	2.281952	1.916633	3.292373	3.591851	2.60956	3.009576
3.329591	2.49891	3.370605	2.832696	1.335947	3.770785	2.281952	1.916633	3.292373	3.591851	2.60956	3.009576
3.329591	2.49891	3.370605	2.832696	1.335947	3.781995	2.285185	1.916633	3.320241	3.591851	2.60956	3.009576
3.329591	2.49891	3.370605	2.832696	1.335947	3.786783	2.286263	1.916633	3.395686	3.591851	2.60956	3.009576
3.329591	2.49891	3.370605	2.832696	1.335947	3.787358	2.286263	1.916633	3.438127	3.591851	2.60956	3.009576
3.329591	2.49891	3.370605	2.832696	1.335947	3.787358	2.286263	1.916633	3.438257	3.591851	2.60956	3.009576
3.329591	2.49891	3.370605	2.832696	1.335947	3.787358	2.286263	1.916633	3.438257	3.591851	2.60956	3.009576
3.329591	2.49891	3.370605	2.832696	1.335947	3.787358	2.286263	1.916633	3.438257	3.591851	2.60956	3.009576
3.329591	2.49891	3.370605	2.832696	1.335947	3.787358	2.286263	1.916633	3.438257	3.591851	2.60956	3.009576
3.329591	2.49891	3.370605	2.832696	1.335947	3.787358	2.286263	1.916633	3.438257	3.591851	2.60956	3.009576
3.329591	2.49891	3.377638	2.832696	1.335947	3.787358	2.286263	1.916633	3.438257	3.591851	2.60956	3.009576
3.329591	2.49891	3.452331	2.832696	1.335947	3.787358	2.286263	1.916633	3.438257	3.591851	2.60956	3.037436
3.329591	2.49891	3.495617	2.832696	1.335947	3.787358	2.286263	1.916633	3.438257	3.591851	2.60956	3.140296
3.329591	2.49891	3.495617	2.832696	1.335947	3.787358	2.286263	1.916633	3.438257	3.591851	2.60956	3.208186
3.329591	2.49891	3.495617	2.832696	1.395241	3.787358	2.286263	1.916633	3.438257	3.591851	2.609911	3.209316
3.329591	2.49891	3.495617	2.83386	1.540192	3.787358	2.286263	1.916633	3.438257	3.591851	2.618472	3.209316
3.329591	2.49891	3.495617	2.83572	1.583401	3.787358	2.286263	1.916633	3.438257	3.591851	2.628091	3.209316
3.359511	2.49891	3.495617	2.83572	1.583522	3.787358	2.286263	1.916633	3.438257	3.591851	2.630312	3.209316
3.373377	2.49891	3.495617	2.83572	1.595875	3.787358	2.286263	1.916633	3.438257	3.591851	2.648566	3.209316
3.373377	2.501722	3.495617	2.83572	1.600422	3.787358	2.325248	1.916633	3.438257	3.591851	2.669234	3.209316
3.373377	2.528455	3.495617	2.83572	1.600422	3.787358	2.379202	1.916633	3.438257	3.591851	2.672551	3.209316
3.373377	2.535199	3.495617	2.83572	1.600422	3.787358	2.380719	1.916633	3.438257	3.591851	2.672551	3.209316
3.373377	2.535199	3.495617	2.83572	1.600422	3.787358	2.380719	1.916633	3.440569	3.591851	2.672551	3.209316
3.373377	2.535199	3.495617	2.83572	1.600422	3.787358	2.380719	1.924659	3.518054	3.591851	2.672551	3.209316
3.373377	2.535199	3.495617	2.83572	1.600422	3.787358	2.380719	1.947058	3.63178	3.591851	2.672551	3.209316
3.373377	2.535199	3.495617	2.83572	1.600422	3.787358	2.380719	1.947231	3.723294	3.591851	2.672551	3.209316
3.373377	2.535199	3.495617	2.83572	1.600422	3.787358	2.380719	1.947231	3.73129	3.594797	2.672551	3.209316
3.373377	2.535199	3.495617	2.83572	1.600422	3.787358	2.380719	1.947231	3.73129	3.62202	2.672551	3.209316
3.373377	2.535199	3.495617	2.83572	1.600422	3.787358	2.380719	1.947231	3.73129	3.644243	2.672551	3.209316
3.373377	2.535199	3.495617	2.83572	1.600422	3.787358	2.380719	1.947231	3.73129	3.644905	2.672551	3.209316
3.373377	2.535199	3.495617	2.83572	1.600422	3.787358	2.392967	1.947231	3.73129	3.644905	2.672551	3.209316
3.373377	2.535199	3.495617	2.83572	1.600422	3.787358	2.46105	1.947231	3.73129	3.644905	2.672551	3.209316
3.373377	2.535199	3.495617	2.83572	1.600422	3.787358	2.535292	1.947231	3.73129	3.644905	2.672551	3.209316
3.373377	2.535199	3.495617	2.83572	1.600422	3.787781	2.563119	1.947231	3.73129	3.644905	2.672551	3.209316
3.377536	2.535199	3.501126	2.83572	1.600422	3.788428	2.563119	1.947231	3.73129	3.644905	2.672551	3.209316
3.387712	2.535199	3.514612	2.83572	1.600422	3.788428	2.563119	1.947231	3.73129	3.644905	2.672551	3.209316
3.388212	2.535199	3.514612	2.83572	1.600422	3.788428	2.563119	1.947231	3.73129	3.644905	2.672551	3.209316
3.388212	2.581851	3.514612	2.83572	1.600422	3.788428	2.563119	1.947231	3.73129	3.644905	2.672551	3.209316
3.388212	2.651544	3.514612	2.83572	1.600422	3.788428	2.563119	1.947231	3.73129	3.644905	2.672551	3.209316
3.388212	2.651626	3.514612	2.83572	1.600422	3.788428	2.563119	1.947231	3.73129	3.644905	2.672551	3.209316
3.388212	2.651626	3.514612	2.83572	1.600422	3.788428	2.563119	1.947231	3.731512	3.644905	2.672551	3.209316
3.388212	2.651626	3.514612	2.83572	1.643443	3.788428	2.563119	1.947231	3.735314	3.644905	2.672551	3.209316
3.388212	2.651626	3.514612	2.83572	1.771733	3.788428	2.563119	1.949371	3.736295	3.644905	2.672551	3.209316
3.388212	2.651626	3.514612	2.83572	1.856078	3.788428	2.563119	1.966424	3.736295	3.644905	2.672551	3.209316
3.388212	2.651626	3.514612	2.83572	1.857715	3.788428	2.563119	1.967452	3.757346	3.644905	2.672551	3.209316
3.388212	2.651626	3.514612	2.83572	1.857715	3.788428	2.563119	1.967452	3.876761	3.646869	2.682984	3.209316
3.388212	2.651626	3.514612	2.83572	1.857715	3.788428	2.563119	1.967452	4.00865	3.655917	2.728727	3.209316
3.388212	2.651626	3.514612	2.83572	1.857715	3.788428	2.563119	1.967452	4.073502	3.655995	2.754088	3.308926
3.388212	2.651626	3.514612	2.83572	1.857715	3.788428	2.563119	1.967452	4.073502	3.655995	2.7541	3.580556
3.388212	2.651626	3.514612	2.83572	1.857715	3.788428	2.563119	1.967452	4.073502	3.655995	2.7541	3.798676
3.388212	2.651626	3.514612	2.83572	1.857715	3.788428	2.563119	1.967452	4.073502	3.655995	2.7541	3.816306
3.388212	2.651626	3.514612	2.83572	1.857715	3.788428	2.570171	1.967452	4.073502	3.655995	2.7541	3.816306
3.389981	2.651626	3.524669	2.83572	1.857715	3.788428	2.590596	1.967452	4.073502	3.655995	2.7541	3.816306
3.412578	2.651626	3.569974	2.83572	1.857715	3.788428	2.617415	1.970626	4.073502	3.655995	2.7541	3.816306
3.433875	2.663368	3.602529	2.83572	1.857715	3.788428	2.735003	1.972924	4.073502	3.655995	2.7541	3.816306
3.435037	2.696888	3.603417	2.83572	1.857715	3.788428	2.855528	1.972924	4.073502	3.655995	2.7541	3.816306
3.435037	2.696927	3.603417	2.83572	1.857715	3.788428	2.888993	1.972924	4.073502	3.655995	2.7541	3.816306
3.435037	2.696927	3.603417	2.83572	1.857715	3.788428	2.888993	1.972924	4.073502	3.655995	2.7541	3.816306
3.435037	2.696927	3.603417	2.835862	1.857715	3.788428	2.888993	1.972924	4.073502	3.698373	2.7541	3.816306
3.435037	2.696927	3.603417	2.886574	1.857715	3.788428	2.888993	1.972924	4.073502	3.811441	2.7541	3.816306
3.435037	2.696927	3.603417	2.918866	1.857715	3.788428	2.888993	1.972952	4.073502	3.904701	2.775301	3.816306
3.435037	3.113832	3.603417	2.918866	1.857715	3.788428	2.888993	1.992769	4.073502	3.913601	2.869094	3.816306
3.435037	3.593508	3.603417	2.918866	1.857715	3.788428	2.888993	1.999961	4.073502	3.913601	2.968943	3.816306
3.436791	3.593508	3.603417	2.918866	1.874233	3.788428	2.888993	1.999961	4.073597	3.913601	3.033705	3.816306
3.438158	3.593508	3.603417	2.918866	2.053027	3.788428	2.888993	2.028934	4.076253	3.913601	3.03501	3.816306
3.50687	3.593508	3.603417	2.918866	2.13705	3.788428	2.888993	2.091124	4.076493	3.913601	3.03501	3.816306
3.564992	3.593508	3.603417	2.918866	2.13705	3.788428	2.913605	2.123571	4.088885	3.913601	3.03501	3.816306
3.564992	3.593508	3.603417	2.918866	2.139785	3.806045	2.984203	2.123586	4.20817	3.913601	3.03501	3.816306
3.564992	3.593508	3.603417	2.918866	2.151569	3.883981	3.000853	2.123586	4.352079	3.913601	3.03501	3.816306
3.584465	3.593508	3.603417	2.918866	2.152141	3.966951	3.009083	2.137177	4.483991	3.917601	3.03501	3.816306
3.621337	3.595623	3.603417	2.918866	2.152141	4.031205	3.009123	2.251739	4.50918	3.929971	3.03501	3.816306
3.622213	3.603231	3.603417	2.918866	2.152141	4.035678	3.009123	2.291001	4.50918	3.997121	3.035742	3.816306
3.622213	3.608409	3.603417	2.939571	2.155923	4.035678	3.009123	2.291001	4.50918	4.081241	3.088322	3.816306
3.622213	3.608409	3.62894	3.040571	2.162718	4.035678	3.009123	2.291001	4.50918	4.157991	3.172723	3.816306
3.622213	3.608409	3.715802	3.042701	2.17888	4.035678	3.011923	2.291001	4.50918	4.172221	3.238648	3.816706
3.622213	3.608409	3.780278	3.047586	2.255298	4.035678	3.029653	2.306343	4.50918	4.172221	3.243479	3.820116
3.622213	3.608409	3.783114	3.055848	2.347709	4.035678	3.084843	2.367549	4.50918	4.172221	3.243479	3.820116
3.622332	3.608409	3.783114	3.065959	2.40087	4.038658	3.232473	2.514304	4.50918	4.172221	3.273405	3.820116
3.650404	3.608409	3.783114	3.076823	2.401153	4.069315	3.379163	2.564885	4.50918	4.172321	3.378662	3.820116
3.670796	3.608409	3.783114	3.09685	2.401153	4.082371	3.428363	2.564885	4.50918	4.193971	3.408588	3.865316
3.686247	3.608409	3.783114	3.116877	2.401153	4.185491	3.428363	2.564885	4.50918	4.232031	3.408588	3.989466
3.686247	3.608409	3.783114	3.131689	2.401153	4.237169	3.428363	2.564885	4.50918	4.270081	3.408588	4.077996
3.69304	3.608409	3.783114	3.132465	2.405185	4.237169	3.428363	2.564885	4.50918	4.308131	3.418215	4.081366
3.710775	3.608409	3.783114	3.132784	2.407454	4.237169	3.428363	2.564885	4.50918	4.346181	3.429517	4.081366
3.723332	3.608409	3.783114	3.139279	2.407454	4.252888	3.428363	2.564885	4.50918	4.375221	3.429517	4.081366
3.723798	3.608409	3.783114	3.148149	2.407454	4.31997	3.428463	2.564885	4.50918	4.377071	3.429517	4.081366
3.723798	3.608409	3.783114	3.157018	2.407454	4.322591	3.435563	2.565996	4.510129	4.379651	3.429517	4.081366
3.723798	3.608409	3.783114	3.165887	2.408387	4.322591	3.463153	2.634453	4.588862	4.383981	3.440592	4.081366
3.723798	3.608409	3.783114	3.174325	2.530466	4.322591	3.526363	2.655888	4.717036	4.384331	3.466028	4.081366
3.723798	3.608409	3.783114	3.176878	2.628785	4.322591	3.580793	2.655888	4.830342	4.384331	3.467095	4.081366
3.729025	3.608411	3.783978	3.179009	2.629157	4.322591	3.589173	2.655888	4.847559	4.384331	3.560319	4.081366
3.763422	3.63186	3.79417	3.181292	2.629667	4.369893	3.924313	2.655888	4.847559	4.384331	3.651736	4.081366
3.802331	3.636838	3.806901	3.182423	2.63169	4.487346	4.196963	2.655888	4.847559	4.385621	3.652576	4.085006
3.841241	3.674352	3.819533	3.185742	2.640671	4.538087	4.196963	2.655888	4.847559	4.470171	3.652576	4.140136
3.87303	3.805141	3.824407	3.19032	2.651815	4.657146	4.196963	2.655888	4.847559	4.604641	3.678226	4.211946
3.879487	3.886182	3.824407	3.194444	2.680141	4.666749	4.196963	2.655888	4.847559	4.733771	3.707336	4.280696
3.897029	3.886927	3.824407	3.195149	2.707065	4.666749	4.197003	2.674596	4.847559	4.768461	3.707336	4.298716
3.897903	3.886927	3.824407	3.195149	2.720528	4.666749	4.219733	3.18308	4.848231	4.768461	3.707336	4.298716
3.897903	3.886927	3.824407	3.195149	2.871612	4.666749	4.220633	3.249257	4.856038	4.768461	3.707336	4.298716
3.897903	3.886927	3.824407	3.195149	2.997092	4.666749	4.220633	3.249257	4.863528	4.768461	3.707336	4.298716
3.902726	3.886927	3.824407	3.195149	2.998604	4.666749	4.220633	3.249257	4.864031	4.768461	3.707336	4.298716
3.934467	3.886927	3.828559	3.195149	2.998604	4.666749	4.220633	3.249257	4.864031	4.768461	3.707336	4.298716
3.970373	3.886927	3.890347	3.238172	2.998604	4.666749	4.220633	3.249257	4.919203	4.768461	3.711816	4.305306
3.988504	3.886927	3.970598	3.338454	3.000608	4.676378	4.220633	3.249257	5.364801	4.768461	3.782986	4.309786
3.988505	3.886927	4.044377	3.412101	3.016951	4.696077	4.220633	3.249257	5.396882	4.768581	3.792526	4.309786
3.993613	3.886927	4.058742	3.415721	3.019512	4.696077	4.220633	3.249257	5.396882	4.770821	3.832976	4.309786
4.002187	3.886927	4.058742	3.426439	3.034523	4.696077	4.220633	3.249257	5.396882	4.770831	3.888766	4.338986
4.002355	3.886927	4.058742	3.511386	3.773295	4.696077	4.220633	3.249257	5.396882	4.770831	3.944426	4.380666
4.005867	3.886931	4.058742	3.610521	3.942063	4.723896	4.220633	3.249257	5.396882	4.770831	3.993666	4.381446
4.012422	3.891414	4.058742	3.686848	3.942063	4.831877	4.220633	3.249257	5.396882	4.770831	4.143196	4.381446
4.012488	3.897969	4.058742	3.691976	3.942063	4.944888	4.220633	3.249257	5.396882	4.772671	4.258406	4.402726
4.013124	3.899149	4.058742	3.691976	3.942063	5.023668	4.220633	3.249257	5.396882	4.789261	4.262246	4.486356
4.018332	3.906017	4.058742	3.691976	3.942063	5.026444	4.220633	3.249257	5.396882	4.868501	4.262246	4.517876
4.039051	3.944653	4.058742	3.691976	3.942063	5.026444	4.220633	3.249257	5.396882	4.967781	4.262246	4.517876
4.045748	4.126746	4.058742	3.691976	3.942063	5.026444	4.220633	3.249257	5.396882	5.064901	4.262246	4.517876
4.045748	4.168028	4.058742	3.691976	3.942063	5.026444	4.220633	3.249257	5.396882	5.096011	4.262246	4.517876
4.045748	4.168028	4.058742	3.691976	3.942063	5.026444	4.220633	3.249257	5.396882	5.096011	4.262246	4.517876
4.047722	4.168028	4.058742	3.691976	3.942063	5.026444	4.220633	3.249257	5.396882	5.096011	4.262246	4.517876
4.048351	4.168028	4.058742	3.701597	3.942063	5.026444	4.220633	3.249257	5.407156	5.096011	4.262246	4.517876
4.048351	4.168028	4.058881	3.73388	3.942063	5.026444	4.220633	3.249257	5.432487	5.096011	4.262246	4.517876
4.048351	4.168028	4.074922	3.734094	3.942063	5.026444	4.220633	3.249257	5.444923	5.096011	4.262246	4.543786
4.048351	4.168028	4.088235	3.750329	3.942063	5.026444	4.220633	3.249257	5.444923	5.096011	4.262246	4.627046
4.048351	4.170021	4.088235	3.791808	3.942063	5.05129	4.220633	3.249257	5.444923	5.096011	4.262246	4.664446
4.048351	4.172989	4.088235	3.829924	3.942063	5.132826	4.220633	3.249257	5.444923	5.096011	4.262246	4.664446
4.048351	4.172989	4.088235	3.83699	3.942063	5.139898	4.222633	3.249257	5.444923	5.096011	4.262246	4.664446
4.057231	4.172989	4.088235	3.83699	3.942063	5.139898	4.224853	3.251057	5.444923	5.096011	4.262246	4.664446
4.062752	4.172989	4.088235	3.83699	3.942063	5.139898	4.243533	3.254575	5.444923	5.096011	4.262246	4.664446
4.062752	4.172989	4.094974	3.83699	3.942063	5.139898	4.264813	3.254575	5.444923	5.463321	4.262246	4.664446
4.062752	4.172989	4.11242	3.83699	3.942063	5.165343	4.270733	3.254575	5.444923	5.606171	4.262246	4.664446
4.062752	4.172989	4.119159	3.83699	3.942063	5.241221	4.275643	3.254575	5.444923	5.607541	4.269396	4.664446
4.062752	4.173032	4.119159	3.83699	3.954706	5.288218	4.315243	3.263172	5.444923	5.609821	4.365316	4.664446
4.077413	4.204332	4.119159	3.83699	4.003547	5.288728	4.318473	3.284935	5.444923	5.612111	4.453786	4.664446
4.09007	4.255324	4.119159	3.83699	4.0056	5.288728	4.319033	3.284971	5.444923	5.614401	4.457766	4.693136
4.09007	4.262651	4.119159	3.836997	4.0056	5.292925	4.338753	3.284971	5.444923	5.616491	4.457766	4.757856
4.09007	4.262651	4.119159	3.941412	4.0056	5.32124	4.343893	3.311323	5.444923	5.616881	4.457766	4.767346
4.09007	4.262651	4.119159	4.094326	4.0056	5.322355	4.343893	3.388189	5.444923	5.616881	4.457766	4.767346
4.09007	4.262651	4.119159	4.102668	4.0056	5.322355	4.343893	3.39619	5.444923	5.616881	4.457766	4.767346
4.09007	4.262651	4.119159	4.102668	4.0056	5.322355	4.343893	3.39619	5.444923	5.616881	4.457766	4.768226
4.09007	4.262651	4.119159	4.102668	4.0056	5.322355	4.343893	3.39619	5.444923	5.616881	4.457766	4.805186
4.09007	4.262651	4.119159	4.102668	4.0056	5.322355	4.343893	3.39619	5.444923	5.616881	4.457766	4.860976
4.090166	4.262651	4.119159	4.102668	4.0056	5.322355	4.344213	3.39619	5.444923	5.616881	4.457766	4.893076
4.127729	4.262651	4.119159	4.102668	4.0056	5.322355	4.364023	3.39619	5.444923	5.616881	4.457766	4.893246
4.141437	4.262651	4.119159	4.102668	4.0056	5.322355	4.371583	3.39619	5.444923	5.616881	4.457766	4.893246
4.141437	4.262651	4.119159	4.102668	4.0056	5.325381	4.371583	3.39619	5.444923	5.616881	4.457766	4.893246
4.141437	4.262651	4.119159	4.106717	4.0056	5.402893	4.371583	3.39619	5.455582	5.616881	4.457766	4.893246
4.145056	4.262651	4.119159	4.112084	4.0056	5.491297	4.371583	3.39619	5.547839	5.616881	4.457766	4.893246
4.145989	4.276707	4.119159	4.112084	4.005758	5.499139	4.371583	3.39619	5.634631	5.616881	4.457766	4.893246
4.145989	4.326111	4.119159	4.18749	4.010767	5.499139	4.375573	3.39619	5.641647	5.616881	4.457766	4.893246
4.150843	4.335097	4.119208	4.332274	4.015249	5.499139	4.395443	3.39619	5.641647	5.616881	4.458526	4.893246
4.269273	4.335097	4.154814	4.339174	4.017364	5.499139	4.397403	3.39619	5.641647	5.617031	4.516006	4.893246
4.435498	4.335097	4.221047	4.339174	4.035437	5.528524	4.397403	3.39619	5.641647	5.626611	4.608706	4.893246
4.565337	4.335097	4.266349	4.339174	4.056829	5.551301	4.397403	3.39619	5.641647	5.641771	4.666186	4.893656
4.574851	4.33808	4.267741	4.339174	4.065943	5.551301	4.397403	3.39619	5.641647	5.656931	4.666956	4.905346
4.574851	4.35798	4.267741	4.339174	4.065943	5.551301	4.397403	3.39619	5.641647	5.672101	4.666956	4.912266
4.574851	4.358157	4.267741	4.339174	4.065943	5.551301	4.397403	3.39619	5.641647	5.687261	4.667416	4.912266
4.574851	4.358157	4.267741	4.339174	4.065943	5.551301	4.397403	3.400136	5.641647	5.702421	4.670466	4.912266
4.574851	4.358157	4.267741	4.352833	4.066208	5.551301	4.397403	3.402842	5.641647	5.717181	4.685486	4.912266
4.574851	4.358157	4.267741	4.402432	4.067954	5.551301	4.397403	3.402842	5.641647	5.725361	4.747816	4.912266
4.574851	4.358157	4.267741	4.45393	4.067954	5.551301	4.397403	3.402842	5.641647	5.753291	4.813626	4.912266
4.574851	4.358157	4.267741	4.503434	4.067954	5.551301	4.397403	3.417216	5.641647	5.779371	4.879426	4.912266
4.574851	4.358157	4.267741	4.525282	4.067954	5.554521	4.398983	3.508143	5.641647	5.781681	4.942746	4.912266
4.574851	4.358157	4.267741	4.628027	4.067954	5.618637	4.400083	3.537308	5.641647	5.781681	4.960036	4.912266
4.581462	4.358157	4.267741	4.704901	4.067954	5.690968	4.405283	3.537308	5.641647	5.781681	4.960036	4.912266
4.631391	4.358157	4.267741	4.743477	4.067954	5.698482	4.436373	3.537308	5.641647	5.781681	4.960036	4.912266
4.663922	4.358157	4.267741	4.760384	4.067954	5.712086	4.466573	3.537308	5.641647	5.781681	4.960036	4.912266
4.664044	4.358157	4.267741	4.765553	4.067954	5.785273	4.480073	3.537308	5.641647	5.782961	4.960036	4.912266
4.664044	4.358157	4.267741	4.767079	4.067954	5.809212	4.552593	3.537308	5.641647	5.783301	4.960036	4.912266
4.664044	4.358157	4.267741	4.767079	4.067954	5.809369	4.570173	3.537308	5.642368	5.785901	4.960036	4.912266
4.671016	4.358157	4.267741	4.767079	4.067954	5.812398	4.585063	3.537308	5.674507	5.800591	4.960036	4.912266
4.702631	4.358157	4.267741	4.767079	4.067954	5.812401	4.588323	3.537308	5.715714	5.807221	4.960036	4.912266
4.703206	4.358157	4.267741	4.767079	4.067954	5.812401	4.593803	3.537308	5.720414	5.807221	4.960036	4.912266
4.703206	4.358157	4.267741	4.767079	4.067954	5.812401	4.596693	3.537308	5.720414	5.807221	4.960036	4.912266
4.703206	4.358157	4.267741	4.767079	4.067954	5.812401	4.630053	3.537308	5.720414	5.807221	4.960036	4.912266
4.703206	4.358157	4.267741	4.767149	4.067954	5.812401	4.681153	3.537308	5.720414	5.808031	4.960036	4.912266
4.703206	4.358157	4.267741	4.810394	4.067954	5.812401	4.703533	3.78587	5.720414	5.811301	4.960036	4.912266
4.703206	4.358157	4.267741	4.889831	4.067954	5.812401	4.703533	4.234034	5.720414	5.814731	4.991316	4.912266
4.703206	4.358157	4.267741	4.921146	4.067954	5.830889	4.703533	4.235796	5.720414	5.818151	5.053406	4.912266
4.703206	4.358157	4.267741	4.921146	4.067954	5.946015	4.703533	4.235796	5.720414	5.820551	5.058706	4.912266
4.703206	4.358157	4.267741	4.921146	4.067954	5.98858	4.703533	4.235796	5.720414	5.837431	5.058706	4.912266
4.714188	4.358157	4.267741	4.921146	4.067954	5.98858	4.703533	4.235796	5.720414	5.857151	5.058706	4.912266
4.735665	4.358157	4.267741	4.921146	4.067954	5.98858	4.703533	4.235796	5.720414	5.867961	5.058706	4.912266
4.735665	4.358301	4.267741	4.921146	4.067954	5.98858	4.703533	4.235796	5.720414	5.896601	5.058706	4.912266
4.735665	4.400821	4.267741	4.921146	4.067954	5.98858	4.703533	4.235796	5.720414	5.907581	5.058806	4.912266
4.735665	4.456077	4.267741	4.921146	4.067954	5.98858	4.703533	4.235796	5.720414	5.907581	5.065446	4.912266
4.735665	4.458677	4.267741	4.921146	4.067954	5.98858	4.703533	4.235796	5.720414	5.907581	5.104976	4.921416
4.735665	4.458677	4.267741	4.922819	4.067954	5.990437	4.703533	4.235796	5.720414	5.907581	5.188896	4.954766
4.735665	4.458677	4.267741	5.019734	4.067954	6.007916	4.703803	4.235796	5.758736	5.919491	5.206466	4.966066
4.759797	4.458677	4.267741	5.158913	4.067954	6.009703	4.709813	4.235796	5.81755	5.966901	5.209456	4.966436
4.814553	4.458677	4.267741	5.201413	4.067954	6.012618	4.718023	4.235796	5.821502	6.007271	5.209646	5.009446
4.825902	4.458677	4.296508	5.279748	4.067954	6.062008	4.747153	4.235796	5.821502	6.012961	5.209646	5.068346
4.825902	4.458677	4.357424	5.301757	4.067954	6.127526	4.773543	4.235796	5.821502	6.014731	5.209646	5.073976
4.825902	4.458677	4.418364	5.301757	4.067954	6.185651	4.776993	4.235796	5.821502	6.014731	5.209646	5.083366
4.825902	4.458677	4.45132	5.301757	4.068909	6.19468	4.776993	4.235796	5.821502	6.014731	5.225636	5.095486
4.825902	4.458677	4.451373	5.301757	4.088918	6.19468	4.786153	4.235796	5.821502	6.014731	5.306816	5.095486
4.825902	4.458677	4.451373	5.301757	4.102599	6.19468	4.831043	4.235796	5.821502	6.014731	5.322806	5.095486
4.825902	4.458677	4.451373	5.301757	4.115291	6.19468	4.847613	4.235796	5.821502	6.014731	5.323156	5.120216
4.825902	4.458677	4.451373	5.301757	4.115291	6.19468	4.847613	4.235796	5.821502	6.014731	5.325726	5.195666
4.825902	4.458677	4.451373	5.301757	4.115291	6.19468	4.847613	4.235796	5.821502	6.014731	5.325856	5.272526
4.825902	4.458677	4.451373	5.301757	4.115291	6.19468	4.847613	4.235796	5.821502	6.014731	5.325856	5.307136
4.825902	4.458677	4.451373	5.301757	4.115291	6.19468	4.847613	4.235796	5.821502	6.014731	5.325856	5.307136
4.825902	4.458677	4.451373	5.301757	4.115291	6.19468	4.847613	4.235796	5.821502	6.014731	5.325856	5.307136
4.825902	4.458677	4.451373	5.301757	4.115291	6.19468	4.847613	4.235796	5.821502	6.014731	5.325856	5.307136
4.830831	4.458677	4.451373	5.301757	4.115291	6.203443	4.861113	4.235796	5.821502	6.014731	5.325856	5.307136
4.89589	4.458677	4.451373	5.301757	4.115291	6.261108	4.879633	4.235796	5.821502	6.014791	5.325856	5.307136
4.978716	4.458677	4.451373	5.301757	4.115291	6.293615	4.879633	4.235796	5.821502	6.020621	5.325856	5.307136
5.061543	4.458677	4.451373	5.301757	4.115291	6.293615	4.879633	4.235796	5.821502	6.029121	5.325856	5.307136
