HLF+/+ ND				HLF+/- ND				HLF+/+ HFD				HLF+/- HFD			
0.010635	0.010827	0.023577	0.017896	0.01395	0.014952	0.020165	0.017255	0.016046664	0.015952772	0.017313842	0.016037017	0.02292243	0.014732933	0.017026504	0.019869619
0.010815	0.010714	0.021133	0.016771	0.013074	0.017873	0.020391	0.014783	0.016197785	0.017061888	0.015073433	0.014102904	0.016392918	0.015581326	0.018940608	0.025231384
0.010335	0.010933	0.020521	0.015352	0.011967	0.016576	0.02295	0.012011	0.013289698	0.01572507	0.012577541	0.010966741	0.018915325	0.017287654	0.017611254	0.024201579
0.011225	0.012031	0.018703	0.01558	0.012145	0.014465	0.019192	0.011056	0.010543118	0.014750175	0.011468326	0.01219282	0.018620821	0.014390834	0.016441668	0.020759753
0.009869	0.010829	0.01687	0.01559	0.012153	0.01173	0.022268	0.014537	0.009873404	0.014460823	0.01270194	0.011568225	0.015716082	0.013546847	0.016583694	0.023645557
0.017596	0.01148	0.021256	0.019716	0.015369	0.013245	0.020417	0.016789	0.010155887	0.016494066	0.013599677	0.011985397	0.014124924	0.013389611	0.014324694	0.025064491
0.018905	0.013118	0.018211	0.018076	0.014091	0.012048	0.017311	0.011404	0.010958176	0.013196882	0.012418276	0.010267807	0.014308068	0.014287114	0.017128539	0.023431132
0.0207	0.016146	0.017638	0.015294	0.011922	0.010884	0.016746	0.012304	0.010382031	0.014225823	0.012602002	0.011635127	0.013695631	0.013429486	0.018108384	0.022266993
0.020468	0.015418	0.017265	0.015423	0.012023	0.011807	0.012505	0.015289	0.009857115	0.012812609	0.010612621	0.011761448	0.010950242	0.013563136	0.015332595	0.021333673
0.019947	0.017303	0.016513	0.013501	0.010524	0.01171	0.012668	0.014985	0.012138583	0.013035727	0.010362932	0.010530224	0.011124958	0.012457762	0.015543759	0.021465357
0.014744	0.015922	0.018961	0.019605	0.015283	0.011939	0.011321	0.014018	0.011190543	0.012308493	0.011073442	0.009683786	0.013379902	0.013597365	0.015467552	0.020551946
0.016312	0.018237	0.022829	0.015626	0.012181	0.012146	0.011518	0.017492	0.015527824	0.013378022	0.013453371	0.008833743	0.011128973	0.014010065	0.016837547	0.01837991
0.013909	0.01591	0.022473	0.015422	0.012022	0.010874	0.01109	0.022319	0.01292436	0.0123832	0.010672272	0.012034621	0.012426055	0.014385512	0.014834664	0.016934672
0.011741	0.014368	0.019321	0.01532	0.011942	0.010845	0.011659	0.021905	0.011563289	0.01189413	0.010483984	0.011526672	0.011000326	0.012868907	0.016409198	0.017416013
0.010155	0.014918	0.01917	0.014816	0.01155	0.01095	0.012787	0.018991	0.010518827	0.010933613	0.01093875	0.010971224	0.011760828	0.011717987	0.013226716	0.017537674
0.010109	0.013374	0.021164	0.01476	0.011506	0.011184	0.011827	0.023176	0.010266168	0.010730768	0.011615729	0.010853937	0.010894204	0.012510618	0.013384341	0.025776546
0.009183	0.010515	0.017692	0.016232	0.012653	0.011159	0.011052	0.017848	0.009992719	0.010291803	0.011199733	0.012962901	0.013113995	0.013455542	0.013743259	0.024301898
0.010293	0.00985	0.021976	0.016014	0.012483	0.011278	0.011718	0.02094	0.010463094	0.01038235	0.011121934	0.012236669	0.014379307	0.01450324	0.014001203	0.022175324
0.01033	0.012008	0.023718	0.016188	0.012619	0.010978	0.011068	0.021334	0.009988808	0.012082216	0.014508786	0.011382417	0.015953299	0.013726065	0.013359491	0.021555614
0.010489	0.010422	0.025135	0.015664	0.012211	0.013742	0.011808	0.01274	0.010191226	0.01314701	0.015918297	0.011766723	0.020335008	0.015463015	0.013192116	0.021297269
0.012636	0.010493	0.022548	0.015515	0.012094	0.011845	0.012599	0.015831	0.009745008	0.010262126	0.013809493	0.011591317	0.015620397	0.016770678	0.014132659	0.019965657
0.012628	0.01397	0.021003	0.020001	0.015591	0.011386	0.012144	0.018036	0.010183451	0.010369482	0.011154739	0.011020615	0.012893403	0.018929382	0.013208491	0.020697731
0.014702	0.01189	0.020348	0.01965	0.015318	0.016376	0.011466	0.01035	0.009773094	0.010563098	0.008824067	0.011833834	0.011840828	0.015705361	0.01269369	0.020118245
0.013927	0.010525	0.017039	0.018215	0.014199	0.017007	0.011455	0.011391	0.013265549	0.011026481	0.010169491	0.011595902	0.010997371	0.014797775	0.012879741	0.025048849
0.012849	0.011411	0.018979	0.012919	0.010071	0.012134	0.013639	0.011693	0.013999871	0.010510145	0.010414633	0.012684219	0.013166405	0.015695443	0.013772987	0.0214951
0.012659	0.011036	0.01936	0.015886	0.012384	0.011412	0.013809	0.011796	0.011554402	0.010473709	0.009613344	0.012255388	0.012604594	0.015999387	0.016079142	0.021102136
0.015238	0.011084	0.016534	0.019234	0.014993	0.0125	0.014882	0.014797	0.010959089	0.011089759	0.010753534	0.011902707	0.01021375	0.01558146	0.013152203	0.021107721
0.02138	0.011057	0.018986	0.021223	0.016544	0.014519	0.014372	0.013632	0.010907698	0.012940326	0.009128608	0.010304255	0.012566836	0.014940639	0.013219802	0.02013706
0.021342	0.010616	0.019378	0.01486	0.011584	0.01136	0.011841	0.013038	0.010740885	0.012464881	0.010747225	0.009210318	0.011265618	0.012923611	0.012375086	0.020435918
0.015821	0.010403	0.019933	0.013988	0.010904	0.008516	0.011307	0.013326	0.010021472	0.013177167	0.010362269	0.009821787	0.010261572	0.012264043	0.012244358	0.019561755
0.013491	0.012796	0.019973	0.016397	0.012782	0.010546	0.011941	0.012146	0.009906491	0.012287022	0.010376543	0.010800164	0.013204652	0.013002302	0.012148716	0.01930676
0.01713	0.013862	0.019979	0.015883	0.012381	0.012034	0.011984	0.013005	0.00961747	0.012013738	0.012133629	0.012337789	0.009843262	0.012803987	0.012526233	0.018520309
0.01844	0.010206	0.018699	0.018509	0.014428	0.011518	0.013451	0.01324	0.009735911	0.010248572	0.013533229	0.010778758	0.008408216	0.012029581	0.013636668	0.018289691
0.016107	0.009829	0.019283	0.016578	0.012923	0.010905	0.013623	0.011564	0.010152659	0.010513572	0.013303125	0.008903462	0.01179478	0.017931244	0.01271975	0.017604101
0.012433	0.011053	0.020423	0.015431	0.012029	0.010697	0.011939	0.018656	0.010488205	0.011857432	0.009061795	0.008971581	0.010738546	0.0145707	0.014223659	0.01779656
0.010309	0.012046	0.020054	0.01584	0.012347	0.010139	0.012096	0.0187	0.009893278	0.011892391	0.008959499	0.010926781	0.010326971	0.013716946	0.014630082	0.0227698
0.010475	0.010625	0.021306	0.015479	0.012066	0.010736	0.013142	0.01863	0.009669625	0.009915317	0.010248691	0.010544933	0.011315254	0.012758518	0.013009392	0.019294087
0.011541	0.010055	0.022486	0.015886	0.012384	0.010861	0.012049	0.022084	0.009679528	0.010348176	0.011282091	0.01016917	0.011169845	0.012348346	0.01310669	0.017639781
0.011389	0.010172	0.021494	0.021793	0.016989	0.011979	0.013487	0.020309	0.009923588	0.010396789	0.011910515	0.011577747	0.011198065	0.011234557	0.012209603	0.017308468
0.011325	0.011276	0.021586	0.015103	0.011773	0.010998	0.014007	0.011925	0.009904871	0.011854506	0.01063697	0.013268253	0.010879458	0.011501849	0.011943125	0.016632293
0.012172	0.011173	0.020441	0.018407	0.014349	0.013245	0.01535	0.014712	0.009445499	0.011884945	0.01042585	0.011725073	0.012478953	0.012763322	0.012270345	0.019686637
0.01076	0.011421	0.02212	0.01732	0.013502	0.011173	0.016596	0.022076	0.009624764	0.012044846	0.010660735	0.012248053	0.016386102	0.012826894	0.012219961	0.021381299
0.010587	0.011305	0.017666	0.015332	0.011952	0.011073	0.021112	0.01955	0.009574297	0.010582179	0.010437076	0.0134292	0.014265173	0.012008635	0.01270947	0.016506432
0.010806	0.011666	0.014943	0.014753	0.011501	0.010668	0.016859	0.01568	0.013428701	0.011186832	0.008916623	0.011739497	0.014203225	0.012211581	0.014020103	0.01591069
0.013052	0.013916	0.020643	0.019168	0.014942	0.009355	0.022605	0.019284	0.010749638	0.010792728	0.009605447	0.013462308	0.012405833	0.018115624	0.012284522	0.017619572
0.013547	0.014789	0.023671	0.020053	0.015632	0.012276	0.017854	0.015314	0.010301929	0.011112906	0.010364719	0.010360076	0.012845103	0.015802341	0.012231487	0.023367336
0.012919	0.01209	0.022476	0.015455	0.012048	0.01411	0.011875	0.011984	0.01036522	0.011567496	0.009492536	0.012227317	0.010725746	0.016590812	0.012884625	0.021481637
0.014738	0.011666	0.021707	0.015634	0.012187	0.016182	0.016904	0.010601	0.010542113	0.012181053	0.009903966	0.010778343	0.01152382	0.016065827	0.011730362	0.017715428
0.014862	0.012496	0.022316	0.018772	0.014633	0.01655	0.016011	0.010684	0.011023278	0.010822432	0.009141996	0.010777922	0.011831834	0.016690458	0.012476491	0.019288949
0.020645	0.01086	0.020132	0.015839	0.012347	0.012727	0.013095	0.011193	0.009648417	0.00885338	0.012151759	0.012176224	0.013081821	0.01705521	0.012363297	0.023216679
0.015512	0.01116	0.01799	0.015666	0.012212	0.01185	0.011964	0.012095	0.010042294	0.008621169	0.012048267	0.009110787	0.009839509	0.01689051	0.012436841	0.017446637
0.018298	0.012044	0.014932	0.014945	0.01165	0.011152	0.010986	0.012428	0.009851136	0.011085503	0.012256759	0.010422541	0.01038341	0.016716371	0.012544349	0.017429924
0.012853	0.010871	0.013524	0.016423	0.012802	0.013251	0.010928	0.013671	0.010086819	0.010007781	0.01043101	0.013259155	0.012834763	0.019147425	0.013276909	0.016817031
0.013617	0.010895	0.014703	0.017145	0.013365	0.011934	0.01141	0.016515	0.00941611	0.010742586	0.009215586	0.010457174	0.0122941	0.01513384	0.013282634	0.016826066
0.014	0.010726	0.015935	0.018232	0.014213	0.011938	0.010219	0.013688	0.009394493	0.011804456	0.009568184	0.009262601	0.011853891	0.014530769	0.011578095	0.016208735
0.010307	0.010401	0.017271	0.016971	0.013229	0.011463	0.011708	0.014285	0.009630664	0.009753444	0.009439467	0.011967768	0.012079751	0.015172346	0.011178547	0.017887983
0.014077	0.011217	0.016553	0.014777	0.011519	0.011154	0.011256	0.015031	0.010214785	0.012990081	0.009603717	0.010357126	0.012404382	0.013266078	0.011087935	0.018824505
0.017891	0.011486	0.016187	0.017508	0.013648	0.011547	0.012576	0.013937	0.00994415	0.010891908	0.00935473	0.012115003	0.015410727	0.01440838	0.011888289	0.016652402
0.011399	0.010883	0.018398	0.014767	0.011512	0.011537	0.014653	0.012428	0.009393785	0.011795477	0.010103226	0.012209455	0.011276496	0.01753365	0.012722267	0.015072317
0.009969	0.010141	0.014428	0.018766	0.014629	0.011533	0.013785	0.013958	0.010822423	0.010094983	0.010434514	0.01045076	0.009866372	0.016080799	0.013551522	0.017057198
0.011059	0.009701	0.020637	0.018032	0.014056	0.011889	0.014815	0.012523	0.012468084	0.009311856	0.009888469	0.014499797	0.008889677	0.011740117	0.01496875	0.014639282
0.01082	0.011052	0.020461	0.015652	0.012201	0.011301	0.015469	0.011682	0.011431808	0.01454909	0.012658839	0.007939225	0.010681999	0.012442393	0.017212853	0.015793654
0.012034	0.010914	0.022774	0.019437	0.015152	0.012642	0.014764	0.012778	0.012777499	0.011721707	0.012561919	0.010393174	0.010394705	0.013118462	0.013223884	0.020496936
0.014657	0.011274	0.024238	0.018855	0.014698	0.012722	0.013914	0.013665	0.013673131	0.010763749	0.009539067	0.011727093	0.012827216	0.013060095	0.013177513	0.019125747
0.017967	0.014924	0.021985	0.010726	0.008361	0.011157	0.013705	0.012191	0.011823352	0.0110095	0.009129713	0.010399788	0.01232246	0.015793737	0.013541961	0.019534144
0.019058	0.014714	0.019631	0.017702	0.013799	0.011593	0.010432	0.013584	0.011845105	0.011448787	0.009827675	0.0105694	0.010276005	0.018296881	0.015459297	0.019298297
0.016134	0.013998	0.020163	0.017912	0.013963	0.012566	0.013103	0.013886	0.01063095	0.011240436	0.010397168	0.011461478	0.011777758	0.014689374	0.017158866	0.018431294
0.016183	0.015904	0.019735	0.015163	0.01182	0.010933	0.015279	0.019022	0.010584079	0.01081646	0.00998582	0.010559812	0.010762753	0.01841187	0.018341112	0.017590238
0.016959	0.013645	0.023048	0.013411	0.010454	0.013524	0.012078	0.020996	0.012362475	0.011479389	0.012205563	0.011429558	0.013333955	0.015978713	0.018060259	0.018623925
0.013144	0.015961	0.02146	0.014117	0.011005	0.011445	0.01303	0.018709	0.013839186	0.011864218	0.010481336	0.011267692	0.01690825	0.013010648	0.015438642	0.018942812
0.009981	0.015152	0.017934	0.020232	0.015771	0.009657	0.013277	0.020148	0.012226963	0.012695748	0.010245806	0.011941717	0.013382949	0.012860855	0.015273948	0.022975476
0.009854	0.011219	0.018631	0.017007	0.013257	0.010767	0.016844	0.021448	0.010266289	0.010356315	0.009743851	0.007686363	0.017303477	0.01578441	0.016256797	0.018888121
0.012073	0.013169	0.022483	0.013093	0.010206	0.010468	0.017375	0.016317	0.010579735	0.009669471	0.010664212	0.009820554	0.016574116	0.018012549	0.015761927	0.016624377
0.010897	0.010398	0.016476	0.019235	0.014994	0.013229	0.016382	0.013916	0.012082703	0.012372728	0.010406795	0.010044246	0.014818297	0.017629438	0.015550737	0.018649662
0.014904	0.010298	0.016908	0.016791	0.013089	0.012522	0.013244	0.012871	0.008492677	0.011885692	0.011170358	0.012144833	0.01621239	0.017067235	0.014038677	0.02252196
0.009993	0.011223	0.027207	0.013871	0.010813	0.013114	0.011946	0.013293	0.010293462	0.011193336	0.011996431	0.01289825	0.014223992	0.015134907	0.013024194	0.020343839
0.010515	0.011599	0.023696	0.012591	0.009815	0.014138	0.012054	0.013959	0.009868307	0.009909188	0.009984405	0.011997765	0.013233682	0.016181214	0.012095224	0.017408092
0.011613	0.011827	0.022037	0.014132	0.011016	0.011747	0.012876	0.013133	0.010231024	0.011392661	0.010631146	0.012145957	0.014427812	0.013081801	0.010894336	0.014893487
0.012462	0.01145	0.019536	0.016518	0.012876	0.010941	0.01287	0.013619	0.010256215	0.011373461	0.009635696	0.012395321	0.016000155	0.011487274	0.011153224	0.019027607
0.011785	0.011543	0.019162	0.015695	0.012235	0.011162	0.013464	0.015355	0.008546675	0.012108438	0.010314849	0.012368365	0.012535544	0.014216946	0.010737319	0.016888402
0.013306	0.012354	0.017426	0.016703	0.013021	0.011294	0.013322	0.013238	0.009608307	0.011778967	0.010618335	0.012558807	0.012179354	0.013942773	0.012607862	0.016640333
0.011053	0.011125	0.021257	0.018636	0.014527	0.010159	0.012498	0.011882	0.012271514	0.014528874	0.011954496	0.013340545	0.012040852	0.015520678	0.012771272	0.016429443
0.010025	0.014049	0.020363	0.017102	0.013332	0.010346	0.013355	0.013421	0.010683108	0.013680442	0.013127669	0.012992947	0.012280781	0.014330829	0.012509017	0.019136299
0.011293	0.014277	0.020662	0.016797	0.013094	0.010445	0.013754	0.013244	0.010804976	0.013709346	0.009204929	0.013457141	0.012223807	0.015519706	0.011633707	0.01724647
0.011419	0.014178	0.018318	0.017234	0.013434	0.010981	0.01316	0.019256	0.010902449	0.013291161	0.011690427	0.009680942	0.011822299	0.01369765	0.012435418	0.019574049
0.01421	0.010286	0.020389	0.014582	0.011367	0.012869	0.013097	0.017141	0.011335627	0.014198773	0.010608617	0.01114543	0.012719189	0.014290808	0.013234237	0.017950347
0.013763	0.010665	0.021787	0.015101	0.011772	0.011291	0.015085	0.019783	0.013226323	0.013359072	0.0098916	0.011054343	0.010754732	0.013870268	0.013936379	0.018247084
0.018648	0.012118	0.021093	0.014193	0.011064	0.00996	0.013632	0.022973	0.015446727	0.010868444	0.014037921	0.012896345	0.012381447	0.01637178	0.013833185	0.021846132
0.018579	0.012048	0.021915	0.014527	0.011324	0.010493	0.013468	0.02303	0.013053911	0.011769936	0.012152636	0.01152083	0.011392363	0.018749443	0.013924004	0.021263116
0.017515	0.010247	0.020926	0.016209	0.012635	0.009955	0.01251	0.023731	0.012595919	0.012932019	0.012279097	0.011852677	0.01071308	0.013476242	0.01259544	0.019574981
0.017872	0.011021	0.022631	0.012553	0.009786	0.012289	0.014433	0.017623	0.011438908	0.011971472	0.010229653	0.010144273	0.013773511	0.010936842	0.013224961	0.014407431
0.012299	0.010949	0.020348	0.019393	0.015117	0.011131	0.014842	0.017268	0.012627412	0.013619805	0.008169052	0.010143356	0.012312703	0.01297581	0.011951198	0.015751851
0.016199	0.011157	0.017497	0.016884	0.013162	0.010608	0.014824	0.024153	0.012071866	0.011556748	0.010967014	0.011539294	0.011710229	0.016150618	0.012968172	0.016231175
0.012142	0.011078	0.016083	0.017713	0.013808	0.010906	0.016832	0.022774	0.010704932	0.010476481	0.011000847	0.010786581	0.010693706	0.017265801	0.01555897	0.015021089
0.012932	0.010481	0.015601	0.019259	0.015013	0.011581	0.016988	0.021255	0.009129554	0.010553874	0.015149307	0.013492626	0.01376582	0.013104181	0.013154237	0.015113882
0.011194	0.009995	0.020384	0.015311	0.011936	0.011433	0.013773	0.01957	0.010791228	0.010732557	0.012736049	0.012105769	0.013194312	0.011850371	0.014292608	0.020449415
0.011342	0.010335	0.022466	0.018281	0.014251	0.01144	0.013259	0.018623	0.009372588	0.010291565	0.015605921	0.013047829	0.012193288	0.01502038	0.015263651	0.019409696
0.01107	0.009869	0.01801	0.017239	0.013439	0.010848	0.012438	0.016783	0.007827667	0.01059477	0.013695986	0.013531838	0.011236176	0.019492497	0.019314457	0.022840076
0.012015	0.010743	0.017931	0.018011	0.01404	0.009799	0.01539	0.013126	0.008969142	0.010651899	0.01481351	0.011362277	0.011543773	0.017789689	0.021447828	0.018413573
0.013224	0.010068	0.018266	0.015559	0.012129	0.010801	0.01325	0.012697	0.00956853	0.012525207	0.009577533	0.011399994	0.010500569	0.016339749	0.016152582	0.019610833
0.011248	0.009194	0.019893	0.01617	0.012605	0.010917	0.013809	0.014217	0.009730732	0.010623485	0.009788513	0.012027741	0.011314477	0.017288436	0.016375336	0.01755501
0.012345	0.010255	0.019069	0.017135	0.013357	0.013887	0.013493	0.015901	0.010618438	0.010672333	0.010888676	0.011809179	0.01220792	0.020810242	0.016219772	0.01660784
0.012208	0.010815	0.015605	0.011515	0.008976	0.014516	0.014044	0.017519	0.009459247	0.011517097	0.010686099	0.0099006	0.012524204	0.017542769	0.015925259	0.017277441
0.015587	0.012972	0.016157	0.012933	0.010082	0.011825	0.013735	0.018762	0.009819084	0.012138066	0.009837586	0.009167568	0.013351397	0.014091905	0.014643552	0.017943083
0.01908	0.012983	0.015805	0.019823	0.015453	0.012552	0.013534	0.016531	0.008789958	0.010921611	0.008801294	0.01012096	0.01853137	0.015557149	0.014017112	0.018877345
0.017664	0.012161	0.015986	0.017552	0.013682	0.012294	0.01475	0.012612	0.010160622	0.014832949	0.010830909	0.010730466	0.018812471	0.016796177	0.013117772	0.014749096
0.019026	0.011307	0.015442	0.015136	0.011799	0.012059	0.013862	0.015046	0.00885232	0.010953473	0.014600033	0.01140523	0.013078889	0.017335391	0.011198151	0.019316108
0.016942	0.0111	0.018073	0.01507	0.011747	0.011681	0.014248	0.016382	0.009010979	0.00970055	0.010556158	0.009964282	0.015789307	0.016860492	0.012143664	0.01852323
0.015438	0.01066	0.020283	0.013907	0.010841	0.010804	0.013351	0.013075	0.008699556	0.012284872	0.010669582	0.010149216	0.011541141	0.017375957	0.013633763	0.014785894
0.014226	0.011463	0.020209	0.012748	0.009937	0.011021	0.016977	0.014999	0.007764877	0.012829951	0.010059917	0.011963035	0.012933652	0.017235784	0.013234461	0.018106541
0.011643	0.010758	0.018097	0.016815	0.013108	0.011264	0.018528	0.014674	0.007964299	0.011155849	0.010739991	0.0106747	0.012513719	0.015799961	0.012869509	0.018939115
0.011145	0.010747	0.017491	0.016359	0.012752	0.012408	0.01971	0.014263	0.008272727	0.011367906	0.010855966	0.010499046	0.01267548	0.014909019	0.012319517	0.019973925
0.013089	0.01113	0.020801	0.013924	0.010855	0.010478	0.023267	0.013011	0.009532911	0.011366545	0.010634437	0.010354791	0.010248829	0.012841961	0.012208832	0.022412307
0.012248	0.013119	0.02083	0.014572	0.011359	0.010944	0.019837	0.013445	0.011302472	0.010445273	0.012637299	0.011193601	0.010315439	0.014112134	0.011426599	0.018680752
0.017104	0.015289	0.021194	0.011536	0.008993	0.010174	0.018869	0.014681	0.010942115	0.009499962	0.010833954	0.009167886	0.009752932	0.013517482	0.012219259	0.017574971
0.018441	0.013455	0.025157	0.019322	0.015062	0.010435	0.01962	0.013954	0.008615228	0.01184169	0.011152497	0.00964576	0.010419226	0.012636613	0.012300961	0.019373168
0.014139	0.013258	0.019606	0.020461	0.01595	0.010458	0.019463	0.015485	0.010158761	0.011869017	0.012127373	0.010647729	0.010287816	0.014055667	0.011383728	0.01594107
0.008929	0.013079	0.018193	0.020359	0.01587	0.010211	0.019218	0.01639	0.011865887	0.010613063	0.009213578	0.010752435	0.010374413	0.014247564	0.010177677	0.013865509
0.009771	0.011285	0.018319	0.016971	0.01323	0.010097	0.019081	0.018535	0.013632231	0.009529154	0.010387002	0.011598295	0.010644642	0.014019253	0.011702181	0.017292041
0.01049	0.012587	0.018037	0.017858	0.013921	0.010151	0.016444	0.021812	0.011449806	0.011445462	0.008819233	0.010940333	0.011178482	0.016070052	0.013423134	0.01717393
0.012132	0.012951	0.016085	0.016354	0.012749	0.010928	0.016242	0.017962	0.008729136	0.01314034	0.010083315	0.010038767	0.010593834	0.01757127	0.013233655	0.017018192
0.011385	0.013385	0.014693	0.014609	0.011388	0.014119	0.01753	0.017841	0.008782339	0.016042728	0.0111367	0.011388798	0.0118345	0.016628367	0.016504733	0.016151808
0.011896	0.012657	0.01923	0.017689	0.013789	0.012328	0.015705	0.019907	0.009149073	0.014401815	0.013592393	0.01224132	0.013625042	0.019858618	0.01746797	0.019376356
0.013412	0.012432	0.019417	0.0141	0.010991	0.013286	0.013724	0.015962	0.010549163	0.0137637	0.012455492	0.01386709	0.014364547	0.019657641	0.016231668	0.018658944
0.016799	0.012248	0.019477	0.016221	0.012645	0.010555	0.013209	0.017355	0.010427556	0.013965506	0.012756069	0.015086693	0.011529084	0.021260622	0.016710612	0.01639931
0.019213	0.010943	0.016724	0.016295	0.012703	0.013328	0.01426	0.022156	0.012074362	0.014901521	0.013612192	0.014061248	0.014061764	0.017564441	0.015516401	0.018929496
0.018467	0.009431	0.014819	0.015003	0.011696	0.012019	0.012724	0.013915	0.011987835	0.013696815	0.012435041	0.013082656	0.014801417	0.01806946	0.01590403	0.020637274
0.018446	0.009732	0.015406	0.014272	0.011125	0.010867	0.014994	0.01248	0.010620113	0.013827379	0.014037438	0.013990784	0.015071606	0.01786841	0.013939181	0.021285704
0.01679	0.010844	0.016883	0.018076	0.014091	0.011477	0.013537	0.014593	0.009211745	0.013016568	0.013714185	0.012416208	0.011397758	0.017647473	0.012777181	0.019186941
0.018417	0.012262	0.017175	0.01605	0.012511	0.010741	0.013225	0.0134	0.01085074	0.012384107	0.012033984	0.012627026	0.012387974	0.015623235	0.012153681	0.022692583
0.019071	0.013775	0.023232	0.01338	0.01043	0.010936	0.017773	0.015695	0.010373974	0.013272973	0.010817906	0.011316484	0.01271143	0.015251309	0.013074698	0.021142621
0.018468	0.015139	0.023519	0.013868	0.010811	0.012903	0.017314	0.016348	0.008827257	0.014516385	0.012143125	0.012989522	0.011917358	0.015206894	0.012740513	0.019054301
0.017424	0.016185	0.019076	0.018012	0.014041	0.012155	0.014044	0.012676	0.009112157	0.01538441	0.0105537	0.012404861	0.010868381	0.014647248	0.012868306	0.018928159
0.018424	0.013986	0.021062	0.020855	0.016257	0.01111	0.015415	0.013448	0.009398887	0.014309212	0.009671786	0.010766099	0.013725446	0.014016315	0.01328069	0.017591261
0.018895	0.014914	0.019536	0.016377	0.012767	0.012905	0.015786	0.0154	0.009743559	0.013565876	0.008766129	0.011307217	0.013906924	0.015255309	0.012512181	0.017432179
0.017563	0.012499	0.017758	0.013073	0.010191	0.012673	0.014509	0.015262	0.011009769	0.012353578	0.009933934	0.011611917	0.012679347	0.011777119	0.012262332	0.017802174
0.017037	0.01174	0.017838	0.0157	0.012239	0.011808	0.016294	0.022526	0.01262443	0.013054613	0.010835945	0.012800603	0.011684544	0.01471511	0.012726983	0.018529386
0.010592	0.01169	0.020515	0.016808	0.013103	0.012349	0.016188	0.017244	0.008678976	0.011755838	0.011904665	0.010473876	0.011714625	0.014661784	0.012395509	0.016491403
0.012298	0.011893	0.018221	0.014244	0.011103	0.010366	0.014319	0.01823	0.009065787	0.011556643	0.010016371	0.011365893	0.014720821	0.017379849	0.012121448	0.018027821
0.009824	0.011659	0.01979	0.016804	0.013099	0.01091	0.014855	0.017962	0.010345115	0.013295878	0.010344411	0.013899155	0.010300791	0.017734911	0.011528677	0.017673344
0.013155	0.011766	0.021943	0.016621	0.012956	0.010477	0.018998	0.014238	0.009893895	0.013678557	0.009685977	0.011596096	0.011449435	0.01735327	0.011802634	0.021041984
0.01098	0.012259	0.024222	0.01418	0.011054	0.011053	0.019479	0.015266	0.011008013	0.01042212	0.010793243	0.011268643	0.01307831	0.017748929	0.012425647	0.019404862
0.012001	0.01236	0.021456	0.017281	0.013471	0.014456	0.019334	0.013744	0.011335648	0.01162758	0.011606454	0.013914515	0.012812477	0.016035477	0.013147651	0.016386127
0.012907	0.011873	0.019537	0.013211	0.010299	0.01386	0.014112	0.012885	0.008396871	0.00966361	0.01249707	0.011471493	0.012092524	0.015705719	0.014270125	0.01981893
0.013295	0.013017	0.022004	0.01935	0.015084	0.014838	0.017214	0.017638	0.01000136	0.010657821	0.014245388	0.008754007	0.012692296	0.013689201	0.011880978	0.020839324
0.013042	0.017489	0.02343	0.023101	0.018008	0.014029	0.017204	0.021211	0.009959612	0.012541687	0.016850335	0.008845536	0.010931542	0.013498073	0.011469651	0.027385347
0.0155	0.019995	0.021632	0.020593	0.016053	0.012414	0.015053	0.019774	0.00878378	0.012713121	0.012876662	0.010741414	0.013038906	0.013270661	0.010713039	0.023619244
0.0192	0.01531	0.021353	0.019844	0.015469	0.01112	0.018138	0.019193	0.00977279	0.012632862	0.012085148	0.012951033	0.013941515	0.013321944	0.010918095	0.02454795
0.01649	0.013717	0.020334	0.020445	0.015938	0.015309	0.017351	0.020979	0.009544564	0.014369299	0.010521434	0.010470966	0.015235116	0.013910972	0.013184815	0.024664206
0.014257	0.016433	0.018555	0.019024	0.01483	0.012862	0.018085	0.020153	0.010287992	0.012934319	0.011149479	0.013314843	0.018655429	0.015837028	0.013998651	0.024953858
0.018293	0.019038	0.021199	0.018555	0.014464	0.010668	0.02281	0.017273	0.011458827	0.012481722	0.010683463	0.011624764	0.016545382	0.015921724	0.015485254	0.021596798
0.01691	0.020699	0.018852	0.019929	0.015535	0.011226	0.021907	0.01777	0.011938465	0.013840553	0.008395758	0.012632084	0.014775183	0.014499624	0.015561418	0.021640257
0.017047	0.015089	0.020268	0.019955	0.015556	0.014449	0.019697	0.021214	0.013786318	0.013034884	0.010500548	0.013198558	0.014691168	0.013412333	0.016366233	0.022077008
0.017086	0.019727	0.020125	0.016486	0.012851	0.011263	0.019741	0.014718	0.013738724	0.013973092	0.010320296	0.013160703	0.015514574	0.017849508	0.015552198	0.025612612
0.014947	0.015902	0.02157	0.016441	0.012817	0.011407	0.023822	0.013803	0.012254018	0.01672913	0.013728433	0.012599764	0.015332807	0.02009441	0.015899323	0.024014072
0.012788	0.015483	0.01897	0.021223	0.016544	0.011614	0.023556	0.017206	0.012913446	0.015654625	0.010868543	0.015299455	0.015733356	0.018934583	0.016526772	0.020363844
0.015071	0.014988	0.016867	0.023817	0.018566	0.011979	0.01821	0.019242	0.010650575	0.016132277	0.010603789	0.012348843	0.016537731	0.021566225	0.015722629	0.018718968
0.016573	0.01742	0.018523	0.021286	0.016593	0.011857	0.021703	0.021637	0.012326633	0.017818761	0.011804772	0.011657062	0.014315271	0.0211266	0.016772815	0.023163763
0.019574	0.016248	0.019226	0.018843	0.014689	0.013184	0.024165	0.019276	0.014170622	0.017045878	0.013283709	0.014587453	0.012196439	0.015804726	0.017508108	0.023515561
0.019304	0.015618	0.017492	0.017496	0.013638	0.015027	0.022653	0.020321	0.013684417	0.016174889	0.01199931	0.016521114	0.012118253	0.016298043	0.016592552	0.021786822
0.013736	0.018336	0.016247	0.020071	0.015646	0.012822	0.020294	0.019355	0.008384341	0.017022455	0.010860646	0.014701529	0.013708933	0.016915261	0.013510043	0.022314643
0.022422	0.019476	0.019328	0.019109	0.014896	0.014172	0.023029	0.018578	0.010408633	0.016378487	0.011936511	0.014551369	0.015519573	0.018644112	0.012430746	0.022467322
0.019792	0.015949	0.018247	0.022354	0.017426	0.014548	0.025414	0.016562	0.011330234	0.015960977	0.013198951	0.011170606	0.01598	0.021631041	0.014421017	0.025982983
0.019709	0.016238	0.023067	0.022174	0.017285	0.012876	0.019572	0.016597	0.01378079	0.017597129	0.015354091	0.009501799	0.017132962	0.023256039	0.016067526	0.024305842
0.019058	0.017086	0.022584	0.025832	0.020137	0.014246	0.012511	0.017603	0.01451015	0.014690058	0.0156804	0.009619549	0.017029842	0.021230976	0.018700871	0.022296399
0.017959	0.017725	0.024337	0.0238	0.018553	0.013159	0.017772	0.017781	0.013504491	0.016637682	0.018326739	0.010795569	0.018266261	0.021154488	0.018060832	0.024243259
0.019699	0.018802	0.018757	0.022127	0.017249	0.016104	0.022027	0.015927	0.015345685	0.01549381	0.018017873	0.012151463	0.016457425	0.021378847	0.018447478	0.02186873
0.021428	0.016886	0.022414	0.025377	0.019782	0.01252	0.024764	0.019772	0.017136898	0.014689692	0.017509822	0.014205397	0.016279842	0.021211598	0.018078289	0.0217099
0.017404	0.015709	0.023976	0.023563	0.018368	0.017308	0.023169	0.020776	0.016764123	0.014994188	0.015020385	0.016779234	0.019668492	0.025967693	0.017264953	0.021902379
0.019664	0.01421	0.025192	0.022976	0.017911	0.01599	0.021122	0.018408	0.014244911	0.015028482	0.015272598	0.018500775	0.017005392	0.02420232	0.017430746	0.021993292
0.017374	0.017117	0.022437	0.025352	0.019763	0.017324	0.020615	0.017767	0.014267643	0.015178944	0.015215664	0.015765215	0.018000919	0.021926505	0.01714706	0.018929548
0.022823	0.014819	0.024166	0.022737	0.017724	0.015035	0.0219	0.020875	0.014398349	0.01080938	0.013960252	0.014473359	0.014579196	0.02062857	0.016997685	0.025524072
0.021857	0.015933	0.022866	0.026129	0.020369	0.017892	0.020194	0.020229	0.015377383	0.012940122	0.014268092	0.012890857	0.017222312	0.020987235	0.018485914	0.02209754
0.019133	0.016496	0.02634	0.026154	0.020388	0.016866	0.023081	0.019419	0.015376341	0.011543281	0.017532103	0.013484416	0.016067812	0.02389232	0.017679323	0.023050133
0.01941	0.018718	0.024179	0.022472	0.017518	0.016106	0.023752	0.02272	0.015769152	0.01535322	0.015207616	0.011738755	0.016906553	0.024384423	0.018927237	0.021556527
0.019439	0.022341	0.022847	0.023866	0.018605	0.016451	0.023786	0.024221	0.012759488	0.016186117	0.019114129	0.009088764	0.016545749	0.023946419	0.017823526	0.025673825
0.01724	0.018148	0.022736	0.022988	0.01792	0.016789	0.024669	0.024306	0.012329911	0.018251952	0.012669529	0.009437816	0.01559276	0.026921188	0.019046043	0.024798416
0.019301	0.017566	0.025088	0.025804	0.020115	0.015785	0.019096	0.024356	0.013867575	0.015755047	0.014012204	0.012516887	0.01837069	0.027791909	0.021415914	0.027215852
0.019441	0.019824	0.02889	0.018335	0.014293	0.017153	0.016365	0.024813	0.012977759	0.015893941	0.014066949	0.013069409	0.014869381	0.023289274	0.018286034	0.027857136
0.015742	0.015794	0.029809	0.017218	0.013422	0.016922	0.017375	0.0212	0.013651399	0.014721984	0.012821682	0.010927916	0.018173682	0.025390812	0.017703	0.024843373
0.013024	0.016074	0.029554	0.017643	0.013753	0.013163	0.018411	0.021003	0.011226339	0.015141859	0.010897313	0.010730724	0.016174005	0.028849784	0.018469332	0.02311382
0.017571	0.015898	0.025379	0.018013	0.014042	0.01764	0.01975	0.021615	0.012408299	0.017039529	0.008506558	0.008889767	0.014474147	0.026071499	0.020433155	0.021494624
0.01913	0.019671	0.029697	0.0166	0.01294	0.019116	0.022205	0.021738	0.013720541	0.017565454	0.010524707	0.01053258	0.018903507	0.026258294	0.018534267	0.021738102
0.020114	0.016398	0.025266	0.023108	0.018014	0.0182	0.019723	0.02464	0.013086136	0.014626268	0.011394689	0.009402359	0.020449239	0.024403369	0.015393009	0.022630595
0.018509	0.012782	0.025299	0.025157	0.019611	0.01577	0.019275	0.025697	0.012094861	0.014176463	0.012440311	0.010626572	0.014609684	0.026861222	0.014144728	0.025386627
0.020464	0.017003	0.027366	0.024992	0.019482	0.016582	0.023133	0.022243	0.011437911	0.015574113	0.011742894	0.010617626	0.016521568	0.024026544	0.0156855	0.030944895
0.023085	0.015057	0.023626	0.021046	0.016406	0.019272	0.024305	0.024584	0.010119089	0.014901713	0.009328913	0.010300881	0.014518909	0.021729525	0.016613966	0.028468283
0.021095	0.011727	0.024438	0.022953	0.017893	0.017881	0.022259	0.021311	0.010538199	0.014375951	0.012279283	0.012541866	0.012228987	0.024943175	0.017848677	0.028680985
0.015398	0.014312	0.02431	0.023959	0.018677	0.0157	0.022545	0.020994	0.012048751	0.013059293	0.014374882	0.014782017	0.013967227	0.022129659	0.018389448	0.02473401
0.020228	0.018649	0.022829	0.025325	0.019742	0.01952	0.021765	0.020462	0.01104878	0.011313371	0.015677459	0.015742408	0.017322232	0.022558834	0.019318103	0.022759144
0.024707	0.017047	0.022184	0.023468	0.018294	0.017757	0.020222	0.024704	0.011239591	0.011263502	0.015853756	0.015897008	0.015986318	0.020886229	0.016214043	0.024560628
0.019164	0.01707	0.023422	0.026031	0.020292	0.020586	0.023769	0.022453	0.011954202	0.011638563	0.016501839	0.01573229	0.014103585	0.021145032	0.01537044	0.0236396
0.021706	0.016459	0.024177	0.026965	0.02102	0.016336	0.019426	0.022271	0.010801184	0.010889104	0.01506862	0.014842505	0.015871986	0.021010583	0.015940763	0.021571323
0.021875	0.015934	0.023747	0.022256	0.017349	0.015563	0.022643	0.019112	0.011468512	0.010370526	0.014418756	0.013490663	0.013981087	0.022165836	0.016871336	0.02109774
0.020588	0.012634	0.02569	0.020587	0.016049	0.01311	0.021246	0.02513	0.010653572	0.010938144	0.014192171	0.012171926	0.015073208	0.020167136	0.017721595	0.020165219
0.023925	0.017051	0.022919	0.017664	0.01377	0.011508	0.017961	0.026231	0.012023929	0.011442077	0.012120518	0.011058077	0.017107587	0.021326782	0.017004707	0.020015219
0.026648	0.020086	0.024778	0.01391	0.010844	0.010492	0.016893	0.023803	0.014429108	0.011194747	0.008391834	0.010599494	0.019681976	0.021614518	0.01680975	0.018752531
0.021471	0.020716	0.023902	0.018097	0.014107	0.015839	0.015107	0.018087	0.01492968	0.010981684	0.010465246	0.008165793	0.017907075	0.021621616	0.016699194	0.020504424
0.023198	0.018128	0.025159	0.017321	0.013502	0.017569	0.013356	0.017294	0.011667525	0.011851885	0.015099336	0.008378271	0.017646701	0.021395408	0.015146332	0.021403026
0.021076	0.013734	0.025961	0.017171	0.013386	0.016321	0.013389	0.015381	0.009686709	0.011919974	0.017584627	0.008874037	0.015830394	0.019337922	0.014795737	0.021469158
0.020412	0.014078	0.023435	0.014891	0.011608	0.017437	0.015162	0.015241	0.011772656	0.011421239	0.017482005	0.011145176	0.016032262	0.021293184	0.015546315	0.022061537
0.018733	0.014178	0.025383	0.015464	0.012055	0.017008	0.01742	0.01516	0.015198769	0.012653813	0.01344319	0.010519921	0.017262521	0.025960691	0.016515871	0.024668901
0.016227	0.012842	0.025389	0.015995	0.012469	0.017076	0.016106	0.014545	0.016180134	0.013850564	0.014158072	0.009101287	0.013654621	0.023747594	0.016458254	0.024294767
0.019962	0.013536	0.027467	0.023021	0.017946	0.015454	0.016512	0.015966	0.018698711	0.016309331	0.013238928	0.010146102	0.012969135	0.02204749	0.014530681	0.02529901
0.022138	0.015319	0.026579	0.027182	0.021189	0.014717	0.019463	0.014971	0.01504737	0.012466219	0.01338811	0.010566217	0.012855907	0.021857564	0.014742517	0.02640951
0.019107	0.012483	0.025441	0.026794	0.020887	0.014476	0.019266	0.018554	0.014272199	0.012836489	0.013942479	0.012853625	0.013745544	0.021969598	0.016608578	0.025408539
0.019777	0.018786	0.027487	0.025285	0.01971	0.014226	0.01995	0.01914	0.014316963	0.01898365	0.013058863	0.016071417	0.015608213	0.022486864	0.019322435	0.025085128
0.022211	0.022021	0.025902	0.021001	0.016371	0.011379	0.014925	0.025111	0.01336969	0.015912475	0.012855486	0.013972517	0.017242652	0.020543192	0.019181125	0.024680109
0.022209	0.01806	0.026283	0.02278	0.017758	0.011638	0.017297	0.021102	0.012389682	0.016789767	0.011457032	0.014546351	0.013315493	0.020728233	0.016133056	0.025564077
0.02194	0.019476	0.025857	0.025985	0.020256	0.010804	0.015771	0.02753	0.012952609	0.016396812	0.010586685	0.014165915	0.011694887	0.022331948	0.017392043	0.023955576
0.021221	0.015418	0.027174	0.023849	0.018591	0.01434	0.016586	0.019739	0.012772675	0.017537653	0.009038883	0.015727514	0.010828509	0.023508605	0.018183858	0.018934058
0.018638	0.015321	0.023823	0.023562	0.018368	0.016257	0.02048	0.01647	0.01041958	0.020154407	0.012527343	0.013771236	0.012624096	0.023953758	0.018621586	0.017973677
0.020221	0.016555	0.030605	0.024419	0.019036	0.017621	0.020612	0.019811	0.008924008	0.017896545	0.015013555	0.012028522	0.012405214	0.022742924	0.016883772	0.020641675
0.020425	0.016028	0.023835	0.023868	0.018606	0.017315	0.019094	0.017803	0.011029722	0.016916655	0.014844262	0.013171472	0.010420916	0.024578683	0.015777164	0.017061589
0.015841	0.015598	0.025447	0.023914	0.018642	0.016126	0.025534	0.016028	0.011183346	0.016173444	0.01469245	0.013432965	0.017143187	0.023520186	0.015902858	0.018107455
0.013244	0.019456	0.024864	0.025616	0.019968	0.01572	0.019671	0.016978	0.011910501	0.014503089	0.015082307	0.011680366	0.014800653	0.023094233	0.016595677	0.01950637
0.01348	0.018304	0.023236	0.021319	0.016619	0.014533	0.01786	0.015524	0.012139396	0.012066358	0.01515146	0.011190282	0.015024056	0.021314333	0.017385591	0.018316732
0.011135	0.015867	0.02286	0.019852	0.015476	0.016436	0.02032	0.01627	0.009819003	0.010679855	0.01233027	0.010894846	0.015296503	0.021647127	0.017369478	0.019834581
0.011762	0.013892	0.022464	0.018993	0.014806	0.01628	0.022133	0.015909	0.009523192	0.012996146	0.009905906	0.008957989	0.017523962	0.022060281	0.018104513	0.019269263
0.01683	0.012629	0.025375	0.016548	0.012899	0.01585	0.023536	0.021592	0.012391556	0.012187065	0.012964802	0.010188565	0.016444443	0.020591028	0.016523336	0.018352716
0.019042	0.011237	0.024612	0.017198	0.013406	0.016221	0.023074	0.025269	0.014689971	0.009466795	0.012760918	0.009706526	0.014892723	0.021696022	0.016054698	0.021609353
0.020189	0.011994	0.022968	0.015786	0.012305	0.014823	0.015812	0.022978	0.013278759	0.009606949	0.01445399	0.012053586	0.014570602	0.02235968	0.015955134	0.021661917
0.02104	0.014131	0.022665	0.017112	0.013339	0.014569	0.019614	0.01425	0.010721567	0.010957973	0.015515515	0.012114821	0.013473107	0.022163041	0.016031845	0.020674967
0.021052	0.013394	0.022132	0.018302	0.014267	0.017064	0.020082	0.016386	0.010376084	0.010423723	0.017148436	0.012212383	0.015226351	0.021187667	0.01515481	0.01679568
0.016295	0.012181	0.024003	0.016654	0.012983	0.01302	0.022641	0.021877	0.012679614	0.012403426	0.015126315	0.01093086	0.014047183	0.023387952	0.019017121	0.020468892
0.018012	0.013471	0.023297	0.021501	0.016761	0.010024	0.021005	0.019514	0.01328352	0.012729663	0.011703889	0.01254093	0.018351888	0.019985909	0.015896862	0.026609624
0.017006	0.013994	0.022781	0.022367	0.017436	0.011072	0.020998	0.023625	0.011439066	0.012237202	0.010156303	0.012488595	0.017989374	0.021728164	0.015869647	0.028354077
0.02031	0.01636	0.022971	0.023456	0.018285	0.011994	0.02104	0.022118	0.010553063	0.010013281	0.010896111	0.012595506	0.016563521	0.020585832	0.016845185	0.026236427
0.023496	0.013715	0.022426	0.024427	0.019042	0.01348	0.022908	0.023359	0.011740845	0.0110847	0.009814648	0.014950039	0.015105298	0.021313598	0.017299487	0.019589929
0.020859	0.011023	0.022426	0.025355	0.019765	0.012311	0.022511	0.019078	0.010988837	0.012241792	0.010390133	0.012753646	0.016196755	0.0215213	0.016870444	0.01988657
0.015227	0.014663	0.022074	0.025359	0.019768	0.01424	0.023086	0.02122	0.012353656	0.011248511	0.013543255	0.014927477	0.018262797	0.02126054	0.015696509	0.022276251
0.015727	0.014743	0.020122	0.021853	0.017035	0.016397	0.022803	0.021554	0.015122388	0.012525797	0.011750732	0.017500351	0.015802114	0.020233564	0.01506219	0.027118616
0.016887	0.012898	0.020184	0.027079	0.021109	0.017045	0.021134	0.016762	0.014849927	0.012636818	0.010907485	0.011930939	0.015185406	0.022651784	0.015996341	0.018278368
0.015672	0.011448	0.023026	0.023478	0.018302	0.015486	0.019546	0.014289	0.014406811	0.012969194	0.011554005	0.012196793	0.014986991	0.024769801	0.015903	0.015001413
0.014056	0.011266	0.025362	0.020909	0.0163	0.014144	0.020603	0.01317	0.013553171	0.013541754	0.01582955	0.013776248	0.014575537	0.021353844	0.015262909	0.016656556
0.01658	0.01136	0.023116	0.022299	0.017383	0.012791	0.018011	0.014116	0.011189291	0.011742269	0.015211472	0.012788289	0.014921989	0.017171413	0.015311427	0.016637012
0.021384	0.014071	0.020538	0.023056	0.017973	0.01101	0.013218	0.014452	0.010516643	0.01051644	0.014465601	0.011755036	0.014140131	0.016364868	0.015919922	0.016194653
0.017833	0.018105	0.022588	0.02275	0.017735	0.011173	0.015565	0.01333	0.010250567	0.010814535	0.013518149	0.010292138	0.011524645	0.018607862	0.015487819	0.01903099
0.020372	0.014285	0.022207	0.022041	0.017182	0.011075	0.01857	0.014093	0.010352596	0.012997961	0.012424544	0.008262153	0.0099366	0.021402078	0.016074263	0.021976746
0.017058	0.019859	0.022822	0.022998	0.017928	0.012837	0.018085	0.013597	0.012082517	0.013414276	0.013839037	0.008975024	0.013593723	0.016322752	0.016321224	0.023721527
0.014754	0.01369	0.020902	0.020338	0.015854	0.011758	0.016635	0.017247	0.012552551	0.011475378	0.013701268	0.009202944	0.015439243	0.016714825	0.015102474	0.022650005
0.013721	0.014305	0.02493	0.019976	0.015572	0.013306	0.015088	0.019966	0.012859643	0.011132292	0.013035969	0.009741735	0.011408485	0.020359819	0.014312409	0.022357588
0.011673	0.021598	0.023179	0.013017	0.010147	0.012216	0.014495	0.019878	0.012209654	0.012687548	0.014377281	0.011006266	0.011527526	0.022023253	0.014644491	0.024287688
0.014495	0.016109	0.021372	0.014309	0.011154	0.010288	0.014012	0.024127	0.009667184	0.015675716	0.017271896	0.009158982	0.013445143	0.020234708	0.015195991	0.021612355
0.016531	0.01551	0.020388	0.017489	0.013633	0.012954	0.015104	0.014024	0.009844425	0.017119712	0.012667376	0.008631599	0.015216577	0.020441922	0.016132556	0.023443787
0.018029	0.014306	0.01894	0.023642	0.01843	0.013417	0.013851	0.016408	0.010098365	0.017769284	0.012624117	0.01240285	0.016875594	0.015333421	0.016703108	0.027503183
0.018834	0.018089	0.021166	0.018169	0.014164	0.014968	0.011884	0.021434	0.012120669	0.016446003	0.013243528	0.015094082	0.012205019	0.015584268	0.015831379	0.024198397
0.019304	0.017274	0.023334	0.016986	0.013241	0.014014	0.014184	0.018522	0.014394241	0.015670454	0.012020883	0.014398607	0.011051266	0.018382143	0.016175013	0.026640138
0.020289	0.01458	0.025043	0.016876	0.013155	0.010697	0.017031	0.015511	0.016569714	0.015741114	0.010463415	0.014587714	0.010991717	0.015289361	0.014529866	0.026892931
0.021812	0.015323	0.0227	0.020317	0.015838	0.012679	0.015983	0.015943	0.012362152	0.015156204	0.010837595	0.012212474	0.011267307	0.015216	0.015293504	0.025191066
0.016032	0.012323	0.02382	0.0175	0.013642	0.014622	0.015398	0.01776	0.010578984	0.016240602	0.011019405	0.012721157	0.011934053	0.019803235	0.015009185	0.02735216
0.021434	0.016909	0.024892	0.016176	0.01261	0.010784	0.013704	0.018428	0.010371504	0.013770192	0.012192512	0.010152632	0.014288223	0.022064851	0.014525254	0.026515105
0.017216	0.013532	0.025313	0.017826	0.013896	0.012151	0.015781	0.02617	0.010653031	0.014686704	0.011077633	0.009510036	0.016840771	0.022814276	0.018505724	0.022676185
0.020234	0.016607	0.023059	0.022056	0.017193	0.012367	0.022895	0.021289	0.013410966	0.015970259	0.013161721	0.007256769	0.021180077	0.017275024	0.021881181	0.025957417
0.022405	0.015556	0.022134	0.024239	0.018895	0.01317	0.016192	0.018492	0.012231559	0.015117731	0.012827826	0.008031841	0.017134517	0.017519706	0.021633681	0.025118459
0.021801	0.011807	0.021727	0.024695	0.01925	0.012531	0.015686	0.016744	0.011776021	0.014247917	0.011603427	0.009939939	0.020213723	0.016468734	0.017942211	0.025130647
0.016224	0.012043	0.021835	0.022427	0.017483	0.013939	0.015504	0.022538	0.015212871	0.014542304	0.008615284	0.011681281	0.017444362	0.015755184	0.021143513	0.022362483
0.014222	0.012557	0.024466	0.026337	0.020531	0.012685	0.02131	0.021364	0.017041365	0.013402725	0.011702761	0.013427017	0.016491632	0.014822346	0.018842336	0.023431351
0.019193	0.012251	0.023171	0.02569	0.020026	0.011887	0.020568	0.017244	0.017129627	0.01399514	0.014558178	0.009924682	0.019296779	0.015660911	0.020296918	0.021167198
0.014876	0.011062	0.024861	0.02088	0.016277	0.013808	0.024113	0.020656	0.019077824	0.014356614	0.015258634	0.010345012	0.018147395	0.017439728	0.021040345	0.024958587
0.012555	0.012997	0.02673	0.022642	0.017651	0.016893	0.024409	0.016878	0.013801192	0.015458144	0.012295832	0.009223552	0.01938381	0.014647922	0.020213121	0.026281113
0.014111	0.012734	0.024485	0.020402	0.015904	0.011244	0.026096	0.013208	0.011624577	0.013682042	0.009815219	0.008562677	0.015707795	0.016827089	0.018491737	0.025870224
0.014022	0.01356	0.025613	0.016723	0.013036	0.017182	0.022754	0.010623	0.011294814	0.0149218	0.010867553	0.011808383	0.011035618	0.021986544	0.017057026	0.026565747
0.015944	0.014531	0.024805	0.01703	0.013276	0.016731	0.020174	0.013037	0.011236795	0.015075777	0.014056339	0.01190427	0.013144211	0.016276605	0.01774744	0.026863934
0.021181	0.014088	0.021514	0.017046	0.013288	0.017997	0.02046	0.016243	0.01078621	0.014743653	0.011432269	0.009997983	0.012892861	0.014537741	0.017158259	0.027279291
0.014602	0.017849	0.024685	0.016263	0.012678	0.020506	0.020263	0.01696	0.012491483	0.014062906	0.010175628	0.011917138	0.012612814	0.015663214	0.016090879	0.027827393
0.016069	0.019609	0.023842	0.018653	0.014541	0.017498	0.022453	0.016697	0.013654976	0.01339671	0.01236606	0.010235684	0.012668825	0.017832112	0.015262772	0.029879643
0.018609	0.019099	0.024588	0.019472	0.015179	0.016011	0.022884	0.013742	0.013934932	0.013982589	0.013801955	0.009392371	0.014054042	0.015465296	0.015568052	0.030355833
0.018164	0.020439	0.022009	0.020507	0.015986	0.015537	0.020186	0.016539	0.012834021	0.012655721	0.01192939	0.011165357	0.014869465	0.01960022	0.016950797	0.030613768
0.017127	0.019151	0.023763	0.022344	0.017418	0.014379	0.020182	0.019104	0.012208853	0.011261181	0.012294473	0.015134219	0.011136873	0.019679832	0.016537978	0.022721784
0.019111	0.016894	0.022446	0.021891	0.017064	0.015434	0.020423	0.02354	0.011794433	0.00940603	0.013916988	0.012403425	0.012619485	0.021157235	0.016403254	0.021999681
0.021672	0.017604	0.022878	0.024094	0.018782	0.014904	0.022633	0.023207	0.014359255	0.008473598	0.015395293	0.014419167	0.016510195	0.021526354	0.015829483	0.02474882
0.017801	0.016635	0.023018	0.025473	0.019857	0.015529	0.018422	0.017757	0.012151415	0.008739985	0.015976309	0.014512698	0.016731003	0.020366302	0.015972254	0.02228372
0.014909	0.016947	0.025933	0.028571	0.022272	0.014349	0.021882	0.021281	0.011149231	0.0111684	0.017596594	0.012934912	0.013160236	0.018663438	0.016978905	0.021931399
0.013972	0.015125	0.025027	0.026386	0.020569	0.014051	0.015946	0.021235	0.01269242	0.010202653	0.012900868	0.012257723	0.010761195	0.019874479	0.016313496	0.021713758
0.013984	0.015815	0.025126	0.021054	0.016413	0.012002	0.016706	0.021986	0.012302068	0.012566385	0.012214262	0.013009322	0.011688913	0.021750903	0.016235392	0.02083746
0.013282	0.017184	0.022945	0.020747	0.016173	0.012181	0.015825	0.020249	0.012375394	0.010752321	0.010426671	0.009386881	0.014313635	0.020494864	0.016102293	0.022189829
0.014821	0.014706	0.026818	0.023408	0.018247	0.010203	0.016845	0.019371	0.011826134	0.010174433	0.008625015	0.011587002	0.017603474	0.02005473	0.014597828	0.022568915
0.015905	0.015031	0.025816	0.018663	0.014548	0.011333	0.017077	0.02196	0.009001178	0.01081977	0.009847029	0.012639243	0.015713309	0.022219171	0.014500289	0.023152812
0.019512	0.013167	0.025667	0.018437	0.014372	0.012411	0.015647	0.018701	0.008470808	0.012621984	0.009550175	0.012757377	0.012106893	0.020784864	0.015124828	0.022614676
0.019262	0.010001	0.025655	0.017846	0.013911	0.011502	0.014719	0.014033	0.009826129	0.014194511	0.011446588	0.011726829	0.014193544	0.020205715	0.014375091	0.024357103
0.020507	0.009294	0.02751	0.012122	0.009449	0.012097	0.012341	0.013837	0.010056465	0.015699264	0.010311404	0.010886905	0.015431064	0.020333084	0.01767525	0.024146565
0.015009	0.010844	0.028797	0.016328	0.012728	0.011725	0.01227	0.016445	0.011391297	0.016850422	0.01047694	0.010613419	0.012623692	0.021516963	0.020880461	0.028471803
0.011642	0.011769	0.025043	0.017326	0.013506	0.010865	0.014958	0.023197	0.012068199	0.016042266	0.01409793	0.008933362	0.01262797	0.021199659	0.018314767	0.030316365
0.011681	0.011874	0.024991	0.015837	0.012346	0.011663	0.013802	0.024887	0.013413979	0.013112263	0.018428332	0.008972898	0.011841091	0.021901188	0.018246909	0.026802759
0.012826	0.012679	0.025309	0.015084	0.011759	0.011236	0.013395	0.01937	0.014599315	0.011640026	0.016738581	0.008930675	0.012384056	0.019522402	0.017783397	0.023855766
0.011868	0.014841	0.026732	0.018257	0.014232	0.013244	0.012939	0.015087	0.013571381	0.011189817	0.015316004	0.008662747	0.013375042	0.018471054	0.016131552	0.023280833
0.014761	0.01219	0.02639	0.01515	0.01181	0.012583	0.012711	0.016064	0.015179963	0.009314718	0.013601374	0.009278243	0.01209381	0.017863387	0.01526831	0.022134486
0.018624	0.011551	0.022928	0.016229	0.012651	0.014347	0.012365	0.018961	0.013338189	0.013346579	0.01703984	0.008379473	0.010723672	0.017894523	0.014956724	0.021748982
0.018019	0.011748	0.022608	0.015325	0.011946	0.014708	0.01293	0.018693	0.013977402	0.014832749	0.012199025	0.011084609	0.01083378	0.015606138	0.015262388	0.021310699
0.021217	0.016901	0.021779	0.015486	0.012072	0.014694	0.013737	0.013082	0.01102016	0.014858406	0.011721902	0.011544067	0.01241139	0.018242108	0.015907431	0.020770761
0.021027	0.016891	0.021418	0.014486	0.011292	0.011842	0.013961	0.01148	0.011892997	0.015103374	0.011882053	0.012444797	0.013186998	0.016779093	0.016015517	0.017984848
0.016234	0.019105	0.020661	0.016644	0.012974	0.010088	0.013821	0.012467	0.011911123	0.014028857	0.009648987	0.011263407	0.013982026	0.015912903	0.014380534	0.018774253
0.016642	0.014137	0.019918	0.015215	0.011861	0.01413	0.012844	0.015589	0.009538832	0.014355532	0.013597183	0.010934703	0.012417546	0.016837019	0.015804427	0.020686289
0.012509	0.010613	0.021023	0.013546	0.01056	0.010829	0.012778	0.018773	0.010350454	0.012608799	0.011603081	0.011323613	0.013434588	0.017141888	0.015986405	0.018958135
0.012163	0.012565	0.023334	0.016915	0.013186	0.008553	0.013605	0.017262	0.009697969	0.013850151	0.012561543	0.010691923	0.010899875	0.021675205	0.016588129	0.018487046
0.011652	0.013948	0.022744	0.016522	0.012879	0.010184	0.013691	0.015404	0.00960432	0.011873002	0.013518489	0.010718985	0.014063679	0.021176026	0.015113737	0.019668425
0.00912	0.008684	0.022833	0.017713	0.013808	0.010588	0.016083	0.015032	0.009885911	0.011959663	0.011714097	0.011387474	0.012279303	0.018323836	0.01459322	0.020274539
0.01225	0.012149	0.021212	0.016971	0.013229	0.010601	0.018526	0.013032	0.009150399	0.010298197	0.012040936	0.009826681	0.011160242	0.023748017	0.014735845	0.018613977
0.013022	0.013579	0.021785	0.01838	0.014328	0.009063	0.018035	0.016819	0.010204822	0.009938685	0.009979748	0.009009785	0.012077072	0.023438687	0.013250034	0.017890243
0.012838	0.012756	0.02359	0.021429	0.016704	0.010134	0.015396	0.019005	0.010137583	0.010626163	0.010298412	0.009807165	0.013635523	0.018255222	0.012828659	0.01675118
0.014038	0.012198	0.021856	0.01869	0.01457	0.009367	0.013764	0.019703	0.010330866	0.009259831	0.011932515	0.010657005	0.014496994	0.019202108	0.011817875	0.016929743
0.017916	0.013762	0.02322	0.020128	0.01569	0.010693	0.012408	0.019097	0.010572837	0.010345966	0.010378889	0.011351593	0.0175286	0.018916458	0.012633711	0.016709301
0.01714	0.015103	0.020107	0.019131	0.014913	0.01009	0.011742	0.015181	0.010228451	0.011270154	0.011341718	0.010374416	0.016253113	0.017431499	0.014739569	0.016241889
0.014066	0.014257	0.021255	0.016428	0.012806	0.011521	0.012538	0.012033	0.009878549	0.011257432	0.012202032	0.011377168	0.014757041	0.020534562	0.014079284	0.021129781
0.012197	0.007624	0.021662	0.016538	0.012892	0.010225	0.012487	0.016857	0.011932997	0.012618778	0.012373066	0.010503283	0.017096264	0.019033909	0.013873621	0.017969277
0.016388	0.009858	0.023677	0.015225	0.011869	0.009255	0.012463	0.01827	0.010350955	0.010591358	0.009578039	0.01255755	0.016266018	0.020492886	0.013892569	0.016206656
0.017662	0.011017	0.021387	0.017352	0.013526	0.011247	0.011746	0.020359	0.01080642	0.010939031	0.010809425	0.010908083	0.014224339	0.019791797	0.014080401	0.016029277
0.014047	0.011253	0.02115	0.017065	0.013303	0.010623	0.01231	0.019322	0.01007601	0.012436149	0.011960065	0.009465939	0.014917886	0.019472553	0.01480094	0.016733701
0.008853	0.012915	0.019584	0.018242	0.01422	0.011204	0.012768	0.014531	0.010517819	0.01111824	0.010114239	0.011091741	0.011380215	0.018412393	0.015733272	0.018318563
0.012645	0.015249	0.019835	0.019419	0.015137	0.009182	0.012772	0.016319	0.013656654	0.012491524	0.01213944	0.011921012	0.011345533	0.016300687	0.014717216	0.018620266
0.011844	0.013726	0.020231	0.01486	0.011584	0.013224	0.011855	0.015941	0.013666919	0.013137624	0.01163346	0.01191348	0.013499192	0.016522333	0.018092155	0.016380438
0.018518	0.009158	0.018986	0.014826	0.011558	0.013456	0.012294	0.017009	0.014313997	0.011153514	0.009762613	0.012242895	0.013326977	0.015702531	0.015067164	0.020920928
0.016195	0.012814	0.021254	0.018187	0.014178	0.011674	0.013818	0.018203	0.012755386	0.009676213	0.0102871	0.007770288	0.009174056	0.015849184	0.013411681	0.017637569
0.009288	0.010852	0.020408	0.016476	0.012844	0.008825	0.014401	0.016076	0.011835869	0.010611129	0.010735077	0.008243219	0.01147726	0.016454639	0.016586677	0.018420999
0.012452	0.011822	0.02123	0.017608	0.013726	0.010007	0.015992	0.020371	0.01396457	0.011447202	0.010915246	0.010676463	0.013306816	0.018310337	0.014487306	0.017368335
0.014156	0.015589	0.023575	0.017182	0.013394	0.011014	0.017072	0.021361	0.011664307	0.014119444	0.010217029	0.01221622	0.011515564	0.016288402	0.013292323	0.016007279
0.013932	0.018022	0.02552	0.015692	0.012233	0.010799	0.016971	0.018477	0.012558879	0.013039386	0.010587755	0.011549679	0.013131552	0.017274968	0.013783517	0.017706484
0.011772	0.020013	0.020915	0.016194	0.012624	0.010646	0.0132	0.01903	0.012343375	0.011756009	0.013406869	0.009132508	0.014330687	0.014483443	0.015949349	0.017567854
0.013898	0.015303	0.020713	0.014909	0.011622	0.010708	0.012498	0.014438	0.010084391	0.009418421	0.013519751	0.011030164	0.010361888	0.013898406	0.015713448	0.016470804
0.019901	0.014266	0.021578	0.016282	0.012692	0.010709	0.012551	0.015852	0.009726055	0.009852917	0.012591392	0.011358428	0.009859727	0.016899516	0.014064819	0.016306998
0.017366	0.016075	0.021383	0.015253	0.01189	0.010929	0.012582	0.014464	0.008385535	0.009466722	0.010990068	0.008592414	0.010675621	0.013590311	0.014046991	0.016952531
0.015225	0.016751	0.018887	0.017409	0.013571	0.011	0.01221	0.013785	0.010285383	0.010914604	0.009597216	0.00958824	0.01263103	0.013840592	0.013384147	0.021402774
0.012631	0.017006	0.021696	0.015515	0.012095	0.010846	0.013796	0.014055	0.00939673	0.010774046	0.008581419	0.01091119	0.012645318	0.015161365	0.01474947	0.020927678
0.012121	0.016961	0.023485	0.025031	0.019513	0.010457	0.013022	0.013704	0.009670769	0.01594256	0.008915	0.010793758	0.011105106	0.013277706	0.013076405	0.022221399
0.012996	0.016026	0.02388	0.026032	0.020293	0.010888	0.01231	0.017102	0.010906596	0.013782551	0.009315364	0.009900881	0.012308832	0.013938406	0.017798547	0.016617821
0.011551	0.012899	0.02454	0.01672	0.013034	0.010366	0.012656	0.013753	0.00889094	0.012491446	0.010192977	0.011256708	0.012841693	0.013703473	0.013590866	0.014942212
0.012177	0.010757	0.020498	0.019556	0.015245	0.009883	0.013578	0.013891	0.00904969	0.012136681	0.010516037	0.009496769	0.010002659	0.013613378	0.012593353	0.0177198
0.012623	0.009896	0.01905	0.019717	0.01537	0.010035	0.016121	0.013284	0.009448068	0.011875844	0.009656585	0.009000094	0.010022528	0.016000065	0.013107388	0.020042831
0.010495	0.014842	0.021551	0.01954	0.015232	0.009902	0.013801	0.012813	0.009135588	0.010169284	0.010136108	0.009392983	0.012088455	0.01458276	0.012613185	0.01676844
0.010718	0.012702	0.021041	0.019318	0.015059	0.010194	0.014672	0.019491	0.010991719	0.008370515	0.011678886	0.012221063	0.013405301	0.014652194	0.015407802	0.018245657
0.010984	0.010941	0.022254	0.018119	0.014124	0.010047	0.013492	0.019134	0.009168087	0.010202952	0.012061937	0.010786002	0.01156862	0.013092384	0.017446815	0.015964343
0.011971	0.012034	0.020623	0.015661	0.012208	0.01145	0.012498	0.015617	0.008616885	0.009890957	0.009412239	0.008017753	0.012276011	0.014021313	0.015239983	0.018630304
0.013777	0.012421	0.022315	0.019571	0.015257	0.010039	0.013125	0.014414	0.008997892	0.01051619	0.008905444	0.009398431	0.012965436	0.014007646	0.015073095	0.018078644
0.017446	0.011526	0.025796	0.019857	0.015479	0.011396	0.013213	0.018031	0.010485486	0.01144078	0.010089085	0.010577459	0.011950145	0.017761883	0.014846384	0.017856251
0.017711	0.012379	0.02253	0.017007	0.013257	0.009782	0.013264	0.017034	0.011365268	0.010452862	0.008232636	0.010084294	0.011783201	0.018808972	0.014064319	0.017371622
0.0196	0.011447	0.022399	0.013029	0.010156	0.009708	0.013378	0.014767	0.009748701	0.009707179	0.00962537	0.009619167	0.012893622	0.017071045	0.015654806	0.017919096
0.016138	0.012531	0.021532	0.019457	0.015168	0.009697	0.012295	0.017538	0.009085129	0.011566841	0.010475711	0.011060733	0.012850101	0.014933296	0.017442586	0.019421513
0.013051	0.01244	0.022195	0.022296	0.01738	0.010529	0.012773	0.017828	0.008175008	0.010860474	0.010024793	0.008298301	0.010335146	0.013554492	0.014425858	0.018040523
0.015405	0.015241	0.022911	0.01747	0.013619	0.011417	0.012744	0.020649	0.009628824	0.009066728	0.009588943	0.009823928	0.010789219	0.014956674	0.014844664	0.015865333
0.019013	0.012809	0.022446	0.020383	0.015889	0.011205	0.01282	0.019209	0.009085811	0.009076827	0.009880658	0.006662804	0.009992622	0.014339425	0.013758112	0.020802735
0.015456	0.014104	0.021279	0.014872	0.011594	0.009566	0.012496	0.01821	0.00926079	0.01029941	0.010081055	0.013983919	0.010630778	0.013058626	0.012324181	0.022338073
0.016229	0.011114	0.019175	0.017628	0.013742	0.009272	0.013723	0.015449	0.009163827	0.009927595	0.008397728	0.011394879	0.011453945	0.013726341	0.013474116	0.019035138
0.015794	0.013017	0.019242	0.016334	0.012733	0.009946	0.013155	0.013663	0.008106131	0.0095132	0.009914496	0.010868174	0.010895439	0.012291749	0.012538013	0.01910893
0.013036	0.012585	0.019594	0.020426	0.015923	0.010689	0.012457	0.019327	0.008578963	0.008849273	0.011047761	0.011496744	0.013001464	0.013076324	0.012004733	0.01844314
0.010566	0.01057	0.017624	0.018551	0.014461	0.011081	0.013484	0.014007	0.008586549	0.010563197	0.011477879	0.011091666	0.015768792	0.013908333	0.012649138	0.017817303
0.011891	0.011552	0.018163	0.017028	0.013274	0.009225	0.012658	0.016499	0.009211829	0.010264732	0.010126872	0.01066212	0.012387048	0.013622963	0.013495711	0.012999391
0.012371	0.011422	0.023504	0.016971	0.013229	0.009436	0.014506	0.01716	0.010762525	0.008999034	0.009721164	0.009916369	0.013120448	0.013976691	0.012658776	0.018568145
0.012122	0.010428	0.020884	0.01786	0.013923	0.009976	0.015467	0.015069	0.01228473	0.009769468	0.009508134	0.010553198	0.012246708	0.013405019	0.012979612	0.017595186
0.011852	0.012615	0.020221	0.016275	0.012687	0.010193	0.018835	0.018916	0.010060005	0.009962967	0.010982038	0.009958331	0.014987014	0.01509673	0.013495427	0.015292702
0.013575	0.013737	0.022918	0.015119	0.011785	0.0099	0.016657	0.015408	0.011840853	0.011479506	0.00792024	0.008083165	0.011560905	0.015175266	0.014475341	0.018105809
0.010697	0.012732	0.022619	0.01726	0.013455	0.010052	0.018421	0.016272	0.012325953	0.011005282	0.011503732	0.01002136	0.011196745	0.016188376	0.01281103	0.019297873
0.009833	0.012309	0.02275	0.0186	0.0145	0.011084	0.018749	0.015854	0.013094173	0.013150369	0.011927195	0.011314806	0.017494702	0.017659257	0.012522776	0.018254253
0.011492	0.013645	0.022883	0.017653	0.013761	0.01267	0.018423	0.015086	0.012304669	0.012731704	0.010447165	0.011506611	0.013350138	0.020567058	0.014310177	0.016567531
0.01186	0.013853	0.022832	0.020913	0.016303	0.014319	0.01786	0.016039	0.012419367	0.011863688	0.007788629	0.009961514	0.011153713	0.019041832	0.016182448	0.018687279
0.0114	0.01012	0.021307	0.016719	0.013033	0.013763	0.016177	0.013918	0.012040433	0.009794578	0.010010228	0.010223643	0.010926964	0.023723227	0.019037341	0.02142039
0.011615	0.012127	0.019611	0.015432	0.01203	0.015944	0.012964	0.013524	0.012018213	0.010580945	0.010055127	0.010093486	0.01156522	0.016270035	0.015145414	0.021268711
0.011683	0.010613	0.018885	0.020143	0.015702	0.014186	0.012967	0.016698	0.013026157	0.00981073	0.012021632	0.010422671	0.011524897	0.016350765	0.015050763	0.019133963
0.013204	0.009524	0.021362	0.018765	0.014628	0.011929	0.014694	0.015974	0.011990751	0.010744732	0.010654893	0.011295179	0.012123002	0.014007309	0.016370741	0.021742697
0.010873	0.010097	0.020258	0.018397	0.014341	0.011009	0.015514	0.016514	0.010617396	0.011210326	0.009504265	0.012587925	0.010119074	0.0183307	0.017127845	0.02003883
0.011082	0.011007	0.020216	0.018279	0.014249	0.010627	0.014644	0.015003	0.008957173	0.011765096	0.009455918	0.010715351	0.010022296	0.018090613	0.015408224	0.018557973
0.011106	0.010925	0.023683	0.020381	0.015887	0.010405	0.013728	0.016326	0.010194362	0.011650971	0.012541857	0.010405575	0.012181397	0.015667581	0.013425323	0.016791603
0.012983	0.013874	0.021036	0.01899	0.014803	0.011353	0.015048	0.015658	0.008761612	0.010765113	0.013023919	0.010250933	0.011474924	0.015121274	0.014680272	0.017768758
0.014414	0.016022	0.020331	0.014112	0.011001	0.010258	0.011867	0.015033	0.009280139	0.009959924	0.01545524	0.008820927	0.012475655	0.01490946	0.0135955	0.016037193
0.016746	0.017508	0.022118	0.017073	0.013309	0.011587	0.014408	0.01598	0.010918058	0.010060087	0.012424674	0.009335666	0.020910182	0.013802929	0.013895263	0.019868344
0.017203	0.014535	0.019909	0.016628	0.012962	0.009833	0.01317	0.019679	0.009211801	0.00966966	0.012006908	0.008527329	0.014353315	0.016106026	0.014408392	0.020184738
0.016723	0.012849	0.020065	0.017442	0.013597	0.010872	0.012778	0.021271	0.008733598	0.0103663	0.010319437	0.010220079	0.014810512	0.011347266	0.013284513	0.021900685
0.0155	0.010216	0.021871	0.019862	0.015483	0.009047	0.01342	0.019407	0.009511606	0.011559753	0.013503039	0.009389985	0.013216052	0.013269564	0.011793651	0.01535862
0.014401	0.010156	0.023084	0.017892	0.013947	0.011346	0.013153	0.018427	0.009400588	0.010525332	0.012023629	0.012368225	0.011779037	0.012238454	0.012704216	0.016295095
0.014644	0.01098	0.022025	0.015785	0.012305	0.012405	0.015025	0.021491	0.009983436	0.010933505	0.010273709	0.009896108	0.012898708	0.013499369	0.012088129	0.019685271
0.013395	0.012459	0.019559	0.01592	0.01241	0.012427	0.016082	0.019179	0.010701026	0.009695602	0.007683827	0.010827429	0.013000845	0.012146238	0.013699422	0.018443297
0.012067	0.013603	0.018124	0.017137	0.013359	0.013661	0.014662	0.01945	0.010293181	0.011533182	0.007656093	0.010201224	0.013576109	0.011334886	0.014791556	0.016620875
0.011867	0.012851	0.018262	0.016893	0.013168	0.011146	0.014371	0.019003	0.009907241	0.012771038	0.008823863	0.009376572	0.011191902	0.013830747	0.01490797	0.01988902
0.011318	0.010306	0.018311	0.017879	0.013937	0.011144	0.015643	0.01911	0.008217402	0.014500841	0.009432568	0.010744228	0.008979552	0.015216203	0.014775828	0.018423026
0.011483	0.008056	0.017985	0.015654	0.012203	0.01007	0.013224	0.020965	0.010033005	0.013319887	0.009783187	0.010080015	0.013836671	0.011754644	0.015114621	0.018687474
0.011755	0.010623	0.017066	0.01739	0.013556	0.010462	0.012959	0.017758	0.009881617	0.012897894	0.008998525	0.009200369	0.012933925	0.010388657	0.013449961	0.017174543
0.012995	0.018504	0.01757	0.017003	0.013254	0.011021	0.013575	0.018398	0.009425226	0.011564244	0.00879271	0.009456042	0.011024517	0.011737309	0.014639603	0.018465814
0.013318	0.013292	0.017272	0.018831	0.01468	0.012334	0.014664	0.018878	0.009217008	0.011515983	0.010642382	0.009604064	0.013693043	0.011988994	0.013787078	0.017514667
0.010626	0.016548	0.019603	0.017105	0.013334	0.010966	0.014172	0.018828	0.009306157	0.009459145	0.011054328	0.009393583	0.013025729	0.011493801	0.014973922	0.016361446
0.012459	0.010839	0.021021	0.015994	0.012468	0.010625	0.012815	0.020409	0.009596299	0.009781417	0.009263871	0.010586199	0.014308603	0.015774423	0.013078862	0.016321189
0.011698	0.011096	0.020848	0.018384	0.014331	0.010411	0.01435	0.019355	0.010046094	0.008201547	0.009631146	0.01003242	0.018005274	0.012531702	0.012871332	0.016576227
0.013971	0.010132	0.021027	0.013567	0.010576	0.009981	0.013907	0.020154	0.009526738	0.00867534	0.010238137	0.009896018	0.014879243	0.012168635	0.013794353	0.018827441
0.011824	0.012689	0.023242	0.018128	0.014131	0.011447	0.012858	0.018717	0.008892446	0.008642775	0.009730628	0.010781287	0.013171356	0.012407944	0.013167211	0.019286622
0.014044	0.012971	0.021053	0.018434	0.01437	0.012855	0.013035	0.014122	0.00974	0.009091015	0.010512704	0.009369255	0.012087206	0.011638488	0.012589384	0.015784286
0.012105	0.012561	0.020487	0.021549	0.016798	0.009592	0.016974	0.015587	0.009216887	0.010212158	0.010971407	0.011150412	0.011939256	0.017248639	0.013635815	0.016026927
0.010818	0.010009	0.019825	0.0157	0.012239	0.008696	0.01786	0.013187	0.00997874	0.009078435	0.01036338	0.011155373	0.011619939	0.018659011	0.014761927	0.018374619
0.014369	0.010841	0.018338	0.018801	0.014656	0.010869	0.019851	0.013441	0.010810858	0.008668787	0.00958165	0.010659258	0.011008169	0.017852933	0.015611832	0.017080752
0.017351	0.01211	0.01807	0.020407	0.015908	0.011012	0.022022	0.014953	0.01023821	0.010186201	0.008322444	0.008041281	0.014094345	0.017569413	0.017442716	0.01528284
0.020829	0.014186	0.015965	0.020402	0.015904	0.010171	0.019372	0.015082	0.010475646	0.008128144	0.008952038	0.010015536	0.014690714	0.017201274	0.017439405	0.015746775
0.016231	0.014301	0.015482	0.015903	0.012397	0.011145	0.019486	0.015792	0.008389058	0.010745294	0.009057918	0.010778322	0.01206966	0.015667741	0.017979987	0.018123677
0.016316	0.012461	0.016485	0.017741	0.01383	0.011071	0.018031	0.017973	0.009690651	0.011806041	0.00875553	0.010248459	0.0102672	0.015467823	0.017927819	0.01986814
0.017852	0.015455	0.015862	0.019614	0.01529	0.010118	0.014971	0.014902	0.008953362	0.010115544	0.008769227	0.009357898	0.010887028	0.011779089	0.015349013	0.020772821
0.013862	0.013886	0.01823	0.017692	0.013791	0.010055	0.014426	0.012612	0.008838462	0.012267059	0.010983803	0.008977308	0.011679216	0.013322989	0.015291638	0.017792988
0.011233	0.012201	0.016526	0.018394	0.014339	0.010514	0.013941	0.012917	0.009821013	0.008739805	0.012209772	0.010267677	0.012529704	0.014632505	0.014984815	0.017402017
0.011824	0.011404	0.016926	0.019002	0.014813	0.011526	0.015151	0.013474	0.008680021	0.009603095	0.012172453	0.009158955	0.013199125	0.014347382	0.014580341	0.0137551
0.01261	0.012439	0.016906	0.015178	0.011832	0.011678	0.015377	0.021534	0.010167955	0.011371873	0.012242159	0.00919884	0.011905729	0.013375754	0.015569953	0.016740014
0.01224	0.012872	0.016466	0.016636	0.012969	0.01004	0.015962	0.017053	0.008898803	0.009844072	0.011830264	0.009735239	0.01227137	0.013313408	0.016098922	0.01926853
0.013214	0.012753	0.016508	0.017139	0.013361	0.010002	0.016382	0.015541	0.008616955	0.007999078	0.008892373	0.010057877	0.011647368	0.012617654	0.015464108	0.019221156
0.012644	0.011615	0.01616	0.018875	0.014714	0.01189	0.017032	0.018636	0.010005123	0.009258796	0.008992601	0.011179119	0.011247159	0.012865136	0.013995155	0.022416651
0.014254	0.013108	0.021048	0.018147	0.014146	0.010059	0.013563	0.021242	0.008149394	0.009177688	0.008975675	0.011106108	0.011623864	0.013494449	0.014813737	0.019074334
0.01323	0.012122	0.017398	0.017946	0.013989	0.010196	0.013865	0.021121	0.010620774	0.010180846	0.008804535	0.012361545	0.013706833	0.014654415	0.014078914	0.019453706
0.011236	0.011646	0.015873	0.015078	0.011754	0.010147	0.014031	0.020215	0.00964168	0.010979328	0.011236087	0.012058234	0.014391205	0.011712661	0.012163345	0.019151123
0.012497	0.011724	0.018179	0.015987	0.012463	0.010741	0.013544	0.021613	0.009428654	0.009766481	0.00844348	0.012162126	0.013850061	0.012847659	0.012437392	0.019719596
0.014271	0.012738	0.019549	0.017203	0.01341	0.010512	0.014288	0.019885	0.010344444	0.009936361	0.009402278	0.011900666	0.011469323	0.011543166	0.014959832	0.018056365
0.017136	0.011701	0.022465	0.018512	0.014431	0.011162	0.014027	0.022275	0.00733047	0.009985553	0.010499132	0.010862196	0.011496762	0.012355685	0.015185211	0.01544148
0.021165	0.011529	0.022142	0.023045	0.017964	0.012551	0.015925	0.019475	0.008078315	0.009906795	0.009452242	0.010617047	0.011590828	0.01452968	0.012220466	0.017676912
0.017228	0.01128	0.021732	0.019306	0.01505	0.014001	0.015808	0.017729	0.009332402	0.010063828	0.012020373	0.010769252	0.012206116	0.015373832	0.013315263	0.019269505
0.016437	0.01245	0.019432	0.014484	0.01129	0.012973	0.01556	0.01499	0.01018673	0.009274107	0.01345612	0.008462601	0.011840286	0.012306147	0.01330747	0.016222697
0.017692	0.015431	0.018448	0.014709	0.011466	0.012345	0.013919	0.013593	0.008466378	0.010303674	0.010887222	0.009172941	0.012155402	0.012104505	0.015450621	0.015994981
0.016229	0.016373	0.01642	0.020531	0.016005	0.011655	0.01488	0.013521	0.010500743	0.010890605	0.009466671	0.009013219	0.011680606	0.015709875	0.016769022	0.019922731
0.016875	0.015077	0.017217	0.02032	0.01584	0.010038	0.013559	0.013024	0.010656829	0.010706286	0.011408978	0.008635397	0.011114217	0.014480462	0.018019185	0.016008187
0.014511	0.013007	0.017069	0.019074	0.014869	0.011517	0.018962	0.01383	0.012074648	0.010077973	0.008718525	0.009736354	0.014621141	0.016812678	0.017373789	0.014207127
0.012309	0.012493	0.016233	0.018268	0.01424	0.010728	0.019645	0.014535	0.00960627	0.009257531	0.008634879	0.010436959	0.012743908	0.016972479	0.015946237	0.018354244
0.014091	0.013132	0.01543	0.015293	0.011921	0.011095	0.019025	0.014277	0.009440942	0.009798912	0.009758549	0.009879094	0.01260037	0.014194419	0.015417082	0.017617907
0.011677	0.014532	0.01596	0.017902	0.013955	0.010772	0.022874	0.011984	0.009688969	0.00967114	0.009830483	0.009378776	0.014147634	0.013650302	0.014998478	0.015609824
0.013068	0.013875	0.01581	0.021073	0.016427	0.011242	0.021504	0.013437	0.010528333	0.011086073	0.009340717	0.008837441	0.010502965	0.013249222	0.012898478	0.016136399
0.012332	0.014669	0.016011	0.015698	0.012237	0.010188	0.019637	0.01429	0.010659829	0.011316585	0.009583845	0.00848606	0.013645486	0.019410786	0.014507315	0.019016299
0.014404	0.013641	0.016566	0.01796	0.014	0.010176	0.017651	0.015677	0.009619874	0.012326896	0.009679153	0.008359515	0.009762087	0.017437413	0.014435129	0.017641066
0.013144	0.014431	0.018387	0.019757	0.015402	0.010052	0.014372	0.017775	0.009607719	0.014120239	0.010539197	0.009023107	0.008978479	0.018637469	0.013440073	0.014347112
0.013082	0.012891	0.016043	0.017143	0.013363	0.010085	0.015807	0.015833	0.011646638	0.014710573	0.010793418	0.012373322	0.011782154	0.017657693	0.012825448	0.022824448
0.013933	0.013119	0.017573	0.0172	0.013408	0.010387	0.018902	0.014022	0.010379436	0.012940003	0.009425136	0.012268498	0.013975951	0.019367024	0.016815996	0.026167688
0.013355	0.012632	0.017913	0.021842	0.017026	0.01016	0.016525	0.014852	0.010636709	0.013534386	0.010030003	0.012322804	0.017394079	0.01860238	0.016298129	0.026046118
0.01693	0.012281	0.016256	0.018337	0.014295	0.010456	0.014782	0.014102	0.0102669	0.013208086	0.010055403	0.011330457	0.017441865	0.018760743	0.016296306	0.027929676
0.018376	0.013364	0.019407	0.015706	0.012243	0.012866	0.016367	0.013306	0.010153585	0.012619959	0.010538794	0.013707583	0.016356133	0.015910933	0.0150725	0.023291408
0.020205	0.014219	0.02214	0.021865	0.017044	0.013885	0.016347	0.014802	0.011794244	0.010980995	0.010835	0.011326775	0.014078745	0.019126022	0.015713586	0.023788654
0.020605	0.016078	0.023126	0.017303	0.013489	0.012898	0.017081	0.019167	0.009881472	0.010997702	0.013633054	0.01125765	0.012101821	0.016862937	0.014658901	0.026476575
0.01674	0.016308	0.018456	0.018726	0.014597	0.010053	0.019104	0.018004	0.010582184	0.011036041	0.014918516	0.010672056	0.013745439	0.017646981	0.014561159	0.024966108
0.014141	0.013931	0.019253	0.021712	0.016925	0.0108	0.01816	0.014132	0.009664113	0.011949232	0.012932544	0.011087517	0.012575399	0.014910376	0.013473017	0.02244519
0.015737	0.011901	0.019121	0.015811	0.012325	0.011265	0.016415	0.013076	0.010801186	0.010905521	0.012737556	0.010312462	0.009997856	0.016545361	0.014493901	0.021565695
0.011893	0.013964	0.020029	0.017578	0.013703	0.011502	0.017013	0.019458	0.011578549	0.010233624	0.012672817	0.010667435	0.010853739	0.018321201	0.015987776	0.018777188
0.013982	0.013495	0.019066	0.015977	0.012455	0.011112	0.016357	0.016994	0.010157711	0.013672941	0.009212935	0.010110545	0.012736614	0.014000756	0.013382504	0.017005404
0.014107	0.012467	0.017521	0.019066	0.014863	0.011337	0.019852	0.021172	0.0107701	0.013365806	0.010281057	0.011045745	0.014576345	0.014348514	0.014172431	0.020078035
0.013841	0.015765	0.01571	0.021658	0.016883	0.010886	0.018967	0.017441	0.010462333	0.011448589	0.010849491	0.013646005	0.013691101	0.013135482	0.018946616	0.024271365
0.013045	0.019071	0.017063	0.020478	0.015964	0.011334	0.019985	0.017186	0.012521745	0.012240878	0.009579102	0.009446181	0.013596028	0.013224553	0.018566112	0.028038796
0.013148	0.018587	0.016641	0.018875	0.014714	0.0114	0.020126	0.013604	0.012961625	0.01201244	0.011294375	0.010851596	0.014598677	0.013513581	0.018609841	0.025784534
0.018872	0.020614	0.01662	0.018276	0.014247	0.011673	0.020866	0.013637	0.014387948	0.011693514	0.013353753	0.010389291	0.01349444	0.015827538	0.017678483	0.023938368
0.019324	0.016488	0.016094	0.020979	0.016354	0.011765	0.024454	0.016907	0.014965753	0.013722839	0.012333623	0.010267695	0.01511107	0.013568225	0.019391004	0.022584201
0.016424	0.016589	0.018073	0.023453	0.018283	0.015485	0.026353	0.016704	0.012746711	0.014488072	0.009762915	0.013003543	0.012076792	0.012926963	0.017093586	0.024267831
0.01406	0.017755	0.018948	0.028936	0.022557	0.014529	0.024006	0.015127	0.011088383	0.01731299	0.010941105	0.014439276	0.01136756	0.013831356	0.016507263	0.024929567
0.014396	0.015053	0.01658	0.023642	0.01843	0.014451	0.022625	0.019284	0.010818472	0.016752778	0.01073452	0.01602391	0.017796977	0.015083037	0.016443405	0.024810143
0.013826	0.016897	0.017104	0.023926	0.018651	0.015207	0.025037	0.019965	0.011136974	0.016633706	0.012437242	0.014206953	0.013262548	0.014769853	0.012438991	0.021598268
0.016993	0.021653	0.017823	0.024063	0.018758	0.013848	0.024198	0.024433	0.011838483	0.016963307	0.012149064	0.013092114	0.012121518	0.017861335	0.013995159	0.020857336
0.015353	0.01884	0.019467	0.024543	0.019132	0.012533	0.023608	0.022139	0.011101449	0.013464299	0.011158732	0.012162441	0.011973968	0.018118337	0.015442444	0.020380971
0.015685	0.018138	0.018701	0.016736	0.013046	0.013519	0.027655	0.022228	0.012300992	0.014021233	0.0125196	0.010513992	0.01239728	0.018366929	0.01854319	0.019256346
0.01818	0.018424	0.022315	0.025616	0.019969	0.013303	0.026344	0.022194	0.011764669	0.015902086	0.011595098	0.012337377	0.014105241	0.019462104	0.018869595	0.023813411
0.020216	0.016288	0.022309	0.021895	0.017068	0.012775	0.022711	0.019038	0.011511987	0.017453714	0.011919973	0.013255766	0.016841094	0.019776501	0.015634095	0.022670909
0.019697	0.020023	0.022636	0.028295	0.022057	0.014403	0.021536	0.018938	0.013458173	0.014502449	0.012262106	0.012942205	0.021325843	0.0181594	0.016052746	0.027352612
0.018603	0.017079	0.01995	0.0233	0.018163	0.012934	0.02693	0.018913	0.01423711	0.012514921	0.01464402	0.013689506	0.02255067	0.021893996	0.016533901	0.02536863
0.020088	0.020787	0.020017	0.023572	0.018375	0.013998	0.022666	0.020606	0.010990756	0.011453694	0.014039648	0.010530645	0.018720845	0.018239188	0.016585138	0.025975181
0.023738	0.014783	0.019449	0.023574	0.018377	0.015257	0.020202	0.020017	0.013610409	0.013533912	0.014806028	0.014597347	0.016772895	0.015671348	0.016680616	0.027807916
0.016275	0.015776	0.015056	0.025951	0.02023	0.013075	0.018836	0.02236	0.014109249	0.01555089	0.015377266	0.01243593	0.017877439	0.017018371	0.016109522	0.026836204
0.017759	0.015642	0.016038	0.028498	0.022215	0.014435	0.022929	0.02098	0.017222189	0.018773415	0.015342136	0.011050376	0.016078331	0.015321266	0.015111263	0.025307864
0.017994	0.019859	0.021102	0.024711	0.019263	0.016548	0.017366	0.027421	0.016142982	0.016271056	0.013017085	0.012764858	0.014363346	0.018214721	0.016230728	0.023587084
0.021053	0.019532	0.022023	0.028328	0.022082	0.016888	0.023821	0.020588	0.015594386	0.017764357	0.012778945	0.011411557	0.017258469	0.018553365	0.015030517	0.025238382
0.023575	0.015932	0.020771	0.021356	0.016648	0.018324	0.023516	0.026683	0.013322627	0.014498991	0.010448868	0.009071938	0.017082696	0.014450095	0.016406474	0.026335205
0.022276	0.017129	0.018096	0.021048	0.016408	0.019063	0.018623	0.022435	0.013851465	0.019166315	0.011165972	0.012948898	0.019072201	0.017183901	0.014377638	0.027810114
0.022107	0.021555	0.016977	0.025294	0.019718	0.018288	0.016528	0.024028	0.014199239	0.013480998	0.013057136	0.01509238	0.018649532	0.019392972	0.01411569	0.024468406
0.020678	0.017084	0.017556	0.025897	0.020188	0.017776	0.016845	0.022097	0.012042509	0.012213188	0.011865255	0.013898728	0.017868741	0.023438769	0.017740927	0.023034581
0.016555	0.012966	0.019774	0.023757	0.01852	0.018869	0.018001	0.023084	0.012710528	0.013218842	0.011061736	0.010386908	0.01536138	0.020425097	0.018910733	0.024276042
0.016214	0.015326	0.020673	0.024042	0.018742	0.014827	0.020856	0.0257	0.010315423	0.014470099	0.012566804	0.012848147	0.017167351	0.01908759	0.018324043	0.022850395
0.018461	0.018148	0.021924	0.027427	0.02138	0.011015	0.024187	0.026312	0.009496609	0.016167024	0.01426189	0.013128035	0.016086799	0.022027348	0.019194375	0.021081993
0.017694	0.020055	0.022721	0.027077	0.021108	0.015382	0.021655	0.019045	0.013703948	0.016912932	0.01290056	0.00980126	0.014616769	0.024502665	0.016634767	0.022340071
0.020277	0.019158	0.024221	0.023853	0.018594	0.017981	0.020515	0.015641	0.013263034	0.016068505	0.01350037	0.009566114	0.01462274	0.019752367	0.016106125	0.022440766
0.026209	0.021783	0.028523	0.026797	0.020889	0.022572	0.026516	0.027696	0.010571386	0.013923909	0.015857515	0.01087791	0.015581818	0.020233754	0.01490703	0.021424819
0.027198	0.0268	0.027952	0.027536	0.021465	0.017454	0.025607	0.025539	0.014621213	0.014446376	0.016882998	0.011836935	0.016549401	0.020558397	0.014603871	0.018478202
0.024401	0.020639	0.025523	0.026284	0.020489	0.017848	0.025629	0.026742	0.011418008	0.011804442	0.014997565	0.01585768	0.013488697	0.018050346	0.015962375	0.019936356
0.021999	0.022152	0.02593	0.027052	0.021088	0.019954	0.028197	0.028256	0.013937722	0.010981742	0.015132879	0.015274797	0.017672625	0.016894877	0.017146858	0.019595752
0.024963	0.02652	0.027857	0.033725	0.02629	0.02177	0.029519	0.027271	0.014074412	0.012551513	0.013738717	0.014770294	0.01924723	0.021410864	0.016038651	0.019087474
0.017979	0.020802	0.024796	0.028966	0.02258	0.016191	0.023983	0.026201	0.014429265	0.013313464	0.013657583	0.013713292	0.020919105	0.018405581	0.016033793	0.022747536
0.018509	0.020315	0.020944	0.024754	0.019296	0.016351	0.020567	0.023812	0.014529913	0.013679218	0.012471445	0.013821853	0.014969781	0.020047171	0.015601388	0.024225419
0.019915	0.018261	0.023758	0.020934	0.016318	0.017432	0.026112	0.02089	0.014786394	0.013850265	0.012675548	0.013744555	0.013706853	0.020441888	0.015783772	0.022050352
0.014779	0.013345	0.022285	0.022927	0.017872	0.016013	0.021051	0.024519	0.012847118	0.012461574	0.01434795	0.0130557	0.01208895	0.020969788	0.016416306	0.019708554
0.019236	0.01534	0.021279	0.02128	0.016588	0.018888	0.023537	0.024143	0.014925913	0.010288857	0.011478901	0.011021369	0.013057967	0.022726575	0.018980147	0.021472997
0.023674	0.014572	0.022581	0.018005	0.014036	0.02018	0.026037	0.022109	0.014308304	0.012202452	0.008816262	0.011341793	0.013243814	0.021165806	0.017590091	0.023432131
0.021157	0.021865	0.024122	0.025695	0.02003	0.020345	0.021721	0.023489	0.012261024	0.012696649	0.010401203	0.010658855	0.015500007	0.022372479	0.018425948	0.022245181
0.018665	0.014956	0.024063	0.027264	0.021253	0.018321	0.020818	0.027393	0.011747575	0.010582315	0.012938786	0.009250899	0.01772168	0.022459603	0.019438612	0.020317555
0.019893	0.019228	0.023923	0.026471	0.020635	0.014507	0.020695	0.026302	0.013662168	0.012485739	0.012367891	0.01035129	0.018655288	0.020929011	0.017180207	0.018696223
0.020267	0.015442	0.022972	0.024346	0.018979	0.018241	0.01866	0.014285	0.013241682	0.013831984	0.011823646	0.010694455	0.01908313	0.02054873	0.01447478	0.020238887
0.017293	0.013051	0.02266	0.024444	0.019055	0.015593	0.021259	0.020276	0.015495218	0.010917446	0.012033332	0.011565999	0.020117307	0.02156413	0.014204366	0.022692469
0.020111	0.01323	0.022282	0.020921	0.016309	0.015175	0.02313	0.021095	0.011533165	0.010738578	0.009592568	0.014187099	0.016306082	0.02023435	0.013954789	0.01957421
0.018243	0.016652	0.024215	0.028463	0.022188	0.014973	0.020284	0.022231	0.008550969	0.012200439	0.012087977	0.011350966	0.018127361	0.018929041	0.013875203	0.018276917
0.014753	0.016854	0.02279	0.026983	0.021035	0.012345	0.019448	0.024439	0.009841693	0.014892749	0.012673697	0.009340227	0.017858984	0.017753935	0.015468767	0.0254405
0.017173	0.017523	0.018638	0.027244	0.021238	0.012697	0.019155	0.025625	0.009996289	0.014284101	0.012325181	0.009383216	0.014918529	0.020545827	0.016575379	0.029973069
0.019931	0.023014	0.018957	0.029582	0.02306	0.012855	0.018022	0.026757	0.009727157	0.013039244	0.010264203	0.009860291	0.015749596	0.021596618	0.015662207	0.030681461
0.019663	0.022267	0.017698	0.020039	0.015621	0.016342	0.020028	0.024194	0.010722283	0.013771018	0.010700764	0.01226775	0.014640024	0.02000235	0.015269069	0.025175124
0.020861	0.018716	0.01829	0.018001	0.014032	0.017863	0.019344	0.02334	0.013924871	0.012322699	0.012217583	0.01019742	0.014471935	0.019977339	0.016103422	0.023483435
0.019333	0.020618	0.020108	0.018003	0.014034	0.018016	0.020925	0.025602	0.01203369	0.017309555	0.012278806	0.010905796	0.014227206	0.020441114	0.016860573	0.021673254
0.018577	0.015528	0.022104	0.018728	0.014599	0.020393	0.02372	0.019441	0.013256659	0.013173773	0.015048901	0.010604839	0.014607735	0.021777685	0.016421991	0.018935975
0.016324	0.014867	0.02473	0.021052	0.016411	0.016866	0.016473	0.017464	0.009832898	0.013166414	0.015631537	0.011296914	0.014809334	0.021196389	0.018287552	0.018097655
0.01461	0.018095	0.023405	0.019441	0.015155	0.020493	0.018638	0.022497	0.011110837	0.016687708	0.016188549	0.009757011	0.010719976	0.017878972	0.019104125	0.017945775
0.011604	0.017534	0.022997	0.02194	0.017103	0.021297	0.020184	0.020128	0.011849546	0.01708829	0.018195139	0.010546635	0.015257045	0.019825451	0.023572871	0.0192797
0.011272	0.018585	0.025593	0.036085	0.02813	0.017288	0.016172	0.026803	0.012844396	0.018953551	0.016337379	0.01058248	0.015724571	0.023057395	0.023085767	0.019483468
0.011968	0.017647	0.024139	0.023928	0.018653	0.017626	0.01453	0.019761	0.011531388	0.01486751	0.015995696	0.012585451	0.010920673	0.017680233	0.020694375	0.018232664
0.016167	0.017837	0.020541	0.023334	0.01819	0.01913	0.016419	0.019234	0.012401556	0.014326501	0.014318851	0.010277714	0.011998462	0.019785633	0.019635142	0.017801327
0.01668	0.021398	0.022298	0.027709	0.0216	0.018656	0.017191	0.025104	0.011555176	0.015137871	0.015877355	0.010475209	0.010647122	0.018079132	0.020116914	0.020044738
0.017493	0.014154	0.023875	0.026646	0.020772	0.014375	0.017137	0.026221	0.012442071	0.01595363	0.013548246	0.01167431	0.013369246	0.018342255	0.01962581	0.020615628
0.022453	0.012155	0.022352	0.019841	0.015467	0.012125	0.017172	0.022154	0.013316226	0.011133813	0.01357287	0.013248298	0.012390421	0.016340851	0.020084496	0.018192055
0.019445	0.015298	0.021957	0.032181	0.025086	0.01246	0.023275	0.02395	0.013970189	0.012931972	0.01279367	0.013522171	0.012326143	0.018175624	0.021266147	0.018533078
0.013393	0.015282	0.02493	0.026208	0.02043	0.013546	0.021684	0.025624	0.013702184	0.01406571	0.015557858	0.011584612	0.011171589	0.020507348	0.017601668	0.018160618
0.015721	0.014996	0.027574	0.021185	0.016514	0.014231	0.022032	0.021317	0.011843312	0.014179383	0.015517453	0.011192447	0.013068139	0.018490281	0.018865073	0.018885609
0.014608	0.015424	0.022971	0.020471	0.015958	0.016072	0.023524	0.023478	0.013126155	0.015133301	0.012209861	0.011826484	0.013404998	0.017741849	0.018105259	0.018284177
0.018696	0.014832	0.025753	0.022243	0.017339	0.017943	0.022472	0.025139	0.012900197	0.012079904	0.01297641	0.011714564	0.016286264	0.021840259	0.01790878	0.01663499
0.022253	0.015298	0.021768	0.023832	0.018578	0.014415	0.022029	0.021183	0.012256777	0.010756364	0.012875539	0.009517759	0.016107216	0.021506842	0.019267185	0.018550704
0.015737	0.019201	0.020883	0.019366	0.015096	0.012662	0.021096	0.01964	0.013634504	0.009401082	0.017990738	0.00917301	0.018477459	0.018347801	0.018486961	0.016755309
0.015625	0.014528	0.022879	0.021709	0.016923	0.013443	0.021716	0.020092	0.013512189	0.011325172	0.014379031	0.01128775	0.018308361	0.019583952	0.017565103	0.016056817
0.011722	0.015255	0.022827	0.021309	0.016611	0.012329	0.02095	0.02612	0.012730759	0.011173496	0.016029473	0.012673234	0.020494712	0.01870838	0.016801672	0.01732862
0.013064	0.015533	0.022141	0.025848	0.02015	0.012303	0.019973	0.024843	0.011751255	0.010158647	0.014144976	0.012550182	0.015965873	0.017714683	0.017027552	0.018204957
0.01616	0.01445	0.024578	0.027307	0.021287	0.012772	0.017885	0.01744	0.009998079	0.011692426	0.015801238	0.015538089	0.01513245	0.015439922	0.016370871	0.019525775
0.015408	0.014796	0.020345	0.030799	0.024009	0.013713	0.016606	0.022248	0.011058018	0.010578051	0.013516265	0.017034282	0.013827974	0.017873235	0.015897698	0.016969548
0.019616	0.013954	0.019526	0.025568	0.019931	0.011115	0.015727	0.019686	0.011832157	0.011125334	0.011459002	0.01552798	0.010843554	0.016312229	0.015743026	0.022604001
0.016074	0.014404	0.020065	0.027238	0.021233	0.010723	0.015771	0.017672	0.017236885	0.010649889	0.010584242	0.014403304	0.011927371	0.015796104	0.016185022	0.022709291
0.01858	0.014883	0.020261	0.027901	0.02175	0.012118	0.015915	0.017896	0.010211948	0.012844942	0.009990296	0.017819939	0.011608156	0.016861883	0.015789466	0.022603344
0.018924	0.015639	0.019247	0.023495	0.018315	0.012088	0.018309	0.018382	0.012230535	0.011177231	0.013199591	0.014448625	0.01129309	0.019586743	0.015864379	0.021444125
0.015844	0.01597	0.023252	0.019726	0.015377	0.013759	0.017302	0.020087	0.014971297	0.011265099	0.013824674	0.013221614	0.012238246	0.017688911	0.015641603	0.020416903
0.013694	0.0141	0.021097	0.022926	0.017871	0.012983	0.017819	0.021065	0.011521404	0.012915678	0.01466274	0.015857644	0.015488792	0.015869356	0.015508578	0.018111289
0.023994	0.014904	0.018624	0.020077	0.015651	0.013808	0.018654	0.019477	0.012431593	0.012420041	0.010142269	0.013484585	0.014884456	0.016323607	0.016465685	0.018884634
0.018618	0.018008	0.018595	0.026875	0.02095	0.013646	0.021395	0.025164	0.013985176	0.01335582	0.010011016	0.012838698	0.011487546	0.017340976	0.01633603	0.017837222
0.013678	0.014921	0.019528	0.023842	0.018586	0.011884	0.02144	0.025821	0.013170583	0.011307013	0.012399858	0.011721766	0.011860683	0.013643102	0.015150711	0.017946822
0.016479	0.018161	0.021382	0.021192	0.01652	0.012399	0.023271	0.019107	0.012477664	0.013052147	0.01467383	0.011713613	0.01058342	0.017500376	0.015380401	0.016398449
0.016407	0.017553	0.024115	0.024806	0.019337	0.014507	0.026153	0.021271	0.013527407	0.015145064	0.013238009	0.012268392	0.013722922	0.017497279	0.014281263	0.01795834
0.021014	0.015107	0.024326	0.027186	0.021192	0.014475	0.025329	0.023656	0.012841105	0.016835387	0.011202675	0.010380866	0.016143558	0.016289711	0.014693759	0.02009402
0.021183	0.017711	0.024882	0.022091	0.01722	0.015092	0.024632	0.021527	0.010682698	0.016689468	0.015021277	0.008350154	0.019987984	0.015536873	0.013851849	0.020603287
0.021652	0.014735	0.025909	0.024148	0.018824	0.013105	0.024304	0.024652	0.010971614	0.02081785	0.011380977	0.011404773	0.02142383	0.017515434	0.014499582	0.017269995
0.022901	0.01504	0.024676	0.023285	0.018151	0.014123	0.025052	0.015896	0.008957155	0.014678237	0.009833323	0.013198101	0.013237967	0.019325516	0.015132047	0.01766362
0.022058	0.016267	0.023572	0.01958	0.015263	0.014845	0.020048	0.01947	0.008287184	0.013698287	0.012958744	0.013813834	0.012643457	0.020978596	0.015016728	0.019451603
0.016967	0.014895	0.01916	0.022705	0.0177	0.013292	0.020912	0.018554	0.0110199	0.012838583	0.013010646	0.011094313	0.013135045	0.02147422	0.015170668	0.020088235
0.013557	0.020932	0.01703	0.021008	0.016377	0.014576	0.021714	0.017813	0.010706927	0.012360125	0.01266261	0.009143988	0.01267963	0.016959106	0.016357306	0.021535695
0.014074	0.020509	0.017289	0.020455	0.015945	0.016013	0.022623	0.017337	0.010157241	0.010777691	0.012871727	0.009419376	0.013052487	0.017355045	0.019707216	0.018558535
0.0198	0.012521	0.018479	0.027128	0.021147	0.017452	0.022549	0.015751	0.013045832	0.010189002	0.008775829	0.009789101	0.01314034	0.01696146	0.021393547	0.018360823
0.015852	0.015907	0.018891	0.028531	0.022241	0.017086	0.017196	0.01951	0.012986648	0.011597083	0.009493238	0.010141012	0.013862733	0.015360207	0.020254612	0.018441275
0.01513	0.018816	0.019278	0.026857	0.020936	0.014531	0.016655	0.016532	0.011839157	0.012320681	0.01135527	0.01149282	0.016074965	0.01614505	0.019925664	0.018951765
0.017448	0.018416	0.020092	0.029973	0.023365	0.016256	0.017243	0.022288	0.014602318	0.013849738	0.00944258	0.008816351	0.011707075	0.015149011	0.019782328	0.021976104
0.01747	0.018703	0.019498	0.022741	0.017728	0.017367	0.019094	0.020792	0.011143777	0.012886161	0.012257438	0.009904927	0.011667378	0.016363197	0.020265948	0.025508402
0.019173	0.019095	0.018642	0.022633	0.017644	0.019661	0.016097	0.025798	0.015027541	0.011356946	0.013850376	0.010997929	0.012117859	0.016012333	0.018393095	0.023782897
0.020216	0.015989	0.017795	0.022792	0.017767	0.018607	0.01486	0.027712	0.01329295	0.01123486	0.010080664	0.011231887	0.01294242	0.015233905	0.020476909	0.02352667
0.02252	0.015937	0.019458	0.022258	0.017351	0.017	0.017203	0.023952	0.013797013	0.010212225	0.00966798	0.011061684	0.010917519	0.017826505	0.018698845	0.024651218
0.022504	0.015261	0.017649	0.022475	0.01752	0.015787	0.015354	0.022266	0.010912388	0.0119663	0.014513258	0.012669552	0.010521528	0.016615594	0.017210047	0.029830504
0.015613	0.016697	0.017125	0.022341	0.017415	0.01486	0.017211	0.024511	0.00963431	0.01229785	0.013936105	0.015071511	0.010773187	0.014150523	0.016268009	0.021842355
0.017479	0.018842	0.018732	0.024144	0.018821	0.016138	0.020062	0.025095	0.011847071	0.01293733	0.017597136	0.014815327	0.013711902	0.014791715	0.016416659	0.022343316
0.013925	0.013548	0.018163	0.019067	0.014864	0.013542	0.025354	0.025137	0.012846037	0.012701466	0.017156428	0.014967314	0.011400091	0.018078631	0.01567247	0.023173825
0.01382	0.010958	0.016141	0.018917	0.014746	0.014613	0.021589	0.026703	0.014048076	0.014150352	0.018570619	0.014881784	0.012374153	0.01827089	0.015802276	0.021989377
0.013727	0.013799	0.015726	0.017867	0.013928	0.014496	0.02133	0.024963	0.011115759	0.015248013	0.017928436	0.013519515	0.010967674	0.017206181	0.016100638	0.020429981
0.016611	0.015179	0.017383	0.019767	0.015409	0.013294	0.02143	0.025673	0.012449171	0.016904991	0.013890601	0.014347374	0.013096294	0.016632523	0.015435203	0.025498168
0.019498	0.011608	0.016502	0.019609	0.015286	0.015515	0.022869	0.024183	0.009552155	0.015156417	0.011432817	0.015081084	0.013008462	0.0198854	0.015950332	0.023386375
0.021417	0.014855	0.016935	0.019557	0.015245	0.014654	0.019383	0.016448	0.011526517	0.013886731	0.010591052	0.013294313	0.014060885	0.022277322	0.015640586	0.025444363
0.019271	0.013727	0.016912	0.016118	0.012564	0.013769	0.01895	0.01501	0.010207677	0.013514529	0.009348646	0.013661729	0.013822565	0.017400557	0.015901754	0.030219439
0.013979	0.010963	0.016219	0.019226	0.014987	0.015607	0.016544	0.020238	0.012628165	0.013319098	0.009264188	0.013897726	0.015206496	0.020664168	0.015499073	0.026482526
0.015632	0.011451	0.017001	0.019203	0.01497	0.014444	0.020075	0.020339	0.011421081	0.010948604	0.011271223	0.011626308	0.013130067	0.020812121	0.014456737	0.023571456
0.013438	0.011739	0.015984	0.017984	0.014019	0.014025	0.016082	0.020844	0.011712719	0.010150003	0.013841979	0.010368916	0.017509246	0.021765166	0.014754401	0.022954339
0.014758	0.011705	0.017408	0.021194	0.016521	0.016191	0.016133	0.022109	0.012634808	0.009172455	0.01239888	0.011130951	0.016911999	0.018109641	0.016114047	0.021140709
0.017612	0.010301	0.016624	0.025425	0.019819	0.01192	0.019468	0.017694	0.009240412	0.009185271	0.010869203	0.012654364	0.021126563	0.015570091	0.017096159	0.023402559
0.015986	0.011427	0.016083	0.024745	0.01929	0.01587	0.013634	0.017562	0.009284554	0.014428819	0.011061179	0.008459382	0.017953511	0.015856013	0.021138543	0.029202374
0.01403	0.012992	0.014991	0.026211	0.020432	0.017534	0.01421	0.020188	0.011841906	0.014132737	0.012137059	0.007830306	0.016912996	0.017622035	0.019361453	0.030544805
0.012741	0.019125	0.017093	0.018003	0.014034	0.018218	0.016283	0.017922	0.011748759	0.012690102	0.011246641	0.009648092	0.016824079	0.017739499	0.01791294	0.024607593
0.013189	0.020005	0.020608	0.017207	0.013414	0.016936	0.014821	0.022266	0.01197363	0.01239822	0.012192604	0.009874025	0.017113076	0.014382013	0.016293272	0.026349191
0.009895	0.017049	0.023769	0.017973	0.014011	0.017717	0.014661	0.018826	0.016710486	0.011744628	0.012818916	0.009579328	0.019269711	0.016046721	0.01807025	0.026435928
0.010117	0.01802	0.020004	0.017279	0.01347	0.018361	0.017885	0.018187	0.012654423	0.011781946	0.010768205	0.010064691	0.017529374	0.017772644	0.017984306	0.026601603
0.013916	0.015937	0.020346	0.01828	0.01425	0.018892	0.014638	0.022863	0.013181349	0.012396419	0.010923279	0.010624737	0.015408374	0.021154661	0.016334491	0.026087393
0.016481	0.017095	0.023651	0.022891	0.017844	0.014624	0.013935	0.023347	0.012508682	0.015264988	0.013235459	0.009903861	0.013955695	0.021866186	0.016182909	0.025509282
0.018568	0.019972	0.02112	0.021302	0.016606	0.01087	0.015069	0.019215	0.013225751	0.013047251	0.01250215	0.009472941	0.014111346	0.017095041	0.016264341	0.022238744
0.013888	0.016526	0.020453	0.020827	0.016235	0.014115	0.014909	0.024615	0.012782848	0.012281515	0.010850287	0.010381005	0.011305214	0.017877603	0.016408543	0.02148383
0.010031	0.016333	0.020202	0.022782	0.017759	0.017691	0.016438	0.020789	0.011659622	0.010282624	0.014106549	0.009384091	0.012983292	0.016535754	0.015226832	0.019303877
0.010135	0.014734	0.022852	0.021535	0.016787	0.018375	0.021381	0.023174	0.012547199	0.011353554	0.017177399	0.008899064	0.010664685	0.016364613	0.015225237	0.022088149
0.01007	0.01417	0.024101	0.021172	0.016504	0.016543	0.023755	0.022217	0.010130239	0.010545189	0.014686368	0.012457483	0.012916648	0.016871996	0.015459944	0.022215661
0.010581	0.015132	0.022135	0.018086	0.014099	0.014591	0.022783	0.025212	0.008504777	0.010819471	0.013460015	0.012141423	0.014402265	0.018440268	0.015355845	0.020876694
0.010766	0.01412	0.022933	0.018571	0.014477	0.014464	0.023589	0.018554	0.00865079	0.014496405	0.013902254	0.009012259	0.011503403	0.01753235	0.014807371	0.019505243
0.011775	0.010568	0.019216	0.016192	0.012622	0.012866	0.024354	0.020818	0.009453399	0.017007245	0.014365432	0.008735709	0.012100744	0.015079382	0.016298478	0.019650442
0.011578	0.012885	0.021785	0.018669	0.014553	0.01296	0.02196	0.019783	0.009597997	0.016153447	0.014536991	0.009862059	0.01225656	0.01645222	0.016066448	0.019613145
0.015729	0.011754	0.023133	0.01918	0.014951	0.012671	0.019251	0.016723	0.010514016	0.018547196	0.013036327	0.012540912	0.014806806	0.018304851	0.014391543	0.01957431
0.016482	0.009962	0.027586	0.018062	0.01408	0.012431	0.020507	0.017003	0.010067845	0.013554657	0.015007755	0.016395603	0.012838509	0.020890164	0.015386478	0.017816089
0.012526	0.009941	0.023318	0.013164	0.010262	0.012186	0.020014	0.019443	0.012920627	0.014483005	0.011232521	0.016193319	0.014181595	0.014532687	0.017133789	0.019849186
0.011616	0.009	0.021776	0.016582	0.012926	0.012736	0.021268	0.023216	0.013050018	0.012661623	0.012523634	0.016417798	0.01429901	0.019383123	0.019909767	0.018994962
0.013736	0.008667	0.021456	0.018463	0.014393	0.013712	0.020457	0.02184	0.013572701	0.011740468	0.015738463	0.013210436	0.013094153	0.016619352	0.017618733	0.018228054
0.017177	0.009206	0.022508	0.020065	0.015641	0.012918	0.01276	0.023645	0.012335822	0.010900308	0.011053732	0.012187992	0.013324514	0.017382039	0.020576858	0.018806037
0.016166	0.011066	0.021004	0.016577	0.012922	0.011586	0.014497	0.020298	0.012948585	0.009119095	0.012055101	0.011109718	0.015046442	0.021395387	0.019738319	0.019044772
0.015701	0.010934	0.02188	0.017473	0.013621	0.011009	0.014088	0.024113	0.016436811	0.011478618	0.012936925	0.013502023	0.011296722	0.025489698	0.016470651	0.019423335
0.01585	0.012531	0.020397	0.017165	0.013381	0.01104	0.014294	0.023181	0.011224906	0.014747507	0.012771404	0.010954982	0.015814096	0.024912289	0.018240703	0.020194206
