HLF+/+ ND				HLF+/- ND				HLF+/+ HFD				HLF+/- HFD			
0.036777	0.037588	0.077293	0.039749	0.048855	0.050044	0.06817	0.056621	0.055475	0.05451	0.059465	0.05459	0.078979	0.050401	0.058404	0.068858
0.037761	0.037382	0.07013	0.039398	0.046191	0.059951	0.069341	0.04819	0.056455	0.058805	0.05201	0.048816	0.056328	0.054095	0.065662	0.087466
0.036015	0.038168	0.067838	0.040675	0.042171	0.0556	0.077957	0.039109	0.046768	0.054338	0.043574	0.038174	0.065407	0.059627	0.06092	0.084293
0.039142	0.041948	0.062048	0.041947	0.042654	0.048855	0.065175	0.036025	0.036981	0.050445	0.039325	0.042438	0.064089	0.048999	0.056556	0.071776
0.034596	0.037973	0.056838	0.053208	0.042471	0.039687	0.07651	0.047495	0.034729	0.049452	0.0435	0.040092	0.053833	0.0467	0.057559	0.082321
0.060965	0.039924	0.072526	0.054669	0.053624	0.044965	0.070093	0.055963	0.035638	0.056471	0.046746	0.041585	0.048457	0.046183	0.049575	0.087286
0.065548	0.045473	0.062485	0.038779	0.049549	0.041249	0.059364	0.03872	0.038478	0.045411	0.042763	0.035839	0.049393	0.049702	0.059481	0.081783
0.071228	0.055351	0.060301	0.03804	0.042132	0.03755	0.05788	0.041943	0.036503	0.049118	0.04335	0.0404	0.047185	0.04646	0.062868	0.077092
0.070351	0.052283	0.059333	0.037066	0.042256	0.040932	0.04358	0.052448	0.034571	0.044076	0.036606	0.041142	0.038061	0.047079	0.053311	0.073622
0.068143	0.058429	0.056586	0.041798	0.036494	0.040521	0.043735	0.051769	0.042735	0.044661	0.035554	0.036613	0.038667	0.043263	0.053775	0.073644
0.050607	0.054126	0.06497	0.042805	0.052846	0.041215	0.039437	0.048436	0.039089	0.042462	0.038404	0.03379	0.046608	0.047294	0.053493	0.070831
0.055663	0.061694	0.077456	0.044757	0.042357	0.042159	0.040159	0.059866	0.054003	0.046235	0.046331	0.030777	0.038973	0.048981	0.058177	0.063448
0.048251	0.053405	0.076061	0.04265	0.042071	0.037711	0.038566	0.076265	0.045232	0.042633	0.036619	0.041896	0.043137	0.050036	0.051353	0.058564
0.040725	0.048007	0.065151	0.042151	0.041521	0.037748	0.040587	0.075101	0.040426	0.04136	0.035737	0.039799	0.038232	0.044825	0.056702	0.06034
0.035826	0.050436	0.063986	0.047128	0.040161	0.038044	0.044564	0.064736	0.036823	0.037773	0.037253	0.037694	0.040879	0.040913	0.045831	0.060931
0.035729	0.045109	0.070935	0.056193	0.039808	0.039056	0.041325	0.079584	0.036183	0.037241	0.039801	0.037545	0.037747	0.043378	0.046676	0.088557
0.032608	0.035295	0.059585	0.066543	0.043621	0.038749	0.038525	0.060832	0.035403	0.035876	0.038531	0.045002	0.045304	0.046848	0.047934	0.083515
0.036304	0.033301	0.075816	0.045421	0.043452	0.039287	0.041119	0.071187	0.03696	0.036045	0.038196	0.042619	0.04975	0.050249	0.048749	0.075737
0.036699	0.040884	0.081652	0.035465	0.044024	0.038313	0.038939	0.072217	0.035447	0.042111	0.049133	0.039579	0.055036	0.047303	0.04644	0.074156
0.036688	0.035542	0.086112	0.036993	0.042602	0.047624	0.040987	0.043299	0.035893	0.045793	0.054539	0.040855	0.070434	0.053052	0.045982	0.073243
0.044284	0.035957	0.077008	0.033211	0.041962	0.041234	0.043913	0.052927	0.03426	0.035814	0.047508	0.040305	0.053752	0.057607	0.049172	0.069065
0.044371	0.047344	0.071411	0.039838	0.053197	0.039309	0.042384	0.06029	0.035784	0.036026	0.038451	0.038433	0.044231	0.064884	0.045788	0.071338
0.051295	0.04018	0.069485	0.036027	0.051962	0.05547	0.039662	0.034914	0.03424	0.03657	0.030545	0.041458	0.040707	0.053694	0.043897	0.069766
0.048772	0.035798	0.058043	0.034611	0.048523	0.057449	0.039719	0.038784	0.046038	0.037986	0.035165	0.04019	0.037977	0.051181	0.044771	0.086842
0.04543	0.039219	0.064897	0.040918	0.035007	0.041079	0.047356	0.039821	0.048659	0.036135	0.035982	0.043469	0.045643	0.053695	0.047848	0.074724
0.044433	0.037583	0.066148	0.046199	0.043196	0.038543	0.047833	0.039929	0.040168	0.036394	0.03304	0.042395	0.043794	0.054921	0.055728	0.073352
0.053185	0.037907	0.057018	0.04496	0.052309	0.042697	0.051903	0.049857	0.037948	0.038439	0.036918	0.040964	0.035386	0.053991	0.045514	0.072905
0.074062	0.037894	0.065664	0.037398	0.058316	0.049367	0.049567	0.046031	0.037708	0.044686	0.030988	0.035138	0.043198	0.051443	0.045585	0.069826
0.074967	0.036345	0.066961	0.039355	0.040567	0.038847	0.041457	0.044539	0.037051	0.042905	0.036315	0.031341	0.039119	0.044731	0.042851	0.071021
0.055279	0.035467	0.069042	0.03945	0.038072	0.028853	0.039525	0.045508	0.034697	0.045145	0.035245	0.033522	0.035614	0.041937	0.042557	0.067972
0.047111	0.043395	0.068637	0.040108	0.044271	0.035893	0.041621	0.041615	0.034458	0.042427	0.035292	0.037122	0.045751	0.044692	0.042233	0.067058
0.059556	0.046869	0.068944	0.041318	0.043268	0.041241	0.041824	0.044647	0.033489	0.041503	0.041519	0.042817	0.034238	0.044753	0.043743	0.064339
0.063129	0.034602	0.064665	0.045576	0.049691	0.039405	0.046746	0.045446	0.033775	0.035612	0.046013	0.037427	0.029269	0.04203	0.047593	0.063674
0.05459	0.033818	0.067163	0.045493	0.045648	0.037591	0.047543	0.039732	0.035409	0.036522	0.045629	0.031072	0.04096	0.061733	0.043876	0.061439
0.042295	0.038225	0.070436	0.059209	0.041907	0.036949	0.041427	0.063979	0.036655	0.041143	0.030976	0.031129	0.037394	0.050653	0.049504	0.06197
0.035266	0.041715	0.068979	0.061093	0.042959	0.035129	0.042079	0.064112	0.034667	0.041014	0.030319	0.037867	0.03602	0.047824	0.05089	0.079032
0.035706	0.037047	0.073927	0.063389	0.042273	0.036876	0.045851	0.063658	0.033854	0.03444	0.035152	0.036643	0.039602	0.044351	0.045418	0.066858
0.039159	0.035062	0.077076	0.041994	0.042938	0.037461	0.041738	0.075534	0.033989	0.036103	0.038502	0.035284	0.039079	0.042881	0.045825	0.060919
0.038931	0.035324	0.073714	0.02918	0.058208	0.040499	0.046421	0.069463	0.034658	0.03605	0.040497	0.039941	0.038622	0.039075	0.04252	0.059615
0.038796	0.039068	0.073942	0.035216	0.040739	0.038	0.048574	0.041119	0.034788	0.041165	0.036802	0.046352	0.03792	0.040391	0.041976	0.057615
0.04164	0.038769	0.070386	0.040451	0.049346	0.045604	0.053107	0.050808	0.033152	0.041297	0.035768	0.040996	0.043506	0.044291	0.043124	0.0682
0.03703	0.039821	0.076226	0.039155	0.0469	0.038777	0.057634	0.07515	0.033722	0.041722	0.036422	0.042169	0.056322	0.043953	0.042725	0.074427
0.036286	0.039463	0.060524	0.045064	0.04137	0.038226	0.073222	0.066007	0.033435	0.036681	0.03558	0.046048	0.048738	0.041609	0.044381	0.057429
0.037091	0.040465	0.051575	0.038151	0.040063	0.03673	0.058475	0.053029	0.046491	0.038863	0.030736	0.040231	0.048881	0.042187	0.048917	0.055589
0.045092	0.047804	0.070942	0.034503	0.052296	0.032357	0.078387	0.064727	0.037315	0.037463	0.033002	0.046197	0.042608	0.06229	0.042792	0.061367
0.047344	0.050724	0.080332	0.047581	0.053976	0.041839	0.06187	0.05199	0.035918	0.038779	0.035579	0.035374	0.043907	0.054144	0.042681	0.081078
0.044921	0.041842	0.076214	0.045557	0.041701	0.04856	0.04128	0.041464	0.035956	0.040454	0.032514	0.041766	0.036906	0.056967	0.044744	0.074688
0.050356	0.040058	0.072851	0.040979	0.042379	0.05521	0.057689	0.036353	0.036584	0.04233	0.033476	0.036531	0.03991	0.055091	0.040796	0.061341
0.050847	0.042962	0.07502	0.045323	0.050817	0.055605	0.054763	0.036663	0.038282	0.037613	0.031406	0.03675	0.040896	0.05653	0.043378	0.066415
0.070402	0.03732	0.067787	0.042903	0.043021	0.043134	0.045295	0.038921	0.033774	0.031007	0.041464	0.04149	0.045528	0.058636	0.04312	0.080194
0.05329	0.03865	0.060151	0.044023	0.042474	0.040084	0.041843	0.042236	0.035055	0.029957	0.04126	0.031314	0.034467	0.058335	0.043302	0.060028
0.062481	0.041644	0.049636	0.039979	0.040434	0.037761	0.038252	0.043345	0.03435	0.038475	0.042037	0.035352	0.036202	0.057258	0.043566	0.059872
0.044311	0.038077	0.045194	0.037668	0.044268	0.044907	0.037926	0.047628	0.035165	0.034892	0.03586	0.044669	0.044248	0.065107	0.045896	0.057976
0.046527	0.037855	0.049747	0.040477	0.045884	0.040511	0.039621	0.057414	0.032866	0.037377	0.03169	0.036336	0.042685	0.051589	0.045787	0.057975
0.048196	0.037317	0.053568	0.047247	0.049591	0.040748	0.035514	0.047985	0.032833	0.04116	0.032791	0.032251	0.041074	0.049577	0.040054	0.056366
0.035431	0.036332	0.058837	0.061993	0.046076	0.039023	0.040606	0.049954	0.033584	0.033739	0.032472	0.041737	0.041854	0.05238	0.038668	0.062088
0.048372	0.038838	0.056975	0.050352	0.040203	0.037858	0.039301	0.052473	0.035687	0.044739	0.032855	0.036225	0.042897	0.045725	0.038642	0.06543
0.061895	0.039813	0.055516	0.033817	0.04802	0.039416	0.043962	0.048677	0.034687	0.037699	0.032155	0.042183	0.053355	0.049069	0.041359	0.057821
0.03988	0.037862	0.062893	0.030778	0.04022	0.039469	0.050649	0.043253	0.032888	0.041491	0.03484	0.04174	0.038822	0.059748	0.043992	0.052649
0.034897	0.035582	0.049788	0.037695	0.051212	0.039403	0.047864	0.048615	0.037579	0.034883	0.035725	0.035508	0.034205	0.054786	0.046802	0.059456
0.038818	0.03399	0.070775	0.037453	0.049719	0.040558	0.051494	0.043725	0.042846	0.03201	0.03381	0.04978	0.030574	0.040046	0.051799	0.050976
0.038206	0.038577	0.070063	0.03982	0.042195	0.038644	0.053607	0.040886	0.03958	0.050022	0.042932	0.027284	0.037465	0.042172	0.059715	0.054418
0.04227	0.038156	0.077812	0.041345	0.05205	0.04343	0.05132	0.044562	0.04398	0.040412	0.043051	0.035716	0.03642	0.045022	0.046051	0.070758
0.05124	0.039227	0.08198	0.043378	0.050437	0.043258	0.048514	0.047652	0.046884	0.036939	0.032849	0.040562	0.044715	0.044461	0.045997	0.06636
0.062297	0.051025	0.073154	0.040745	0.028665	0.038324	0.047837	0.042661	0.040774	0.037626	0.031565	0.035875	0.042605	0.05377	0.047121	0.066973
0.065914	0.050462	0.065366	0.040847	0.047607	0.039836	0.036778	0.047538	0.041364	0.039327	0.034038	0.036542	0.035615	0.062728	0.053577	0.065836
0.055702	0.048181	0.067085	0.03981	0.04823	0.043332	0.045798	0.048564	0.037209	0.038719	0.035988	0.039696	0.040841	0.049915	0.059597	0.062562
0.055187	0.054845	0.065775	0.041288	0.040994	0.03767	0.0533	0.066046	0.036916	0.037156	0.034587	0.036562	0.037215	0.062467	0.063586	0.06001
0.057353	0.046405	0.076893	0.043317	0.036322	0.047118	0.042115	0.072538	0.042538	0.039186	0.042466	0.039061	0.045655	0.053904	0.062499	0.063803
0.044466	0.053581	0.070813	0.044172	0.037901	0.039446	0.045547	0.064632	0.047788	0.040627	0.036353	0.038716	0.058344	0.044256	0.053486	0.065623
0.033952	0.051221	0.059667	0.060212	0.054568	0.033247	0.046295	0.069269	0.042304	0.043668	0.035275	0.041382	0.046143	0.043737	0.052882	0.078945
0.033506	0.038011	0.062026	0.058176	0.046024	0.036645	0.058578	0.07273	0.035779	0.035385	0.03337	0.026689	0.059091	0.053135	0.055803	0.064294
0.040634	0.044452	0.074713	0.055456	0.035091	0.035764	0.060653	0.055304	0.03687	0.033111	0.036574	0.034077	0.056709	0.060524	0.053746	0.056294
0.037012	0.0357	0.055298	0.056834	0.051895	0.044974	0.05703	0.04692	0.042021	0.041975	0.035377	0.034723	0.050293	0.059923	0.052901	0.06329
0.050275	0.035406	0.057017	0.065168	0.0451	0.042784	0.045866	0.043387	0.029715	0.040954	0.038105	0.042082	0.055206	0.058056	0.047696	0.077199
0.034331	0.038827	0.090383	0.0551	0.037686	0.045225	0.041398	0.044814	0.036095	0.038802	0.040445	0.044169	0.047736	0.051833	0.044731	0.069451
0.036026	0.040175	0.079294	0.050209	0.033959	0.048759	0.041865	0.04685	0.034511	0.034241	0.033811	0.040923	0.044617	0.055411	0.041723	0.059823
0.039873	0.04067	0.074126	0.047974	0.038149	0.04081	0.044613	0.044511	0.03586	0.039482	0.036234	0.04129	0.04884	0.044547	0.037603	0.051632
0.043134	0.039491	0.065894	0.05048	0.043999	0.038193	0.04512	0.046298	0.036018	0.039462	0.033068	0.042162	0.054733	0.039542	0.038781	0.066142
0.040672	0.039772	0.064731	0.043128	0.042109	0.03878	0.046849	0.051855	0.030464	0.042131	0.035276	0.042452	0.043246	0.049907	0.037372	0.058205
0.045927	0.042536	0.058734	0.038907	0.04524	0.039077	0.04644	0.044769	0.033822	0.040549	0.036413	0.043351	0.042465	0.04854	0.04392	0.056584
0.038484	0.038375	0.072808	0.036783	0.050652	0.035147	0.043502	0.040068	0.043073	0.050089	0.041042	0.045966	0.041946	0.054019	0.044542	0.056986
0.034812	0.048134	0.069495	0.037995	0.046557	0.035788	0.046482	0.045402	0.03757	0.047227	0.045189	0.044598	0.04272	0.049659	0.043568	0.066336
0.039225	0.048584	0.071068	0.039187	0.045996	0.035979	0.048001	0.044848	0.037923	0.04695	0.03155	0.046912	0.042332	0.053713	0.040288	0.059349
0.039846	0.048537	0.063475	0.049096	0.047315	0.037925	0.046034	0.065025	0.038255	0.045347	0.04006	0.033893	0.041321	0.047395	0.04332	0.067432
0.04919	0.035364	0.07075	0.042394	0.039622	0.044508	0.045452	0.058037	0.039484	0.048655	0.036257	0.038729	0.044352	0.049772	0.045838	0.061614
0.047926	0.037052	0.07515	0.04677	0.041441	0.039424	0.052616	0.066804	0.045748	0.045573	0.033969	0.038789	0.037373	0.047975	0.048145	0.063198
0.064162	0.041862	0.072086	0.043556	0.038764	0.034751	0.047796	0.076137	0.054059	0.037487	0.048078	0.044924	0.043276	0.056474	0.048007	0.076367
0.063952	0.041658	0.073527	0.046292	0.039574	0.036567	0.047179	0.076312	0.044773	0.040797	0.041626	0.040199	0.039736	0.064797	0.048313	0.074801
0.060269	0.035544	0.070017	0.043306	0.04448	0.034615	0.044077	0.078899	0.042975	0.044578	0.04181	0.041042	0.037231	0.045722	0.043717	0.068034
0.06057	0.038177	0.075496	0.039271	0.033907	0.042565	0.050379	0.059028	0.039061	0.041564	0.035376	0.0352	0.047759	0.036875	0.046087	0.04978
0.041957	0.037948	0.067382	0.043298	0.052515	0.03864	0.051604	0.057405	0.042983	0.04675	0.028124	0.035382	0.042327	0.04403	0.041397	0.054354
0.055046	0.038863	0.058295	0.044706	0.045805	0.037267	0.05222	0.079692	0.04115	0.039905	0.037499	0.040097	0.04047	0.054673	0.044996	0.056325
0.041859	0.038653	0.053492	0.046596	0.047783	0.038253	0.058891	0.074799	0.036838	0.036359	0.037675	0.037315	0.03733	0.05869	0.053764	0.05225
0.044416	0.036395	0.051355	0.042041	0.052227	0.040472	0.059186	0.070003	0.031551	0.036761	0.05174	0.046194	0.047442	0.044482	0.045471	0.052087
0.038471	0.034809	0.067304	0.04037	0.041856	0.039865	0.047776	0.064314	0.037099	0.03711	0.04372	0.041129	0.045602	0.040107	0.049092	0.070254
0.039241	0.035939	0.074453	0.056297	0.049701	0.040006	0.046139	0.061075	0.032467	0.035763	0.053746	0.044212	0.04229	0.05069	0.051939	0.066133
0.038282	0.034466	0.059697	0.058758	0.046752	0.037545	0.043307	0.054971	0.027409	0.037163	0.047527	0.046137	0.039148	0.065901	0.065749	0.077618
0.04166	0.037564	0.059266	0.065105	0.048941	0.034328	0.053828	0.042949	0.031261	0.037143	0.051256	0.03837	0.039877	0.060624	0.073829	0.062073
0.046005	0.035113	0.060512	0.057931	0.042204	0.037969	0.046187	0.042021	0.033257	0.043294	0.033078	0.03927	0.036554	0.055836	0.055334	0.066359
0.039195	0.032091	0.0653	0.051276	0.04406	0.037755	0.048378	0.046487	0.033929	0.037053	0.033909	0.04175	0.039287	0.059007	0.056203	0.059958
0.042939	0.035623	0.062592	0.052683	0.046594	0.047925	0.047089	0.051918	0.036953	0.037018	0.037802	0.041188	0.041902	0.071022	0.055041	0.056976
0.042527	0.03748	0.051237	0.048261	0.031488	0.050233	0.048984	0.057525	0.032884	0.039965	0.036789	0.03448	0.042964	0.059878	0.054301	0.05913
0.053916	0.044886	0.053662	0.043388	0.035446	0.041415	0.048098	0.061822	0.034089	0.042141	0.033899	0.031883	0.045824	0.048273	0.050224	0.061201
0.065299	0.044359	0.053021	0.039305	0.053715	0.043671	0.047157	0.053924	0.030473	0.037973	0.030335	0.035234	0.063904	0.053355	0.048036	0.064524
0.060754	0.041918	0.053689	0.041338	0.047887	0.042951	0.051523	0.041525	0.035286	0.051478	0.037519	0.037219	0.064232	0.057181	0.044632	0.050607
0.065582	0.039228	0.052352	0.03969	0.041491	0.042451	0.048497	0.049415	0.030805	0.037943	0.050219	0.039325	0.044557	0.059004	0.038157	0.0665
0.058073	0.038667	0.061257	0.040814	0.041415	0.041113	0.049768	0.053723	0.031909	0.03386	0.036238	0.034676	0.053828	0.05762	0.041889	0.063598
0.052856	0.037066	0.068118	0.039642	0.038017	0.037915	0.046651	0.043063	0.030696	0.042752	0.036333	0.034996	0.039168	0.059151	0.046985	0.050403
0.048291	0.039942	0.068604	0.050138	0.034925	0.038727	0.058926	0.049295	0.027399	0.044892	0.034655	0.040851	0.044366	0.058603	0.045637	0.062265
0.039273	0.037575	0.061462	0.044589	0.045965	0.039392	0.064062	0.048455	0.027817	0.038772	0.036878	0.036567	0.042342	0.053667	0.044548	0.065174
0.037911	0.037502	0.059485	0.043749	0.04476	0.043198	0.068297	0.047248	0.028947	0.039632	0.037519	0.036058	0.043115	0.051041	0.042322	0.068185
0.044404	0.038956	0.070595	0.044158	0.038007	0.036711	0.079578	0.043187	0.033256	0.039657	0.036769	0.035324	0.035239	0.044091	0.042373	0.076397
0.041897	0.045374	0.070273	0.053999	0.039658	0.038231	0.067304	0.044761	0.039129	0.036126	0.042976	0.038278	0.03563	0.048521	0.039784	0.063916
0.058549	0.052075	0.071396	0.054937	0.031142	0.035941	0.064103	0.049332	0.037885	0.03299	0.037552	0.031503	0.033799	0.046193	0.042781	0.059944
0.062429	0.045192	0.083437	0.066983	0.051458	0.036419	0.066398	0.046885	0.030136	0.040788	0.038478	0.033167	0.036497	0.043751	0.04311	0.066251
0.04813	0.044519	0.064744	0.054215	0.055241	0.036548	0.066558	0.051868	0.035371	0.040705	0.041378	0.036444	0.035936	0.048568	0.039776	0.054623
0.031013	0.04431	0.060303	0.050791	0.054119	0.03574	0.064951	0.055093	0.041065	0.0362	0.031313	0.0369	0.036044	0.048734	0.035187	0.047609
0.034058	0.038466	0.060675	0.048708	0.044914	0.035054	0.064258	0.062211	0.047507	0.032548	0.036005	0.040034	0.036947	0.048531	0.040792	0.059227
0.036769	0.043596	0.05988	0.051019	0.048328	0.035102	0.0555	0.073236	0.040103	0.039322	0.030294	0.03767	0.038899	0.055103	0.046644	0.058701
0.042523	0.044917	0.052771	0.050488	0.044394	0.037685	0.054704	0.060477	0.030769	0.044948	0.034475	0.034232	0.036697	0.059723	0.045664	0.058385
0.039528	0.04629	0.048288	0.043149	0.039171	0.048858	0.058435	0.059604	0.03103	0.054689	0.037932	0.038611	0.041052	0.056412	0.057022	0.055801
0.041343	0.043939	0.063506	0.044134	0.047856	0.042013	0.052397	0.06555	0.032249	0.04923	0.046017	0.041944	0.046897	0.06726	0.060183	0.066624
0.04645	0.043085	0.063991	0.046099	0.038122	0.044955	0.046383	0.052493	0.037008	0.04752	0.042208	0.047459	0.049079	0.066359	0.055466	0.063883
0.057839	0.042468	0.064311	0.047742	0.043929	0.03557	0.044954	0.056612	0.036569	0.04786	0.043486	0.051824	0.039967	0.072099	0.057548	0.055696
0.066031	0.03803	0.055813	0.05589	0.044219	0.04513	0.049005	0.072145	0.042169	0.050974	0.04639	0.048227	0.048603	0.059538	0.053591	0.064202
0.062822	0.032645	0.049336	0.040182	0.040577	0.040629	0.043792	0.046216	0.041671	0.047172	0.04244	0.044652	0.050716	0.061257	0.054551	0.069837
0.061682	0.033447	0.050992	0.037893	0.038778	0.037101	0.051325	0.04148	0.037413	0.047733	0.048192	0.048273	0.051455	0.060951	0.047976	0.072674
0.055929	0.037463	0.055894	0.041522	0.049113	0.039416	0.04681	0.0481	0.032602	0.044848	0.04723	0.042644	0.038689	0.060135	0.043991	0.065753
0.060889	0.042379	0.057066	0.038582	0.043705	0.036586	0.045753	0.044075	0.038387	0.042559	0.041712	0.043941	0.042494	0.05364	0.041953	0.077788
0.063399	0.046904	0.077448	0.043208	0.036451	0.03744	0.060891	0.05164	0.036646	0.045314	0.037315	0.039411	0.043349	0.05235	0.045047	0.072758
0.061307	0.051536	0.078257	0.045752	0.037173	0.043904	0.059521	0.053643	0.031186	0.049297	0.04168	0.044824	0.040398	0.05241	0.043819	0.065649
0.057776	0.055142	0.063446	0.040135	0.048816	0.041609	0.048718	0.041775	0.032283	0.052854	0.036506	0.043138	0.037024	0.050658	0.044858	0.06549
0.06115	0.047027	0.070524	0.041522	0.057196	0.038089	0.053507	0.044517	0.033174	0.049036	0.033554	0.037631	0.046555	0.048506	0.046475	0.060863
0.062515	0.049763	0.065643	0.043198	0.044616	0.044314	0.054549	0.051138	0.034324	0.046963	0.030497	0.039805	0.047262	0.052601	0.043791	0.060547
0.058165	0.04188	0.060159	0.044562	0.035616	0.043725	0.050246	0.051115	0.038713	0.042651	0.034368	0.040737	0.04337	0.040824	0.042839	0.061338
0.057158	0.039566	0.060998	0.03969	0.043002	0.040708	0.056277	0.075381	0.044329	0.045163	0.037609	0.044707	0.040268	0.050959	0.044333	0.063914
0.035895	0.039755	0.069697	0.040109	0.04646	0.042563	0.055875	0.057639	0.030662	0.04097	0.041233	0.036687	0.040848	0.050422	0.043067	0.057098
0.04139	0.040389	0.061644	0.039066	0.038983	0.036039	0.0498	0.060605	0.032071	0.040098	0.034681	0.03972	0.050683	0.059349	0.041945	0.062622
0.033562	0.03998	0.067826	0.042113	0.046037	0.037647	0.051226	0.059094	0.036338	0.04601	0.03603	0.048002	0.035147	0.060273	0.039939	0.060995
0.045	0.040434	0.0746	0.048178	0.045599	0.036309	0.065255	0.04629	0.034837	0.04776	0.033674	0.040303	0.039908	0.059029	0.041087	0.071984
0.037919	0.041787	0.080523	0.043823	0.038833	0.03712	0.067105	0.049855	0.03835	0.036343	0.037608	0.039249	0.045366	0.060637	0.043136	0.067225
0.041519	0.041932	0.070831	0.050995	0.047097	0.048992	0.066466	0.044851	0.039408	0.040377	0.039964	0.048319	0.044392	0.054584	0.045789	0.056993
0.04468	0.040626	0.064374	0.054351	0.03588	0.046442	0.048875	0.04266	0.029559	0.033758	0.042935	0.040087	0.042116	0.053456	0.049687	0.069255
0.045944	0.044694	0.072441	0.05662	0.051983	0.049518	0.059007	0.058073	0.035215	0.037177	0.048894	0.030905	0.044166	0.046137	0.041379	0.072078
0.045109	0.059491	0.076494	0.050161	0.061496	0.046814	0.058788	0.069523	0.035375	0.043892	0.057953	0.030858	0.038263	0.046485	0.040149	0.094529
0.053039	0.067877	0.070593	0.050929	0.054765	0.041964	0.051334	0.065372	0.031193	0.044331	0.044422	0.037369	0.045042	0.045125	0.037237	0.080944
0.065384	0.051891	0.070105	0.033433	0.052653	0.037893	0.060887	0.063537	0.03463	0.043816	0.041966	0.045148	0.047841	0.04561	0.038121	0.08439
0.056477	0.046674	0.06643	0.034399	0.054727	0.051289	0.057877	0.069627	0.033715	0.049513	0.036509	0.036918	0.052277	0.047417	0.045921	0.084165
0.048765	0.056035	0.060526	0.037496	0.051688	0.042668	0.060376	0.067363	0.036104	0.044881	0.038787	0.04651	0.063768	0.053684	0.048682	0.08504
0.062198	0.063493	0.068288	0.043494	0.049968	0.03556	0.075273	0.057387	0.039765	0.043521	0.037147	0.040583	0.056334	0.054134	0.053297	0.073536
0.056836	0.068964	0.061138	0.057267	0.053924	0.037736	0.073454	0.059564	0.041378	0.048337	0.029249	0.043855	0.050578	0.049656	0.053841	0.073986
0.056752	0.05022	0.066073	0.049143	0.054721	0.048575	0.066433	0.071535	0.047991	0.045097	0.03664	0.045603	0.050364	0.045682	0.056755	0.075594
0.056904	0.064926	0.065697	0.043727	0.045211	0.03819	0.066599	0.049769	0.047974	0.047786	0.035976	0.045585	0.052606	0.060736	0.053379	0.087766
0.049632	0.052354	0.069914	0.051668	0.044694	0.03868	0.078494	0.046845	0.042745	0.056774	0.047234	0.043597	0.051911	0.068481	0.054359	0.082852
0.042844	0.050924	0.06197	0.041858	0.057155	0.03956	0.077671	0.058698	0.044361	0.053118	0.037201	0.053139	0.053274	0.064321	0.05628	0.070311
0.050763	0.04929	0.055846	0.040781	0.063196	0.040664	0.060182	0.065079	0.036801	0.054934	0.036823	0.043075	0.056643	0.073151	0.053531	0.064862
0.055995	0.057575	0.061962	0.042049	0.05631	0.040581	0.071157	0.071852	0.042689	0.060967	0.040969	0.039946	0.049049	0.071893	0.057159	0.080348
0.065831	0.053776	0.064362	0.044965	0.049925	0.044862	0.078991	0.06312	0.048579	0.057895	0.045587	0.049581	0.041428	0.05364	0.059765	0.081277
0.065221	0.051544	0.058884	0.054612	0.045669	0.050224	0.074361	0.066175	0.047915	0.055098	0.041067	0.056638	0.041615	0.055467	0.05706	0.075512
0.046807	0.06047	0.054429	0.049811	0.052005	0.042478	0.066326	0.063221	0.029588	0.058163	0.036917	0.050549	0.047213	0.057315	0.046603	0.077378
0.075237	0.064757	0.065385	0.04679	0.050398	0.047334	0.075545	0.060391	0.036284	0.055809	0.040563	0.050401	0.053713	0.063076	0.043075	0.077832
0.066233	0.05298	0.061515	0.049936	0.058156	0.048003	0.083867	0.053596	0.039523	0.054672	0.044793	0.03875	0.055389	0.07348	0.049627	0.089547
0.066158	0.053437	0.077694	0.052739	0.057667	0.042607	0.064409	0.053786	0.048161	0.060194	0.052031	0.032921	0.058594	0.078866	0.055309	0.083315
0.063861	0.056058	0.075739	0.062242	0.067872	0.047194	0.041292	0.057524	0.050532	0.049936	0.053279	0.033223	0.057776	0.071869	0.064272	0.076204
0.060261	0.058308	0.080043	0.047854	0.063312	0.043919	0.057935	0.057669	0.046531	0.056543	0.062446	0.037097	0.06236	0.071367	0.061948	0.082466
0.066097	0.061958	0.061168	0.048191	0.05905	0.054427	0.071673	0.051478	0.052402	0.052672	0.061805	0.04174	0.056103	0.072155	0.063007	0.074079
0.072265	0.055588	0.073254	0.063202	0.067138	0.04261	0.081195	0.063643	0.058688	0.049778	0.060369	0.048725	0.055356	0.071656	0.061326	0.073812
0.059392	0.051702	0.077931	0.048976	0.061601	0.058272	0.075543	0.066748	0.05774	0.050859	0.051428	0.057688	0.066687	0.087934	0.058502	0.074294
0.06648	0.046538	0.08194	0.040595	0.060348	0.053488	0.069091	0.059545	0.049498	0.051242	0.052297	0.063897	0.057977	0.081913	0.05906	0.074654
0.057982	0.056354	0.072478	0.04247	0.066122	0.05788	0.066714	0.057455	0.04926	0.051736	0.05205	0.054094	0.060938	0.074247	0.058021	0.063924
0.075685	0.048131	0.078886	0.047134	0.059544	0.050935	0.07099	0.067216	0.050188	0.036921	0.047817	0.049667	0.049527	0.069842	0.05762	0.087013
0.074056	0.051633	0.074331	0.054389	0.069362	0.060085	0.065754	0.065224	0.052876	0.044331	0.048709	0.043926	0.058356	0.07107	0.063002	0.075098
0.06471	0.053812	0.085614	0.059241	0.068796	0.055743	0.075224	0.062296	0.052711	0.039414	0.059831	0.045992	0.054392	0.081284	0.060187	0.078637
0.065999	0.061275	0.078418	0.050844	0.059316	0.053112	0.0772	0.073286	0.054186	0.052076	0.051628	0.040373	0.057413	0.082794	0.064023	0.07345
0.066308	0.073571	0.074053	0.045901	0.062759	0.054404	0.077811	0.078669	0.044078	0.054953	0.065384	0.031201	0.056673	0.080949	0.060178	0.087786
0.059223	0.059888	0.073906	0.049344	0.060324	0.055344	0.080774	0.078675	0.042376	0.062305	0.042869	0.032527	0.052927	0.091085	0.064356	0.084507
0.06553	0.057873	0.081528	0.061047	0.067564	0.052092	0.062311	0.078607	0.047761	0.05357	0.047875	0.043146	0.062353	0.09393	0.072527	0.092294
0.065638	0.065076	0.093733	0.053681	0.048006	0.05721	0.053615	0.08036	0.04486	0.054241	0.047854	0.045232	0.050422	0.079528	0.061826	0.094401
0.052735	0.051822	0.097218	0.057268	0.044458	0.056327	0.056707	0.069004	0.047012	0.050061	0.04368	0.038038	0.061833	0.086314	0.060063	0.084462
0.043805	0.052981	0.096611	0.055112	0.045333	0.043919	0.06003	0.068485	0.038565	0.051423	0.037074	0.037169	0.05496	0.097983	0.062439	0.078718
0.057915	0.052361	0.082947	0.049088	0.046718	0.058201	0.063762	0.070659	0.043271	0.057682	0.028981	0.030854	0.049433	0.088822	0.069004	0.073423
0.063154	0.065225	0.097022	0.052785	0.043151	0.063353	0.071969	0.070212	0.047093	0.059244	0.035957	0.036501	0.06432	0.089387	0.062731	0.074174
0.065956	0.053788	0.082424	0.05926	0.05986	0.059776	0.063874	0.08025	0.0451	0.049767	0.039206	0.03268	0.070293	0.082738	0.05238	0.077607
0.060666	0.042323	0.083579	0.053849	0.065639	0.052254	0.062586	0.083724	0.041835	0.048349	0.042503	0.036861	0.050196	0.091492	0.048131	0.087066
0.067372	0.056273	0.090369	0.060222	0.065646	0.05502	0.075029	0.073037	0.039763	0.053132	0.039982	0.036885	0.056662	0.082281	0.053729	0.106041
0.076301	0.049945	0.079116	0.058472	0.055617	0.063793	0.079095	0.080848	0.035421	0.050669	0.031883	0.03589	0.049445	0.074629	0.056908	0.097177
0.069576	0.038737	0.082194	0.051721	0.059764	0.059295	0.072312	0.06977	0.036914	0.048902	0.041995	0.043359	0.041485	0.086245	0.061059	0.097796
0.050824	0.047126	0.080759	0.048561	0.062176	0.051895	0.073199	0.068918	0.042125	0.044562	0.048931	0.050884	0.047241	0.076196	0.062766	0.084173
0.066162	0.061009	0.074454	0.042921	0.065777	0.064059	0.070343	0.066932	0.038575	0.038504	0.05306	0.05411	0.058531	0.077643	0.065803	0.077879
0.080921	0.055822	0.073446	0.049722	0.061553	0.058345	0.065715	0.081613	0.039191	0.038406	0.053804	0.054737	0.053854	0.071848	0.05507	0.084115
0.062807	0.055971	0.07683	0.049555	0.067641	0.067561	0.077257	0.074239	0.041496	0.039669	0.056285	0.053793	0.047793	0.073051	0.052427	0.081303
0.071867	0.054103	0.079998	0.045958	0.07039	0.05337	0.062729	0.073939	0.037397	0.037051	0.051336	0.051024	0.053935	0.072103	0.054051	0.074259
0.071237	0.05171	0.078501	0.043539	0.057622	0.051505	0.07386	0.063722	0.039983	0.035242	0.049144	0.046321	0.047573	0.076526	0.05724	0.072815
0.06759	0.041279	0.085148	0.045765	0.053521	0.043776	0.069796	0.083615	0.037134	0.037089	0.048583	0.041949	0.051388	0.069429	0.060021	0.069898
0.078544	0.055344	0.075908	0.053657	0.04616	0.038631	0.059219	0.086657	0.04201	0.0389	0.041466	0.038301	0.058389	0.073651	0.057425	0.069101
0.087124	0.065318	0.082187	0.067536	0.036432	0.035303	0.055584	0.078915	0.050216	0.038269	0.028823	0.03678	0.067023	0.074662	0.056937	0.064639
0.071075	0.067165	0.079138	0.045109	0.04709	0.052653	0.049561	0.059582	0.051661	0.037299	0.035678	0.028307	0.061228	0.074542	0.05668	0.071021
0.076413	0.058762	0.083316	0.036363	0.045078	0.057387	0.043796	0.056352	0.040274	0.040458	0.051411	0.02894	0.060575	0.074123	0.051784	0.074354
0.068942	0.044833	0.086092	0.043129	0.044753	0.053269	0.044245	0.050124	0.033525	0.041103	0.059938	0.030805	0.054078	0.06699	0.050816	0.074678
0.066744	0.045793	0.077744	0.053189	0.03872	0.057121	0.049694	0.049756	0.040434	0.039351	0.059479	0.038328	0.054785	0.073376	0.05342	0.076632
0.06186	0.046037	0.08428	0.044372	0.040399	0.055609	0.057411	0.049065	0.051919	0.043403	0.045871	0.036509	0.059067	0.089811	0.056498	0.085662
0.052677	0.041809	0.084102	0.059348	0.04157	0.056322	0.05288	0.047228	0.055465	0.047034	0.048451	0.031745	0.046847	0.082225	0.056555	0.083975
0.064815	0.044301	0.090292	0.065648	0.059904	0.050828	0.054223	0.05162	0.06491	0.055371	0.04515	0.035499	0.04472	0.075915	0.049822	0.087266
0.071934	0.049775	0.087411	0.071411	0.0709	0.048689	0.065022	0.048728	0.05195	0.042565	0.045725	0.036972	0.044253	0.075281	0.05092	0.090577
0.062663	0.040629	0.083621	0.069331	0.069903	0.047948	0.064747	0.060632	0.048954	0.044027	0.047806	0.04465	0.047081	0.07562	0.05709	0.087101
0.064929	0.061507	0.090068	0.06769	0.066745	0.047503	0.06752	0.063205	0.049243	0.064437	0.044709	0.055491	0.053097	0.0774	0.066243	0.085664
0.07255	0.072357	0.085036	0.057324	0.056232	0.038345	0.051186	0.082472	0.045896	0.053972	0.043976	0.047929	0.058901	0.070141	0.065946	0.084149
0.072202	0.059321	0.086611	0.061927	0.060995	0.038889	0.058455	0.068718	0.042886	0.057073	0.039173	0.050191	0.045829	0.070804	0.055515	0.087468
0.071901	0.064434	0.084788	0.062494	0.06913	0.03586	0.05376	0.090684	0.044745	0.055873	0.036202	0.048699	0.040466	0.076373	0.059234	0.08227
0.069531	0.050927	0.089356	0.056672	0.063004	0.047279	0.055862	0.064881	0.044059	0.059658	0.030465	0.054512	0.037723	0.080494	0.061748	0.065188
0.061286	0.050806	0.078299	0.051555	0.062464	0.053804	0.068626	0.054001	0.035952	0.068562	0.042323	0.047471	0.043495	0.081785	0.062938	0.061913
0.066095	0.055189	0.101013	0.063254	0.064516	0.058205	0.070219	0.064939	0.030928	0.06169	0.050794	0.041473	0.042861	0.077848	0.057486	0.071331
0.066702	0.053826	0.078491	0.060123	0.06271	0.05746	0.064255	0.058637	0.038126	0.057201	0.050148	0.045349	0.036011	0.084014	0.053583	0.058966
0.051701	0.052512	0.083618	0.0571	0.062758	0.053868	0.085746	0.052121	0.038583	0.055142	0.049789	0.046548	0.059076	0.080433	0.054197	0.062746
0.043003	0.064855	0.081053	0.059503	0.067408	0.052315	0.06562	0.055393	0.041107	0.049356	0.051412	0.040121	0.051009	0.079236	0.056432	0.067613
0.043826	0.060666	0.075629	0.050216	0.05603	0.047911	0.059034	0.050992	0.041977	0.041097	0.051435	0.038531	0.051838	0.073157	0.059145	0.063372
0.036345	0.052297	0.074276	0.047953	0.052291	0.054177	0.067134	0.053949	0.033776	0.036527	0.041994	0.037535	0.052538	0.074378	0.059017	0.068935
0.038196	0.045989	0.072974	0.045637	0.050239	0.053943	0.072835	0.053114	0.032766	0.044459	0.033841	0.030774	0.05984	0.075596	0.061436	0.067085
0.055014	0.041919	0.08265	0.051879	0.043678	0.053224	0.077603	0.071676	0.042549	0.041346	0.044278	0.035069	0.056546	0.070927	0.05629	0.063826
0.0625	0.037441	0.080717	0.058926	0.045558	0.054734	0.076824	0.083163	0.05057	0.032287	0.043647	0.033626	0.051432	0.074901	0.055178	0.07502
0.065995	0.039558	0.075209	0.061977	0.041654	0.049964	0.053394	0.075694	0.045465	0.032668	0.049333	0.041727	0.050241	0.077104	0.054979	0.074986
0.068783	0.046248	0.073927	0.050166	0.045421	0.049326	0.065826	0.046999	0.036895	0.037468	0.052962	0.041843	0.046447	0.076423	0.055425	0.071397
0.068952	0.043902	0.071971	0.050461	0.048596	0.057578	0.067331	0.053582	0.035894	0.035929	0.058872	0.042054	0.052553	0.072999	0.052292	0.057926
0.054147	0.040122	0.078833	0.057635	0.044189	0.04393	0.076043	0.071838	0.04359	0.042239	0.05192	0.037628	0.048698	0.080907	0.064993	0.07012
0.059465	0.044395	0.076636	0.05202	0.056675	0.033834	0.070217	0.064645	0.045827	0.043587	0.040312	0.043665	0.063139	0.068758	0.054674	0.091686
0.055846	0.046283	0.075297	0.054996	0.058723	0.037244	0.070621	0.078127	0.039765	0.041837	0.034929	0.043243	0.06177	0.074826	0.054433	0.097539
0.066501	0.053877	0.075351	0.045636	0.061208	0.040486	0.070756	0.073309	0.036952	0.034252	0.037613	0.04363	0.057169	0.071229	0.057537	0.090762
0.076784	0.045281	0.073627	0.038902	0.064035	0.045848	0.077081	0.077214	0.04092	0.037856	0.033745	0.051523	0.051535	0.073338	0.05883	0.067415
0.068346	0.036606	0.07397	0.040286	0.066006	0.041947	0.076223	0.063123	0.038281	0.042037	0.035591	0.044093	0.055465	0.074229	0.057235	0.068807
0.049946	0.049128	0.072277	0.034128	0.066054	0.047936	0.078489	0.070433	0.042847	0.038491	0.046065	0.051501	0.062837	0.073356	0.053232	0.077173
0.051638	0.049713	0.065726	0.036079	0.056964	0.05493	0.076703	0.071168	0.052113	0.042898	0.040121	0.060978	0.054177	0.070012	0.05154	0.094493
0.055228	0.043083	0.066005	0.040865	0.070736	0.056859	0.071559	0.055894	0.05101	0.043006	0.037408	0.041337	0.052355	0.078402	0.054706	0.063672
0.051261	0.038169	0.075146	0.041277	0.061253	0.051592	0.065876	0.047698	0.049429	0.044307	0.039619	0.041999	0.051275	0.085623	0.05402	0.052081
0.046193	0.037777	0.082735	0.044019	0.053879	0.04699	0.068338	0.043766	0.046409	0.046325	0.053812	0.047458	0.049444	0.074068	0.052054	0.057856
0.054692	0.038128	0.076081	0.042788	0.057542	0.043001	0.060104	0.047465	0.038487	0.040176	0.052056	0.044248	0.05117	0.059874	0.052537	0.057982
0.07074	0.0471	0.067632	0.0506	0.059529	0.037399	0.044602	0.049406	0.036264	0.035664	0.049437	0.040776	0.048971	0.056948	0.054812	0.056598
0.059054	0.060333	0.073394	0.0486	0.058925	0.038155	0.051814	0.045789	0.035316	0.036713	0.04621	0.03572	0.039986	0.064837	0.053456	0.066194
0.067341	0.04726	0.072711	0.035195	0.057078	0.037889	0.061708	0.048416	0.035627	0.044162	0.04254	0.028704	0.034786	0.074363	0.055314	0.076138
0.056028	0.066498	0.075019	0.036133	0.059743	0.044023	0.059884	0.046804	0.041614	0.045616	0.047506	0.031256	0.047134	0.056792	0.056517	0.081938
0.048955	0.045738	0.069464	0.039324	0.053178	0.040522	0.055503	0.059101	0.043201	0.039033	0.047156	0.032025	0.053386	0.057767	0.052317	0.077742
0.04527	0.048211	0.083287	0.038042	0.052494	0.045647	0.05031	0.068204	0.044293	0.037923	0.044563	0.034007	0.039584	0.070357	0.0496	0.076713
0.038804	0.071681	0.077174	0.042594	0.034343	0.042184	0.048344	0.067954	0.042356	0.043559	0.049123	0.03824	0.039821	0.076215	0.050655	0.083358
0.048514	0.053307	0.071745	0.038916	0.038513	0.035606	0.046636	0.083108	0.033472	0.053506	0.058748	0.031636	0.046111	0.069845	0.052638	0.074256
0.055043	0.051173	0.068857	0.059764	0.046185	0.044667	0.049765	0.048433	0.034149	0.059088	0.043611	0.03014	0.052252	0.070691	0.05597	0.08073
0.060149	0.046777	0.064529	0.051271	0.062161	0.045536	0.04569	0.056057	0.035003	0.060759	0.043343	0.043153	0.057636	0.052986	0.058087	0.095484
0.06258	0.059412	0.071865	0.035297	0.047883	0.05085	0.039369	0.073069	0.042028	0.056183	0.045522	0.052223	0.041862	0.05426	0.055135	0.083795
0.063497	0.056765	0.078809	0.037094	0.044638	0.04773	0.04739	0.063273	0.049747	0.053146	0.041181	0.049568	0.037991	0.064	0.056179	0.092293
0.067572	0.047494	0.083548	0.038507	0.04499	0.036214	0.057351	0.053341	0.057147	0.053653	0.035879	0.05023	0.038223	0.053593	0.050791	0.093149
0.071379	0.049721	0.074583	0.03933	0.05366	0.042363	0.053512	0.054802	0.04266	0.05189	0.037314	0.042241	0.03907	0.053246	0.053467	0.086622
0.052696	0.040353	0.07927	0.038412	0.046251	0.048951	0.05146	0.060824	0.03653	0.055579	0.038115	0.044367	0.041469	0.069114	0.052099	0.093962
0.070007	0.055081	0.081899	0.051083	0.042843	0.03628	0.046231	0.062756	0.035902	0.047324	0.041948	0.035478	0.04918	0.076181	0.050332	0.090982
0.057256	0.04477	0.084671	0.058203	0.047549	0.041548	0.054056	0.089392	0.036897	0.050221	0.037964	0.033225	0.057428	0.078426	0.063509	0.077466
0.066399	0.05432	0.076515	0.060882	0.057997	0.041985	0.077397	0.070522	0.046459	0.054446	0.044844	0.025435	0.072753	0.059472	0.075086	0.088771
0.073794	0.050938	0.073404	0.042845	0.063377	0.044716	0.055299	0.061596	0.042443	0.051743	0.04385	0.028094	0.058801	0.060376	0.074222	0.086019
0.071982	0.038942	0.072024	0.031331	0.06447	0.042433	0.0539	0.055461	0.041117	0.04872	0.039733	0.034829	0.069303	0.056506	0.061777	0.086269
0.053444	0.03984	0.072545	0.034105	0.058939	0.047396	0.053324	0.074317	0.052688	0.049653	0.029793	0.041096	0.059804	0.054266	0.072466	0.077134
0.046925	0.04179	0.081418	0.041591	0.069597	0.043125	0.072623	0.070487	0.058479	0.045789	0.040554	0.046963	0.056546	0.051295	0.064478	0.081158
0.062906	0.040305	0.077761	0.040761	0.067267	0.040461	0.070081	0.056981	0.058725	0.047693	0.050232	0.034519	0.066287	0.053888	0.069165	0.073143
0.048851	0.036867	0.084464	0.037011	0.054528	0.04728	0.082031	0.068293	0.065599	0.048806	0.052349	0.035528	0.062359	0.060119	0.072046	0.086336
0.041095	0.043544	0.089712	0.036336	0.058805	0.057548	0.081762	0.055966	0.048347	0.053205	0.041836	0.032012	0.066528	0.050576	0.069146	0.091162
0.045911	0.042737	0.081713	0.041289	0.053288	0.03783	0.087513	0.044411	0.040265	0.04733	0.03367	0.029701	0.054297	0.058122	0.063166	0.089898
0.045625	0.04565	0.084885	0.048369	0.043781	0.057786	0.076109	0.036005	0.039679	0.051421	0.037334	0.041131	0.037993	0.075367	0.058068	0.092084
0.051908	0.049109	0.081774	0.05251	0.044207	0.055617	0.068215	0.044294	0.039194	0.051949	0.047957	0.041202	0.045336	0.055895	0.060768	0.093362
0.068627	0.047664	0.071363	0.045297	0.044293	0.059856	0.068683	0.055501	0.037528	0.050409	0.039063	0.034862	0.044631	0.05004	0.058811	0.094565
0.047723	0.060025	0.080793	0.042591	0.04201	0.069014	0.067388	0.058067	0.043015	0.048186	0.034718	0.041246	0.04341	0.053924	0.055008	0.096299
0.052403	0.065898	0.078104	0.030126	0.048382	0.058839	0.074383	0.056762	0.047167	0.04618	0.042095	0.035591	0.043516	0.061217	0.051942	0.103732
0.061095	0.063497	0.080542	0.029591	0.050597	0.053883	0.075958	0.047018	0.048003	0.048147	0.046926	0.032809	0.048191	0.053298	0.053023	0.104964
0.059479	0.067797	0.07195	0.032616	0.053939	0.052416	0.067008	0.056544	0.044203	0.043523	0.041048	0.039101	0.050943	0.067822	0.057652	0.105564
0.056016	0.064141	0.078068	0.039539	0.057954	0.048715	0.067569	0.065022	0.04247	0.038771	0.042227	0.0525	0.03811	0.068061	0.056702	0.078364
0.06253	0.056539	0.073696	0.038634	0.057407	0.052179	0.068472	0.079541	0.040956	0.032886	0.047464	0.042646	0.043304	0.072922	0.056167	0.075939
0.070885	0.058842	0.074782	0.037719	0.062749	0.050271	0.076428	0.077514	0.049627	0.029316	0.053397	0.049862	0.056707	0.073587	0.054487	0.085664
0.058118	0.055528	0.075273	0.038199	0.066692	0.052565	0.06249	0.059167	0.041856	0.030243	0.05506	0.050215	0.057136	0.069823	0.055218	0.077521
0.04902	0.056972	0.085055	0.038761	0.075124	0.048089	0.074041	0.070591	0.038502	0.038563	0.06022	0.044506	0.044747	0.064237	0.058613	0.076199
0.045709	0.050798	0.081813	0.039374	0.068843	0.047175	0.053337	0.070604	0.043723	0.035284	0.044402	0.042792	0.036743	0.06844	0.056221	0.075502
0.0458	0.053094	0.082035	0.042181	0.054998	0.04045	0.055632	0.073589	0.042322	0.043349	0.042108	0.045264	0.03982	0.074912	0.055951	0.072682
0.043435	0.057947	0.074771	0.055097	0.053654	0.04124	0.052918	0.067698	0.04275	0.036996	0.036074	0.032387	0.048805	0.070746	0.055637	0.077631
0.048392	0.049742	0.08769	0.058657	0.06039	0.034589	0.056219	0.064682	0.04091	0.035211	0.030037	0.040442	0.060421	0.069471	0.050322	0.078745
0.0519	0.050497	0.084027	0.043917	0.048519	0.038503	0.05714	0.073766	0.03142	0.037829	0.034212	0.043969	0.053962	0.077122	0.050054	0.080423
0.063208	0.044053	0.083902	0.031338	0.047991	0.042477	0.052242	0.062726	0.029668	0.043792	0.032906	0.044326	0.041367	0.071806	0.05254	0.0789
0.062729	0.033685	0.083479	0.041846	0.046775	0.039342	0.049204	0.047355	0.034166	0.048795	0.039426	0.040512	0.048806	0.069998	0.049976	0.08538
0.066529	0.031369	0.089511	0.03972	0.031578	0.041557	0.041446	0.04716	0.034924	0.054109	0.03551	0.0377	0.053143	0.070076	0.061113	0.08403
0.048652	0.037151	0.093788	0.046928	0.042349	0.040194	0.040863	0.055683	0.039572	0.058304	0.035943	0.037003	0.04314	0.074368	0.072294	0.098472
0.03809	0.040418	0.082067	0.0348	0.045542	0.037282	0.050275	0.078051	0.041767	0.054977	0.04831	0.030873	0.043967	0.073217	0.063357	0.104199
0.038414	0.040762	0.081703	0.033874	0.041735	0.040103	0.046464	0.083302	0.046161	0.045093	0.062793	0.031018	0.041467	0.076105	0.062945	0.092141
0.04193	0.043612	0.082092	0.039787	0.039568	0.038567	0.045387	0.065022	0.05025	0.040046	0.057037	0.031148	0.043244	0.068108	0.06158	0.082211
0.038618	0.051269	0.086817	0.043603	0.048406	0.045054	0.043682	0.050414	0.046922	0.038316	0.052729	0.029866	0.046609	0.064428	0.055616	0.080434
0.048089	0.041951	0.08623	0.058134	0.039719	0.043032	0.042912	0.053409	0.052613	0.031884	0.046848	0.032343	0.04219	0.062358	0.052619	0.076177
0.060669	0.039829	0.07547	0.066235	0.043079	0.048474	0.042106	0.06303	0.045949	0.045022	0.058782	0.028687	0.037451	0.062489	0.051703	0.074844
0.058607	0.039547	0.074779	0.053586	0.040731	0.04942	0.044078	0.062483	0.048351	0.050277	0.04188	0.038311	0.037685	0.054713	0.052987	0.073323
0.068921	0.057346	0.071865	0.035753	0.041173	0.049933	0.046864	0.044458	0.038214	0.051088	0.040236	0.040151	0.043009	0.063578	0.05504	0.071556
0.069461	0.056984	0.070918	0.041515	0.038496	0.040398	0.047291	0.038841	0.041066	0.051833	0.040622	0.043075	0.045752	0.058369	0.055542	0.061938
0.053376	0.063995	0.068844	0.043389	0.044549	0.034753	0.047346	0.042216	0.041135	0.04799	0.03307	0.039018	0.048388	0.055261	0.049646	0.064899
0.054503	0.046915	0.067006	0.046413	0.040862	0.048576	0.044043	0.053211	0.033113	0.049447	0.046577	0.038114	0.043159	0.058299	0.054669	0.071786
0.041044	0.03549	0.071251	0.050032	0.035502	0.037409	0.043938	0.064246	0.036129	0.043463	0.03969	0.039431	0.046728	0.05892	0.055307	0.065898
0.040112	0.041872	0.079529	0.063639	0.04467	0.029535	0.047	0.059431	0.033881	0.047827	0.043158	0.037088	0.037983	0.075046	0.057501	0.06423
0.038157	0.04647	0.077948	0.070168	0.044055	0.035041	0.047197	0.052897	0.033514	0.04118	0.04666	0.03687	0.048805	0.072888	0.052364	0.068451
0.030179	0.029593	0.078329	0.06314	0.047613	0.036359	0.055101	0.051275	0.03461	0.041417	0.040272	0.039488	0.042445	0.063058	0.050413	0.070726
0.040046	0.040616	0.072761	0.063422	0.045395	0.036635	0.063497	0.044663	0.031965	0.03569	0.04133	0.033663	0.038738	0.081794	0.050896	0.065111
0.042439	0.045283	0.074556	0.05958	0.04869	0.031247	0.062011	0.057612	0.035784	0.03438	0.034346	0.031445	0.041886	0.081052	0.045916	0.062513
0.042143	0.042432	0.081409	0.062674	0.056509	0.035239	0.053339	0.064493	0.035408	0.036852	0.035436	0.034127	0.047466	0.062722	0.044384	0.058588
0.046129	0.041182	0.075616	0.062917	0.04873	0.032502	0.047783	0.066235	0.035972	0.032211	0.041128	0.037158	0.050486	0.065917	0.040899	0.059008
0.058632	0.045964	0.080089	0.065558	0.052439	0.036772	0.04279	0.063442	0.036809	0.035903	0.035803	0.039614	0.06079	0.064929	0.043893	0.058345
0.056354	0.050413	0.068797	0.063097	0.049957	0.035046	0.0408	0.050143	0.035789	0.03929	0.039071	0.036275	0.056505	0.060041	0.051249	0.056666
0.046647	0.048065	0.073361	0.068761	0.042545	0.039916	0.043399	0.039416	0.034675	0.039252	0.042211	0.039849	0.050722	0.070792	0.049033	0.073839
0.04057	0.025866	0.075119	0.057579	0.0428	0.035266	0.043377	0.054891	0.041408	0.043755	0.042413	0.036608	0.058583	0.065538	0.048195	0.062814
0.053907	0.033422	0.082495	0.059293	0.039217	0.032016	0.043441	0.059693	0.035884	0.03664	0.032866	0.043709	0.055797	0.07038	0.048204	0.056558
0.058253	0.037429	0.074483	0.065213	0.044759	0.038928	0.040942	0.066753	0.037506	0.037948	0.037309	0.038072	0.048998	0.068868	0.048904	0.055817
0.047038	0.038586	0.073306	0.05973	0.044065	0.03652	0.042868	0.063799	0.035012	0.043197	0.041101	0.032962	0.051251	0.067792	0.051453	0.058532
0.029839	0.044275	0.068085	0.059336	0.047121	0.038342	0.044044	0.047539	0.036685	0.038783	0.03497	0.038825	0.039463	0.064459	0.055002	0.064076
0.042082	0.051806	0.068537	0.05431	0.050418	0.031657	0.044454	0.053439	0.047214	0.043212	0.041744	0.041296	0.039352	0.056535	0.05127	0.065139
0.039946	0.047206	0.070186	0.054073	0.038598	0.045791	0.041359	0.051913	0.047204	0.045232	0.040015	0.041316	0.046857	0.056939	0.063247	0.056755
0.061838	0.031816	0.066645	0.054844	0.038523	0.0461	0.042766	0.055367	0.049421	0.038509	0.033589	0.04268	0.046327	0.054624	0.052801	0.072725
0.054663	0.044014	0.074378	0.055257	0.047713	0.039509	0.047691	0.058998	0.04395	0.033503	0.035211	0.027028	0.032033	0.055193	0.046928	0.061454
0.031639	0.037631	0.07132	0.058055	0.042739	0.029783	0.050062	0.052319	0.04088	0.036857	0.036859	0.02897	0.040282	0.057355	0.058101	0.063996
0.041996	0.040619	0.073892	0.052182	0.045898	0.034032	0.055729	0.066543	0.048266	0.039679	0.037609	0.037337	0.046358	0.063382	0.050395	0.060386
0.047908	0.053413	0.081436	0.053426	0.045325	0.037602	0.059374	0.070219	0.040594	0.049133	0.035283	0.04277	0.0399	0.05674	0.046112	0.055714
0.047291	0.061417	0.087262	0.054424	0.041373	0.036867	0.058957	0.060649	0.043553	0.045588	0.036343	0.040565	0.045273	0.060196	0.047949	0.061818
0.040075	0.068198	0.07207	0.05556	0.042845	0.036398	0.045995	0.063249	0.042819	0.040948	0.04608	0.031731	0.049664	0.050459	0.056031	0.061243
0.047206	0.051471	0.071789	0.056667	0.039539	0.036775	0.0435	0.047861	0.035163	0.032733	0.046483	0.03811	0.035979	0.048573	0.054952	0.057247
0.067259	0.047629	0.074874	0.056199	0.043456	0.037035	0.043669	0.053425	0.033899	0.034275	0.043037	0.039061	0.033714	0.058964	0.04895	0.05679
0.058864	0.05405	0.07366	0.052527	0.040295	0.037439	0.043468	0.048996	0.029383	0.033013	0.037823	0.029708	0.03707	0.047256	0.049103	0.058729
0.051841	0.056249	0.064717	0.048929	0.046445	0.037635	0.042654	0.047125	0.035925	0.037839	0.033102	0.033606	0.043775	0.048388	0.046691	0.075611
0.043214	0.056423	0.074382	0.05243	0.041051	0.037172	0.047557	0.047894	0.032994	0.037391	0.029594	0.038028	0.043719	0.053011	0.051432	0.072575
0.041512	0.056315	0.079509	0.05451	0.065951	0.035825	0.045222	0.046918	0.034017	0.055526	0.030563	0.037844	0.038506	0.046366	0.045558	0.076986
0.044825	0.053944	0.080274	0.05505	0.06794	0.037142	0.042665	0.058485	0.038191	0.047623	0.031928	0.034597	0.042652	0.048786	0.06288	0.05702
0.039844	0.04327	0.082129	0.057202	0.043251	0.035544	0.043784	0.04749	0.031057	0.043232	0.03483	0.039461	0.044204	0.04776	0.04754	0.051078
0.042285	0.036287	0.068747	0.049987	0.051001	0.033723	0.047111	0.047972	0.031684	0.041936	0.035963	0.033194	0.034607	0.047463	0.043959	0.060397
0.043956	0.033318	0.064344	0.043473	0.051149	0.034413	0.055728	0.045809	0.033265	0.041257	0.033115	0.031614	0.034505	0.055843	0.045608	0.068038
0.036671	0.049489	0.073046	0.056232	0.050328	0.034137	0.048185	0.044284	0.031924	0.035171	0.034896	0.032773	0.041171	0.050681	0.043908	0.057082
0.037394	0.042642	0.071837	0.048795	0.05003	0.035101	0.050921	0.066824	0.038139	0.028936	0.040123	0.042576	0.045652	0.051304	0.053652	0.062658
0.038351	0.03702	0.076253	0.058509	0.046533	0.034541	0.046883	0.065488	0.031853	0.035437	0.041581	0.037668	0.039912	0.045523	0.060498	0.054818
0.041846	0.04113	0.071291	0.04782	0.040131	0.039168	0.043537	0.054005	0.030164	0.034435	0.032446	0.027875	0.042597	0.048773	0.053121	0.064025
0.047817	0.042566	0.077291	0.060214	0.049988	0.034277	0.045731	0.04986	0.031638	0.03651	0.030825	0.032786	0.044649	0.048664	0.052173	0.061923
0.060735	0.039446	0.08867	0.05557	0.050927	0.039007	0.045683	0.062169	0.036702	0.039697	0.035006	0.037286	0.041193	0.061673	0.05087	0.061757
0.061538	0.042527	0.077108	0.057533	0.043765	0.034169	0.046461	0.058921	0.039769	0.036394	0.028473	0.035419	0.04086	0.065217	0.048034	0.060399
0.067383	0.039339	0.075588	0.04648	0.033415	0.033948	0.046693	0.05114	0.034147	0.033646	0.033144	0.033455	0.044849	0.058659	0.053671	0.062217
0.055677	0.043082	0.072202	0.049294	0.049838	0.033503	0.042786	0.06014	0.031869	0.039763	0.036301	0.038606	0.044745	0.050934	0.060438	0.067524
0.045283	0.042615	0.074135	0.049418	0.057709	0.036439	0.044505	0.060335	0.028689	0.037712	0.034709	0.028909	0.036005	0.046181	0.050104	0.063009
0.053271	0.051798	0.075535	0.046575	0.044907	0.039615	0.044074	0.068913	0.033508	0.031488	0.033135	0.034238	0.037459	0.050997	0.05122	0.055196
0.065876	0.04388	0.07425	0.06376	0.053092	0.038854	0.044639	0.06385	0.031706	0.031637	0.034304	0.023217	0.034897	0.049156	0.047583	0.072461
0.053798	0.048509	0.069826	0.060894	0.038142	0.033402	0.043741	0.060305	0.032344	0.035998	0.034988	0.048515	0.036765	0.044843	0.042553	0.077111
0.056452	0.038657	0.063277	0.058857	0.045193	0.032232	0.048119	0.05126	0.032013	0.034729	0.029191	0.03922	0.039634	0.047124	0.046286	0.065422
0.055117	0.045116	0.063551	0.061398	0.041574	0.034454	0.045901	0.045107	0.028411	0.033338	0.034446	0.037183	0.037869	0.042057	0.043289	0.065113
0.04568	0.043659	0.06519	0.058444	0.05262	0.037138	0.043418	0.063382	0.030035	0.030823	0.038054	0.039367	0.044956	0.044748	0.041514	0.063288
0.037114	0.036788	0.059384	0.05564	0.047802	0.038193	0.046694	0.046335	0.029909	0.036748	0.039332	0.037995	0.054028	0.047284	0.043657	0.062104
0.041827	0.040365	0.062029	0.064267	0.043397	0.03215	0.044331	0.054372	0.032206	0.035787	0.034613	0.03695	0.042179	0.04671	0.046593	0.044321
0.043433	0.039936	0.080103	0.05944	0.043659	0.032835	0.050552	0.056594	0.037827	0.031487	0.033727	0.0346	0.044799	0.048044	0.044079	0.063543
0.042677	0.036302	0.071039	0.052352	0.046532	0.034629	0.053706	0.049142	0.042538	0.033971	0.032935	0.036848	0.041747	0.046206	0.045571	0.060706
0.041809	0.044014	0.067459	0.053604	0.041869	0.035447	0.065317	0.061393	0.034843	0.034546	0.037834	0.034638	0.051168	0.05197	0.046869	0.052617
0.04749	0.047295	0.075198	0.05829	0.038537	0.034144	0.057519	0.049641	0.040824	0.039751	0.027395	0.028387	0.039754	0.052407	0.050687	0.062726
0.037771	0.044028	0.073916	0.047094	0.044777	0.034785	0.063863	0.052983	0.042453	0.038174	0.039754	0.034724	0.038731	0.05632	0.044588	0.066883
0.035198	0.042689	0.074681	0.060404	0.04836	0.038064	0.065002	0.051956	0.045173	0.045251	0.041241	0.03928	0.060885	0.061034	0.043668	0.06313
0.040417	0.047252	0.074713	0.055917	0.045853	0.043552	0.063128	0.049291	0.042484	0.043768	0.036039	0.040345	0.046383	0.070885	0.049679	0.05779
0.041699	0.047826	0.074378	0.067104	0.054253	0.049283	0.060613	0.052621	0.042873	0.040556	0.026854	0.034787	0.038867	0.065117	0.055971	0.065304
0.04007	0.035365	0.069823	0.06422	0.043524	0.047197	0.054667	0.046173	0.041695	0.03339	0.034753	0.03575	0.038156	0.081627	0.065309	0.073601
0.040699	0.042143	0.064386	0.068857	0.039352	0.053699	0.043882	0.045059	0.041552	0.03612	0.034984	0.035564	0.040498	0.055721	0.052232	0.072914
0.040947	0.036781	0.062093	0.063488	0.052926	0.04744	0.044108	0.056074	0.04537	0.033404	0.041381	0.036429	0.04008	0.055518	0.051477	0.065195
0.046318	0.033226	0.069962	0.049704	0.04929	0.040026	0.050252	0.054038	0.041223	0.036486	0.0367	0.038977	0.042061	0.047998	0.055806	0.07436
0.038291	0.035306	0.066418	0.051921	0.04804	0.036931	0.053074	0.055534	0.036573	0.03818	0.032835	0.043239	0.034639	0.06294	0.058346	0.068975
0.039455	0.038558	0.066661	0.045873	0.047635	0.035411	0.050472	0.050544	0.030909	0.040325	0.032566	0.037299	0.034707	0.062734	0.05253	0.064177
0.038948	0.038093	0.077584	0.052677	0.052903	0.03455	0.047119	0.055215	0.035508	0.040186	0.043084	0.035821	0.04261	0.05422	0.045865	0.058194
0.045567	0.048356	0.069163	0.049652	0.049437	0.038006	0.052096	0.053329	0.030526	0.03742	0.044812	0.035742	0.039974	0.052203	0.050763	0.06177
0.050668	0.055497	0.067509	0.049201	0.036475	0.034501	0.041314	0.05113	0.03214	0.034577	0.053213	0.030755	0.043346	0.051594	0.046574	0.055613
0.05827	0.06047	0.073607	0.051436	0.04416	0.038608	0.049875	0.054567	0.038081	0.034705	0.042417	0.032685	0.072166	0.047664	0.048145	0.06896
0.059727	0.049332	0.066161	0.049396	0.043027	0.032816	0.045652	0.066623	0.032186	0.033345	0.040938	0.029798	0.049631	0.055383	0.049709	0.069911
0.057989	0.042585	0.067122	0.053091	0.045131	0.036201	0.044406	0.07232	0.030754	0.035799	0.035251	0.035645	0.05139	0.039551	0.046357	0.07657
0.053963	0.034743	0.074247	0.064458	0.051353	0.030237	0.046733	0.066242	0.033141	0.039468	0.045859	0.032462	0.045987	0.046251	0.040621	0.053667
0.050328	0.034538	0.078104	0.061515	0.04634	0.037958	0.04597	0.062467	0.032878	0.036164	0.040928	0.042772	0.041005	0.042881	0.044207	0.05672
0.051315	0.037434	0.074553	0.060478	0.040967	0.041834	0.052027	0.07293	0.035012	0.037814	0.035291	0.034583	0.045007	0.046862	0.041838	0.068691
0.047111	0.042193	0.066485	0.065698	0.0412	0.041636	0.055367	0.065127	0.037276	0.033648	0.026482	0.038128	0.045412	0.04235	0.047418	0.064412
0.042555	0.045918	0.062316	0.066217	0.044161	0.045843	0.050255	0.0665	0.035897	0.039832	0.026556	0.035552	0.047442	0.039224	0.051082	0.057425
0.041921	0.043493	0.062744	0.063031	0.043764	0.037725	0.049323	0.06492	0.034536	0.043978	0.030409	0.032868	0.039071	0.048081	0.051662	0.068259
0.040027	0.035465	0.063318	0.059842	0.046222	0.038094	0.054177	0.065478	0.028685	0.049798	0.03238	0.037424	0.031243	0.052886	0.050876	0.062851
0.040522	0.027857	0.062622	0.057008	0.040794	0.034626	0.04611	0.071747	0.034722	0.045658	0.033717	0.034886	0.048065	0.040815	0.05262	0.063643
0.041565	0.036878	0.059508	0.057567	0.045721	0.035749	0.044902	0.060557	0.034291	0.044364	0.031126	0.031582	0.045016	0.036196	0.047028	0.058473
0.045769	0.063529	0.060909	0.050633	0.044635	0.037376	0.047173	0.062215	0.032743	0.039631	0.030226	0.03255	0.038392	0.041059	0.051009	0.062715
0.04695	0.045356	0.059997	0.049888	0.049901	0.041788	0.05083	0.063097	0.032252	0.03964	0.036633	0.033031	0.047878	0.041821	0.048086	0.059799
0.037713	0.056335	0.06754	0.056582	0.044796	0.037084	0.049348	0.062384	0.032589	0.032453	0.037956	0.032065	0.044697	0.039869	0.052499	0.055376
0.043977	0.037539	0.072722	0.04829	0.042036	0.036005	0.044701	0.06777	0.033427	0.03367	0.031939	0.036369	0.049014	0.054188	0.045403	0.055545
0.04118	0.038531	0.072156	0.046555	0.048573	0.03524	0.049677	0.064161	0.034949	0.028502	0.033437	0.034534	0.061399	0.043273	0.044688	0.056602
0.049235	0.035166	0.073069	0.048516	0.036154	0.034203	0.048164	0.06672	0.033365	0.030061	0.035493	0.033956	0.050497	0.04222	0.048206	0.064404
0.041667	0.043918	0.079921	0.056536	0.048074	0.038934	0.044411	0.06196	0.030957	0.029901	0.033716	0.036913	0.044732	0.042934	0.046005	0.066955
0.049276	0.045038	0.071691	0.050566	0.049352	0.043918	0.045065	0.047007	0.03371	0.031518	0.036699	0.032095	0.04117	0.040383	0.043932	0.054595
0.04267	0.043342	0.06883	0.061004	0.05772	0.032896	0.058874	0.051323	0.031611	0.0351	0.037886	0.038079	0.040728	0.059471	0.047132	0.055312
0.038237	0.034687	0.065848	0.0438	0.041892	0.02975	0.06175	0.043332	0.034347	0.031429	0.035826	0.038494	0.039694	0.064436	0.051038	0.063567
0.050085	0.037379	0.060636	0.04754	0.049657	0.036596	0.068293	0.044029	0.037043	0.029997	0.032951	0.037209	0.037879	0.06168	0.054021	0.059173
0.060172	0.041926	0.060114	0.045612	0.053054	0.037434	0.074178	0.04912	0.034804	0.035212	0.028248	0.02803	0.048494	0.059958	0.059989	0.052266
0.072369	0.048481	0.052397	0.045743	0.052653	0.03481	0.064467	0.049239	0.035556	0.02807	0.030559	0.034883	0.050446	0.058148	0.059714	0.053872
0.056511	0.049068	0.0511	0.0475	0.041257	0.03841	0.065039	0.051221	0.028783	0.037232	0.030767	0.037753	0.041338	0.052919	0.061471	0.062481
0.05641	0.042693	0.054953	0.047865	0.046147	0.038248	0.060527	0.058687	0.033292	0.040564	0.029709	0.036061	0.035639	0.052495	0.061152	0.068
0.062001	0.052729	0.05197	0.047806	0.050733	0.034714	0.050061	0.048707	0.031041	0.034829	0.030005	0.032687	0.037927	0.040226	0.052659	0.071258
0.048241	0.047635	0.060348	0.047483	0.045781	0.034577	0.048041	0.041763	0.030731	0.042564	0.037407	0.0313	0.040684	0.045179	0.052303	0.061369
0.039534	0.04167	0.055259	0.052873	0.047584	0.036267	0.046407	0.042983	0.034224	0.030281	0.041478	0.035432	0.043498	0.049562	0.051088	0.060066
0.041699	0.039034	0.057037	0.064045	0.048855	0.03971	0.050081	0.045027	0.030022	0.033317	0.041524	0.031448	0.046129	0.048353	0.049822	0.047606
0.044551	0.042948	0.057214	0.062227	0.038845	0.040256	0.050627	0.070762	0.034873	0.039313	0.042129	0.031837	0.041558	0.046051	0.053516	0.057946
0.04333	0.044591	0.055735	0.062972	0.042831	0.034626	0.05261	0.056399	0.030674	0.034021	0.040632	0.033982	0.042677	0.045308	0.055322	0.066511
0.046642	0.044262	0.05605	0.063764	0.044101	0.034609	0.054416	0.05188	0.030134	0.027895	0.030874	0.035265	0.040542	0.042936	0.053596	0.066577
0.044643	0.040256	0.05497	0.066002	0.047967	0.041135	0.056143	0.061831	0.034898	0.032168	0.031307	0.0388	0.038844	0.043884	0.048545	0.077256
0.050213	0.045328	0.071442	0.064076	0.046501	0.034688	0.045012	0.070789	0.028807	0.032065	0.031407	0.038142	0.039994	0.045792	0.051299	0.065655
0.046403	0.041905	0.058931	0.050912	0.046107	0.035125	0.046016	0.070864	0.037158	0.035158	0.030826	0.042904	0.047153	0.049778	0.049087	0.066823
0.039606	0.04039	0.054337	0.045743	0.038827	0.035108	0.046629	0.068114	0.033732	0.037747	0.038956	0.041598	0.049395	0.039901	0.042346	0.065518
0.044048	0.040787	0.06213	0.042118	0.040968	0.03712	0.045066	0.073403	0.032915	0.033335	0.029248	0.041823	0.047539	0.043784	0.043246	0.067689
0.050521	0.044153	0.066797	0.044006	0.044544	0.036338	0.047555	0.067434	0.0358	0.033829	0.032777	0.040904	0.0394	0.039301	0.051887	0.06227
0.059583	0.0404	0.076945	0.057952	0.047719	0.038846	0.046793	0.075678	0.025529	0.033801	0.036417	0.037331	0.038813	0.042246	0.052328	0.052898
0.073267	0.039879	0.075884	0.05121	0.059349	0.042946	0.053131	0.06647	0.027988	0.033627	0.032866	0.036903	0.039268	0.049397	0.042193	0.060556
0.059522	0.038866	0.074147	0.060748	0.049436	0.047687	0.052816	0.060766	0.032298	0.034182	0.041487	0.037463	0.041481	0.052711	0.046251	0.066266
0.056974	0.042759	0.065949	0.051333	0.037007	0.044259	0.051988	0.051862	0.03497	0.031434	0.046105	0.029495	0.040292	0.042122	0.046368	0.055836
0.061373	0.052468	0.061986	0.052816	0.037738	0.041638	0.046758	0.047237	0.029458	0.034967	0.037553	0.032173	0.041828	0.041974	0.05368	0.055156
0.056238	0.055814	0.055604	0.063714	0.052899	0.039456	0.050658	0.047219	0.036075	0.036835	0.03266	0.031665	0.0403	0.054087	0.057978	0.06884
0.05851	0.050885	0.058559	0.054398	0.052957	0.034166	0.046229	0.045258	0.036482	0.036378	0.038902	0.030184	0.038358	0.049443	0.062238	0.05507
0.050538	0.043566	0.058638	0.047818	0.050415	0.039681	0.064355	0.047698	0.041196	0.034346	0.029928	0.034075	0.049978	0.056948	0.059614	0.048897
0.043449	0.04186	0.055943	0.04847	0.048395	0.037186	0.066435	0.050441	0.03317	0.031849	0.029847	0.036582	0.043875	0.058027	0.054803	0.063152
0.049555	0.043966	0.053151	0.047947	0.040443	0.038329	0.064549	0.049595	0.032897	0.034055	0.033938	0.034576	0.043699	0.048407	0.052677	0.060962
0.041318	0.048814	0.054987	0.047862	0.047528	0.037355	0.076408	0.041392	0.03387	0.033593	0.034342	0.032987	0.04925	0.046812	0.051154	0.054303
0.045995	0.046854	0.054572	0.051101	0.055391	0.038826	0.070827	0.046425	0.036682	0.038433	0.03268	0.030986	0.036741	0.045811	0.044616	0.056353
0.043423	0.049447	0.055027	0.049374	0.041239	0.035239	0.064637	0.049563	0.03684	0.039159	0.033327	0.029813	0.047582	0.066789	0.049876	0.066363
0.050664	0.046493	0.057462	0.04944	0.048171	0.035502	0.059094	0.054234	0.033467	0.04225	0.033406	0.029057	0.03431	0.060203	0.049637	0.061669
0.046351	0.049463	0.0635	0.047627	0.053132	0.034942	0.048088	0.06144	0.033624	0.048171	0.036391	0.031356	0.031357	0.064172	0.046129	0.049884
0.046062	0.044344	0.05564	0.054896	0.046094	0.034985	0.052526	0.054937	0.040664	0.050741	0.037528	0.043151	0.041149	0.060499	0.044426	0.07925
0.04905	0.044626	0.060936	0.059447	0.046185	0.036023	0.06221	0.04858	0.036487	0.044992	0.033007	0.042582	0.048432	0.065455	0.057893	0.090261
0.046993	0.043163	0.061958	0.063376	0.058643	0.035237	0.054612	0.051591	0.037223	0.04674	0.035007	0.042795	0.060037	0.062605	0.056184	0.089466
0.05901	0.041868	0.056373	0.071044	0.048683	0.036316	0.048747	0.049093	0.035945	0.04552	0.034944	0.039748	0.060243	0.063035	0.05635	0.095328
0.063669	0.045585	0.067084	0.060054	0.041281	0.044352	0.053303	0.046195	0.03539	0.04328	0.036374	0.048091	0.056069	0.053379	0.052199	0.079279
0.070039	0.048559	0.075814	0.065184	0.058114	0.047617	0.052867	0.051444	0.041055	0.037625	0.037661	0.039855	0.048357	0.06515	0.054513	0.081328
0.070686	0.054827	0.07886	0.065269	0.046268	0.044421	0.05585	0.066243	0.034898	0.037771	0.047068	0.03918	0.041767	0.057987	0.050885	0.090336
0.057192	0.055436	0.062087	0.054682	0.050627	0.034257	0.06185	0.061999	0.037442	0.038145	0.05152	0.037409	0.04744	0.060445	0.050696	0.085344
0.048348	0.047298	0.064549	0.055079	0.058677	0.036422	0.059631	0.049126	0.0343	0.041532	0.044621	0.038868	0.043192	0.050942	0.046995	0.076727
0.053846	0.040048	0.064005	0.055744	0.042796	0.038026	0.054222	0.045515	0.037996	0.037727	0.044184	0.036076	0.034333	0.057108	0.050552	0.073735
0.04179	0.047333	0.066817	0.056481	0.047401	0.039161	0.056779	0.067437	0.040621	0.035447	0.04405	0.03717	0.037293	0.063451	0.055851	0.0639
0.048558	0.0458	0.063331	0.051942	0.04277	0.037997	0.054356	0.058785	0.03533	0.047476	0.032044	0.035435	0.04324	0.048249	0.046462	0.057987
0.049246	0.04298	0.058454	0.04989	0.050638	0.038559	0.0658	0.072934	0.037617	0.046447	0.035768	0.038785	0.0499	0.04935	0.049093	0.06839
0.048389	0.053908	0.052028	0.051314	0.057356	0.036985	0.063843	0.06045	0.036963	0.039837	0.037974	0.047262	0.046815	0.045526	0.066028	0.083111
0.045688	0.064755	0.056319	0.048861	0.053557	0.03854	0.066894	0.059252	0.043441	0.042165	0.033378	0.032815	0.046524	0.045713	0.064659	0.096812
0.045942	0.061803	0.054905	0.056568	0.049028	0.038791	0.067727	0.047266	0.044473	0.041467	0.03951	0.037779	0.049988	0.046799	0.064417	0.088965
0.064857	0.068071	0.055162	0.063007	0.047065	0.039708	0.070587	0.047553	0.049448	0.040322	0.046288	0.036157	0.046487	0.054779	0.06093	0.082848
0.066165	0.054489	0.053718	0.060263	0.053842	0.03959	0.0813	0.058442	0.051376	0.047115	0.04225	0.035703	0.051897	0.046928	0.067197	0.077795
0.056666	0.054847	0.060612	0.056672	0.060609	0.052496	0.08675	0.057146	0.0439	0.049427	0.033402	0.044873	0.041727	0.045127	0.058923	0.083835
0.048065	0.058288	0.063863	0.058066	0.076101	0.049558	0.078879	0.051969	0.037856	0.059007	0.037418	0.049454	0.039423	0.048141	0.056712	0.086098
0.049056	0.049472	0.056074	0.048838	0.062633	0.049584	0.074509	0.06664	0.037343	0.057245	0.036671	0.055283	0.061007	0.051892	0.0565	0.085619
0.04693	0.055423	0.058011	0.050869	0.063068	0.051461	0.08217	0.068741	0.038093	0.05734	0.04279	0.049007	0.045541	0.050387	0.042741	0.07448
0.058014	0.070843	0.060483	0.054638	0.063216	0.046356	0.079402	0.082981	0.040553	0.058823	0.041598	0.045348	0.041686	0.060991	0.047998	0.072024
0.052173	0.062148	0.065765	0.05443	0.064771	0.041577	0.077375	0.0743	0.038249	0.046375	0.03836	0.042199	0.04145	0.061587	0.052776	0.069968
0.053375	0.059453	0.063215	0.069834	0.044586	0.044957	0.090326	0.073693	0.042525	0.048416	0.04325	0.03646	0.043067	0.062224	0.063239	0.06587
0.061909	0.060208	0.075809	0.055562	0.067916	0.043678	0.086162	0.073476	0.040757	0.054291	0.03984	0.042905	0.048962	0.066157	0.064242	0.08193
0.068378	0.053338	0.075316	0.070864	0.057044	0.042202	0.074497	0.062878	0.03951	0.059698	0.041094	0.046331	0.057976	0.066897	0.053057	0.078373
0.066893	0.065516	0.075248	0.057522	0.073442	0.047251	0.070801	0.062588	0.045895	0.049834	0.041766	0.044626	0.073423	0.061325	0.054857	0.093536
0.063811	0.055877	0.066215	0.063512	0.060529	0.042499	0.087471	0.062085	0.048604	0.043021	0.049658	0.046918	0.077198	0.073877	0.056482	0.087172
0.068807	0.067789	0.065918	0.058234	0.061438	0.04609	0.073223	0.067794	0.038096	0.039504	0.047647	0.036195	0.064338	0.061319	0.056586	0.090051
0.081786	0.048348	0.064292	0.058733	0.061486	0.050263	0.065555	0.066418	0.04697	0.046555	0.050282	0.050188	0.057574	0.052946	0.05721	0.096016
0.056524	0.051677	0.049144	0.062409	0.067868	0.042745	0.06119	0.074074	0.048663	0.053254	0.052468	0.042696	0.061614	0.057279	0.055398	0.092251
0.061902	0.051143	0.052	0.069968	0.074007	0.047602	0.074308	0.069259	0.059373	0.064204	0.052447	0.038124	0.055166	0.052223	0.052256	0.087137
0.062691	0.064986	0.068785	0.067356	0.064278	0.054815	0.0566	0.090535	0.05546	0.055256	0.044397	0.043936	0.048883	0.061731	0.055964	0.080685
0.072976	0.063829	0.071568	0.065345	0.073507	0.055449	0.077016	0.067352	0.053678	0.060433	0.043618	0.039352	0.058649	0.062821	0.051816	0.086412
0.08252	0.051679	0.067727	0.068488	0.056186	0.060351	0.076313	0.087782	0.046044	0.049306	0.035753	0.030957	0.058255	0.049107	0.056821	0.089562
0.077589	0.055912	0.059199	0.071739	0.054741	0.062637	0.060697	0.07468	0.047922	0.06563	0.038416	0.044493	0.064904	0.058583	0.049897	0.094809
0.076879	0.070614	0.055069	0.065321	0.066123	0.060193	0.053667	0.079691	0.04881	0.045856	0.045109	0.051828	0.063363	0.066151	0.048953	0.083931
0.071965	0.055827	0.056745	0.058047	0.067712	0.058204	0.054729	0.072413	0.04181	0.041663	0.040565	0.047899	0.060455	0.079172	0.060767	0.078757
0.057827	0.042139	0.064967	0.064037	0.06209	0.061993	0.057967	0.076149	0.043802	0.044851	0.037952	0.036015	0.052245	0.069055	0.064725	0.082938
0.056792	0.050281	0.067851	0.070258	0.063136	0.048805	0.067637	0.084407	0.035593	0.049235	0.042845	0.044351	0.058058	0.064875	0.062782	0.078262
0.064674	0.059225	0.071983	0.063972	0.072326	0.036122	0.078363	0.085891	0.032894	0.055302	0.048478	0.045025	0.054757	0.075205	0.065826	0.072199
0.061741	0.065726	0.074691	0.059183	0.07084	0.05021	0.069815	0.061648	0.047201	0.057828	0.043978	0.033877	0.050058	0.083814	0.057162	0.076935
0.070565	0.062752	0.080017	0.062028	0.062271	0.058627	0.065733	0.050438	0.045493	0.054785	0.046155	0.033021	0.050086	0.067678	0.055166	0.077357
0.094584	0.075861	0.100347	0.078966	0.072677	0.075198	0.087935	0.091785	0.036359	0.047471	0.053907	0.037335	0.053556	0.069282	0.05089	0.073922
0.099147	0.093046	0.09891	0.084482	0.074711	0.057759	0.084791	0.08503	0.04983	0.049057	0.057511	0.040256	0.056741	0.070205	0.049919	0.063964
0.087076	0.069816	0.086472	0.078654	0.070067	0.059032	0.084834	0.08813	0.03898	0.039982	0.051214	0.053966	0.046042	0.061512	0.054083	0.068526
0.078796	0.074846	0.088851	0.076753	0.072391	0.065624	0.093168	0.093021	0.047583	0.037245	0.052182	0.051913	0.060507	0.057685	0.058425	0.067492
0.089468	0.090502	0.097204	0.079777	0.090811	0.074172	0.100349	0.092648	0.047914	0.042722	0.046885	0.050366	0.065783	0.07338	0.05476	0.066154
0.065226	0.070546	0.085571	0.073357	0.078358	0.054896	0.081092	0.088467	0.049298	0.045452	0.046771	0.047029	0.071077	0.06279	0.055164	0.078697
0.06274	0.066121	0.069508	0.077511	0.065426	0.053696	0.066969	0.077931	0.049496	0.046437	0.042702	0.047548	0.050988	0.068386	0.053606	0.083609
0.068536	0.060425	0.079289	0.071749	0.055983	0.057002	0.084121	0.067346	0.050574	0.046951	0.043139	0.047398	0.046418	0.069872	0.054164	0.075769
0.050774	0.044126	0.07488	0.065039	0.061751	0.052343	0.067848	0.079744	0.04398	0.042413	0.049021	0.045004	0.040788	0.071783	0.056393	0.067355
0.066198	0.050076	0.071794	0.065046	0.057451	0.062816	0.07584	0.078133	0.051494	0.034846	0.039333	0.038351	0.044363	0.077096	0.064743	0.073082
0.080981	0.047124	0.076454	0.054301	0.048517	0.066419	0.084481	0.071453	0.049172	0.041829	0.030438	0.039652	0.044976	0.071808	0.060103	0.079787
0.072578	0.070759	0.080772	0.070203	0.067228	0.066576	0.070421	0.076454	0.042215	0.043323	0.035562	0.037214	0.052121	0.07551	0.062761	0.075755
0.06438	0.04913	0.080084	0.066332	0.070699	0.060239	0.067432	0.088807	0.040381	0.036193	0.044114	0.032131	0.059641	0.075684	0.065764	0.068747
0.068811	0.062582	0.07929	0.061847	0.068612	0.047792	0.067454	0.08539	0.046924	0.042519	0.04189	0.036086	0.063333	0.07073	0.058191	0.063373
0.070128	0.050701	0.075433	0.067487	0.062939	0.060017	0.0605	0.04579	0.045767	0.047014	0.040079	0.037342	0.064497	0.06935	0.048939	0.068838
0.060108	0.042802	0.074505	0.066471	0.063229	0.051259	0.068985	0.065282	0.053286	0.037427	0.041235	0.040416	0.068792	0.073363	0.04853	0.077706
0.069551	0.043211	0.072917	0.06379	0.054021	0.050223	0.074743	0.068032	0.039609	0.03662	0.032844	0.049277	0.055332	0.068824	0.047655	0.067014
0.063742	0.054516	0.079455	0.058072	0.073424	0.049145	0.065265	0.072163	0.029665	0.041946	0.041311	0.039346	0.061755	0.064435	0.047255	0.063012
0.051633	0.054901	0.074543	0.070967	0.069589	0.040495	0.063282	0.078861	0.033893	0.050977	0.043181	0.03207	0.060754	0.060589	0.05289	0.087251
0.060359	0.057349	0.060806	0.082059	0.070081	0.041804	0.062038	0.082479	0.03428	0.048608	0.042006	0.032503	0.050902	0.07001	0.056548	0.102622
0.069727	0.075263	0.061661	0.076049	0.076664	0.042544	0.058553	0.086362	0.0335	0.044459	0.035155	0.034074	0.054221	0.073202	0.053452	0.105097
0.068591	0.073554	0.057446	0.073477	0.052059	0.054547	0.064888	0.078597	0.036663	0.047042	0.036551	0.042001	0.050143	0.06799	0.051865	0.086289
0.072844	0.061293	0.059695	0.077385	0.047291	0.059229	0.062458	0.075783	0.04771	0.042283	0.041971	0.035139	0.049679	0.068159	0.054999	0.080468
0.06749	0.067128	0.065423	0.075357	0.047484	0.059405	0.067666	0.082639	0.041486	0.058962	0.041953	0.037448	0.049169	0.06985	0.057801	0.074032
0.064676	0.050798	0.072837	0.068343	0.049688	0.067429	0.07643	0.063103	0.045548	0.045039	0.051461	0.036245	0.050543	0.074222	0.056157	0.064483
0.056915	0.048581	0.081159	0.068135	0.056025	0.055279	0.053319	0.057045	0.033927	0.045327	0.053187	0.038508	0.051521	0.072306	0.062377	0.061852
0.052051	0.05947	0.076683	0.068884	0.051943	0.067255	0.0601	0.072842	0.038193	0.057111	0.054768	0.033448	0.03706	0.061361	0.064884	0.061325
0.041313	0.057262	0.075661	0.06964	0.057667	0.069856	0.064772	0.065131	0.040788	0.058078	0.061781	0.036286	0.052901	0.067626	0.080053	0.066088
0.040313	0.060816	0.084079	0.072964	0.094421	0.056502	0.051786	0.086713	0.04384	0.064269	0.055325	0.036631	0.054652	0.078677	0.078493	0.066947
0.042643	0.057733	0.079377	0.072938	0.062662	0.057602	0.046768	0.064153	0.039314	0.050445	0.054392	0.043285	0.037854	0.060672	0.070885	0.062522
0.057269	0.058691	0.067133	0.0725	0.060989	0.062823	0.052612	0.062442	0.042545	0.048504	0.04875	0.0354	0.0417	0.068033	0.067134	0.061381
0.058922	0.07038	0.073328	0.074567	0.071719	0.061015	0.055415	0.081329	0.03967	0.051859	0.054345	0.036267	0.037166	0.062374	0.068131	0.068953
0.061432	0.046061	0.079099	0.083591	0.068901	0.047323	0.055736	0.085054	0.04281	0.05443	0.046324	0.040594	0.046524	0.062915	0.06651	0.07091
0.078844	0.03954	0.074388	0.074853	0.051217	0.03992	0.055878	0.071644	0.04585	0.038013	0.046498	0.045662	0.043211	0.05609	0.067995	0.062291
0.068581	0.049984	0.073223	0.072169	0.08319	0.04093	0.076091	0.077553	0.048153	0.044343	0.043826	0.046407	0.042557	0.062565	0.072464	0.063854
0.047735	0.050216	0.083269	0.07421	0.068213	0.044897	0.07104	0.083328	0.046799	0.048108	0.052966	0.039817	0.038799	0.070419	0.059665	0.062749
0.055417	0.048699	0.092572	0.071917	0.054735	0.047223	0.072063	0.069522	0.040504	0.048322	0.052688	0.038195	0.045408	0.063555	0.063942	0.065114
0.051918	0.050842	0.076239	0.074584	0.053472	0.053293	0.07682	0.076099	0.045305	0.051608	0.041666	0.04087	0.046448	0.061024	0.061368	0.063167
0.066143	0.049036	0.085896	0.067027	0.058223	0.059414	0.073716	0.081447	0.044151	0.041219	0.044456	0.040103	0.056368	0.074829	0.060796	0.057668
0.078795	0.050284	0.073119	0.063026	0.062879	0.047968	0.072924	0.068978	0.041723	0.036647	0.044111	0.032513	0.05563	0.073711	0.065597	0.064394
0.055436	0.063352	0.070536	0.066321	0.051047	0.042036	0.068838	0.063532	0.04669	0.032086	0.06183	0.031272	0.064105	0.062435	0.062889	0.058142
0.055408	0.047765	0.077198	0.074222	0.05675	0.044886	0.071419	0.064859	0.046205	0.038731	0.048746	0.038337	0.062742	0.066895	0.059757	0.05583
0.042036	0.050298	0.077155	0.069698	0.055771	0.041566	0.069005	0.084429	0.04359	0.03799	0.054848	0.04334	0.070204	0.063487	0.057204	0.060301
0.046637	0.051746	0.075154	0.067014	0.06709	0.041353	0.065403	0.080416	0.04025	0.034575	0.048775	0.042817	0.054815	0.061123	0.058145	0.063211
0.057129	0.048062	0.083094	0.069313	0.070535	0.043261	0.058357	0.056139	0.03485	0.039912	0.05446	0.052884	0.051928	0.053191	0.056404	0.067694
0.054489	0.049447	0.067986	0.064521	0.079468	0.046477	0.054184	0.071885	0.038187	0.036187	0.046244	0.058432	0.047347	0.061899	0.054701	0.058988
0.069236	0.047081	0.065466	0.065664	0.065834	0.038058	0.051678	0.064018	0.040657	0.038106	0.039238	0.053539	0.037291	0.056875	0.054398	0.078624
0.056882	0.048395	0.066931	0.064005	0.070367	0.036617	0.051737	0.057826	0.05995	0.03645	0.03676	0.050178	0.041048	0.055028	0.055763	0.078448
0.065835	0.050102	0.068149	0.061628	0.071554	0.041257	0.05226	0.058584	0.035171	0.044087	0.034306	0.062688	0.03986	0.05847	0.054453	0.077831
0.066662	0.053024	0.065398	0.059731	0.060679	0.041325	0.059796	0.060396	0.041933	0.038394	0.045732	0.050444	0.039061	0.068054	0.054767	0.073215
0.055981	0.05437	0.07883	0.059294	0.050818	0.046801	0.056468	0.065654	0.051452	0.038737	0.047923	0.045683	0.042374	0.061598	0.054165	0.06944
0.048437	0.048165	0.071787	0.05716	0.059013	0.044345	0.058195	0.06917	0.039745	0.04476	0.050294	0.05496	0.053365	0.054983	0.05376	0.061964
0.084451	0.050785	0.064504	0.058038	0.051803	0.047523	0.061119	0.064632	0.042639	0.042854	0.034772	0.046658	0.051311	0.056481	0.057051	0.065077
0.065807	0.06139	0.064232	0.059876	0.069194	0.046685	0.069776	0.083246	0.047651	0.045756	0.034619	0.044393	0.039872	0.060325	0.056521	0.061608
0.048728	0.051251	0.067959	0.075488	0.061351	0.040995	0.07088	0.084739	0.045038	0.038918	0.043044	0.040595	0.041218	0.047617	0.052732	0.0624
0.058362	0.061371	0.073686	0.068592	0.054803	0.042957	0.075901	0.061877	0.042647	0.044949	0.050725	0.040504	0.036877	0.061008	0.053488	0.057099
0.057965	0.05883	0.08273	0.075972	0.063711	0.049928	0.085402	0.069161	0.046184	0.052162	0.04562	0.042956	0.048335	0.061584	0.048856	0.062281
0.073748	0.050221	0.083532	0.076665	0.069784	0.049727	0.083184	0.077253	0.044022	0.057955	0.038201	0.036068	0.056202	0.057171	0.050893	0.069849
0.074022	0.05895	0.085085	0.069166	0.056309	0.051405	0.081637	0.070207	0.036962	0.05708	0.051222	0.028845	0.069455	0.054008	0.048247	0.071675
0.074322	0.049088	0.087743	0.076101	0.061964	0.044314	0.081134	0.080435	0.037855	0.071372	0.038437	0.039503	0.07468	0.060277	0.050301	0.060175
0.077567	0.050191	0.083066	0.075768	0.05957	0.04781	0.083268	0.051412	0.031351	0.050073	0.033218	0.045975	0.045441	0.066951	0.052519	0.061529
0.074268	0.054223	0.079285	0.073808	0.050302	0.050199	0.067215	0.063673	0.028991	0.046785	0.044196	0.047549	0.043437	0.072444	0.051969	0.067855
0.056735	0.049452	0.064045	0.069583	0.058549	0.044725	0.070397	0.060822	0.037823	0.043792	0.044313	0.037987	0.045037	0.073589	0.052223	0.070387
0.045129	0.069402	0.055673	0.072675	0.053669	0.048926	0.072045	0.058702	0.036801	0.042307	0.043514	0.031485	0.044246	0.058543	0.05678	0.075541
0.046663	0.067708	0.056688	0.080508	0.052266	0.053324	0.073699	0.057403	0.034912	0.036862	0.044634	0.032247	0.045178	0.059944	0.068222	0.064705
0.065399	0.041578	0.061638	0.075736	0.069399	0.0579	0.073819	0.051996	0.04479	0.034723	0.030366	0.033638	0.045508	0.057978	0.073846	0.063958
0.052616	0.053034	0.063005	0.06934	0.07269	0.05683	0.056484	0.06581	0.044626	0.039458	0.032513	0.034794	0.048116	0.052508	0.069871	0.064179
0.05	0.062954	0.063482	0.066065	0.068436	0.04855	0.054385	0.055721	0.040734	0.042146	0.039353	0.039308	0.05602	0.055032	0.068944	0.065947
0.057476	0.062157	0.066158	0.067787	0.077958	0.054488	0.056292	0.075041	0.049796	0.047382	0.032658	0.030461	0.041005	0.051843	0.067986	0.076024
0.05726	0.062836	0.064279	0.070127	0.058513	0.058277	0.061835	0.069747	0.038492	0.044413	0.042217	0.034164	0.040803	0.055931	0.069724	0.088255
0.063524	0.064261	0.061548	0.06872	0.058123	0.065862	0.052162	0.085645	0.051284	0.038852	0.047795	0.038007	0.042184	0.055097	0.06297	0.082179
0.067403	0.053611	0.059774	0.068682	0.058455	0.061698	0.048433	0.091754	0.045623	0.038512	0.034411	0.039017	0.044992	0.052601	0.070179	0.080851
0.078583	0.054142	0.066971	0.072964	0.057874	0.057705	0.057621	0.080834	0.047295	0.034913	0.03307	0.038125	0.037908	0.061397	0.064068	0.084229
0.075048	0.050902	0.060583	0.076793	0.058061	0.05329	0.050729	0.074406	0.037624	0.041544	0.049944	0.043399	0.036794	0.057746	0.05927	0.102566
0.052167	0.055446	0.058147	0.068946	0.057477	0.049739	0.056112	0.080405	0.033129	0.042631	0.047808	0.051691	0.037594	0.049407	0.055986	0.075019
0.057824	0.062299	0.062917	0.059257	0.062426	0.053933	0.065701	0.082068	0.04064	0.044868	0.060806	0.050695	0.047682	0.051192	0.056193	0.076996
0.04649	0.044922	0.061407	0.056398	0.049184	0.045041	0.083752	0.082076	0.044096	0.043893	0.058928	0.05156	0.039821	0.062647	0.053849	0.079999
0.046555	0.036674	0.055133	0.057537	0.04885	0.048474	0.071716	0.088371	0.048314	0.048452	0.063498	0.050967	0.04301	0.06339	0.054143	0.075449
0.046095	0.046091	0.054341	0.06049	0.046135	0.04803	0.070876	0.082615	0.038181	0.052484	0.061701	0.046758	0.038296	0.059653	0.055062	0.070622
0.054722	0.050517	0.058866	0.064115	0.051216	0.043813	0.070389	0.085329	0.042761	0.057895	0.047896	0.049765	0.045858	0.057852	0.052777	0.088323
0.064342	0.038521	0.05697	0.058775	0.050911	0.051357	0.074725	0.080599	0.032644	0.052073	0.03913	0.052438	0.045395	0.06881	0.054305	0.08126
0.071038	0.049411	0.058203	0.056002	0.051101	0.04819	0.062923	0.054682	0.039507	0.047473	0.03655	0.046209	0.049094	0.077027	0.053206	0.088391
0.06482	0.046092	0.05843	0.055229	0.04214	0.045346	0.062044	0.050082	0.035178	0.04646	0.032473	0.047724	0.048243	0.060094	0.05459	0.104813
0.047351	0.037468	0.056941	0.060436	0.049826	0.051443	0.054369	0.06805	0.043461	0.04573	0.032504	0.048348	0.052886	0.071129	0.053211	0.091839
0.051831	0.039179	0.059641	0.061175	0.049641	0.047656	0.06646	0.068298	0.03961	0.037591	0.039143	0.040422	0.045965	0.071639	0.04962	0.081554
0.044441	0.039837	0.055508	0.053937	0.046206	0.046145	0.052956	0.070519	0.040566	0.034553	0.04791	0.035823	0.060602	0.074169	0.050629	0.079046
0.049021	0.039902	0.060378	0.047882	0.055035	0.053348	0.053131	0.074029	0.043745	0.03129	0.042866	0.03866	0.058517	0.061754	0.055706	0.072553
0.059026	0.035415	0.057831	0.050281	0.06503	0.038948	0.064463	0.059091	0.031988	0.031449	0.037472	0.043827	0.072839	0.053138	0.058951	0.080098
0.053569	0.039521	0.056325	0.059527	0.063582	0.05198	0.045238	0.058741	0.032397	0.049131	0.037883	0.029387	0.061881	0.054455	0.072531	0.09955
0.047692	0.045047	0.052633	0.060208	0.067776	0.057344	0.046279	0.067627	0.040716	0.047882	0.041449	0.027093	0.058187	0.060284	0.066165	0.104044
0.043156	0.065707	0.059317	0.049934	0.046945	0.059569	0.053503	0.059606	0.04024	0.04326	0.038532	0.033361	0.057994	0.061038	0.06137	0.08411
0.044389	0.068262	0.071097	0.056347	0.044718	0.055608	0.048679	0.073195	0.041301	0.042543	0.042008	0.034097	0.05844	0.04948	0.056267	0.090057
0.033326	0.057744	0.081051	0.059766	0.046982	0.058936	0.047834	0.062049	0.05791	0.040144	0.043964	0.033184	0.066238	0.054767	0.06233	0.090284
0.034217	0.060092	0.067135	0.068409	0.044577	0.060614	0.05839	0.059634	0.043744	0.040616	0.036891	0.034966	0.060315	0.061377	0.061951	0.091013
0.047476	0.05414	0.068524	0.076917	0.047222	0.062671	0.04846	0.075142	0.045246	0.042622	0.037692	0.037039	0.052841	0.072917	0.056105	0.089082
0.056257	0.057936	0.079901	0.07828	0.059334	0.048421	0.046647	0.076833	0.043154	0.052474	0.045601	0.034585	0.047702	0.075541	0.055383	0.08703
0.063206	0.067545	0.070241	0.070261	0.055018	0.036249	0.050971	0.063631	0.045436	0.044804	0.043073	0.03299	0.048561	0.059157	0.056081	0.076109
0.047056	0.056098	0.068898	0.054512	0.053558	0.046561	0.050064	0.081058	0.044009	0.042041	0.037118	0.036074	0.038965	0.06204	0.056488	0.07379
0.034174	0.055306	0.067849	0.049136	0.05869	0.058248	0.054495	0.069017	0.040271	0.035399	0.048301	0.03255	0.044779	0.057272	0.052416	0.066162
0.035043	0.05042	0.076801	0.053604	0.055698	0.060484	0.071132	0.077312	0.043338	0.038946	0.058913	0.030967	0.036986	0.056931	0.052476	0.075877
0.034821	0.048431	0.081011	0.061693	0.055041	0.054814	0.0799	0.073223	0.035254	0.036521	0.05077	0.04285	0.044834	0.058929	0.053469	0.076632
0.036557	0.052285	0.073802	0.062567	0.046555	0.048587	0.076239	0.082536	0.029809	0.037868	0.046478	0.041701	0.049882	0.064203	0.05316	0.072562
0.037359	0.048377	0.075456	0.057241	0.047595	0.047729	0.078766	0.060685	0.030196	0.049932	0.047967	0.03122	0.040181	0.06122	0.051222	0.067808
0.041136	0.036496	0.063657	0.059541	0.041765	0.042381	0.081984	0.067885	0.032954	0.058133	0.049243	0.030458	0.042289	0.052769	0.056519	0.068454
0.04053	0.04444	0.072348	0.059181	0.047863	0.042534	0.073854	0.064573	0.033391	0.055432	0.049723	0.034245	0.04267	0.057154	0.05517	0.067841
0.054294	0.040419	0.076416	0.050495	0.04927	0.041839	0.065075	0.054377	0.036553	0.064304	0.044456	0.043513	0.051311	0.063492	0.049535	0.067734
0.056736	0.034385	0.091231	0.0628	0.046546	0.041239	0.069477	0.055136	0.035162	0.046742	0.051761	0.056304	0.044235	0.0724	0.053192	0.061876
0.043838	0.034308	0.07755	0.05614	0.033633	0.040873	0.068251	0.063571	0.044468	0.04962	0.038495	0.056096	0.04907	0.050336	0.059576	0.068888
0.040602	0.031468	0.073267	0.063832	0.042561	0.042541	0.072685	0.076031	0.045101	0.043485	0.043178	0.056937	0.049565	0.067389	0.068924	0.065849
0.047803	0.030295	0.071597	0.076668	0.047047	0.045887	0.069909	0.071526	0.046677	0.040135	0.054486	0.045854	0.045367	0.057884	0.060918	0.06333
0.060268	0.032195	0.075187	0.070901	0.052161	0.043557	0.043822	0.078791	0.042324	0.037379	0.038063	0.042519	0.04629	0.060766	0.071102	0.065242
0.056533	0.038416	0.070115	0.068334	0.042618	0.039107	0.050326	0.067989	0.045346	0.031611	0.041779	0.038418	0.052418	0.074281	0.068201	0.066156
0.055429	0.038124	0.07265	0.058535	0.045174	0.037083	0.049054	0.080256	0.057202	0.039708	0.044668	0.046908	0.039527	0.088469	0.056685	0.067694
0.055476	0.043831	0.068137	0.056246	0.045165	0.037863	0.050376	0.07666	0.038803	0.050973	0.044057	0.037612	0.054696	0.086129	0.062447	0.070279
