HLF+/+ ND				HLF+/- ND				HLF+/+ HFD				HLF+/- HFD			
0.029213	0.029214	0.079864	0.029211	0.036139	0.046998	0.060969	0.058258	0.04414	0.046164	0.049016	0.047146	0.064002	0.042421	0.048466	0.054061
0.028419	0.02825	0.068562	0.030475	0.032418	0.055717	0.060193	0.051051	0.042924	0.04757	0.041821	0.038575	0.046316	0.042043	0.051449	0.068555
0.027405	0.028758	0.067513	0.031336	0.030069	0.051678	0.068055	0.041642	0.033618	0.043343	0.034267	0.029236	0.051978	0.048044	0.048314	0.064341
0.029685	0.031827	0.060744	0.032372	0.031027	0.043898	0.056965	0.038244	0.027102	0.042524	0.032694	0.032518	0.052236	0.042261	0.04624	0.057077
0.025449	0.027871	0.05169	0.041509	0.0318	0.035353	0.062931	0.04982	0.025037	0.041702	0.036406	0.031465	0.045008	0.037736	0.044806	0.062988
0.047918	0.030734	0.06188	0.042183	0.040526	0.039364	0.057908	0.053586	0.026053	0.04733	0.038368	0.032431	0.040188	0.037207	0.039214	0.066678
0.051322	0.035645	0.051768	0.029269	0.03578	0.034574	0.049331	0.033886	0.028022	0.037056	0.034757	0.027025	0.03961	0.038195	0.046169	0.061673
0.058131	0.046081	0.050918	0.02806	0.029524	0.030218	0.046103	0.035964	0.026378	0.039353	0.035435	0.031378	0.038249	0.036822	0.048865	0.060847
0.057759	0.046036	0.048755	0.027711	0.030601	0.032077	0.033148	0.043503	0.025355	0.036021	0.029486	0.030637	0.029389	0.03663	0.041088	0.059147
0.05778	0.052541	0.047211	0.031584	0.028552	0.032074	0.035058	0.04134	0.030644	0.0373	0.029472	0.028222	0.029863	0.033571	0.042617	0.061054
0.041855	0.04707	0.054218	0.031195	0.041999	0.033047	0.030079	0.03865	0.029347	0.034176	0.030024	0.025525	0.035549	0.036382	0.042474	0.057313
0.047461	0.054991	0.068026	0.033022	0.032625	0.032812	0.030463	0.05027	0.041567	0.036848	0.037642	0.023451	0.028836	0.03659	0.046429	0.05089
0.037674	0.049461	0.067626	0.031842	0.031254	0.029483	0.029699	0.064576	0.033587	0.034691	0.030338	0.032066	0.033543	0.038487	0.040564	0.046512
0.031816	0.045451	0.059007	0.031341	0.032012	0.028917	0.031067	0.062481	0.030202	0.03186	0.030646	0.031885	0.029537	0.0342	0.045229	0.04744
0.025376	0.045087	0.060877	0.034905	0.030941	0.029453	0.033892	0.055514	0.027302	0.030166	0.032095	0.031014	0.031564	0.030796	0.036007	0.047164
0.025023	0.040806	0.06616	0.043243	0.031542	0.029367	0.030979	0.065664	0.025774	0.029006	0.033219	0.029779	0.029663	0.033958	0.035374	0.072881
0.022191	0.032685	0.054295	0.05229	0.035243	0.030093	0.029277	0.052201	0.024434	0.027254	0.031475	0.034985	0.036186	0.035833	0.036298	0.068624
0.025749	0.029773	0.061016	0.034421	0.033283	0.029956	0.030061	0.061899	0.025974	0.028016	0.031497	0.032535	0.039414	0.039502	0.037283	0.064296
0.024899	0.035267	0.066459	0.026397	0.03329	0.028913	0.028033	0.064165	0.024218	0.032016	0.043561	0.030493	0.044295	0.038288	0.035838	0.060589
0.027332	0.03041	0.071928	0.028701	0.032208	0.037391	0.031896	0.03769	0.025676	0.034941	0.04554	0.03174	0.055458	0.043979	0.03495	0.05995
0.032614	0.030003	0.065376	0.025839	0.032732	0.031569	0.033392	0.04997	0.024771	0.027026	0.038814	0.031054	0.043854	0.047451	0.037757	0.054771
0.032181	0.041811	0.062037	0.029397	0.045392	0.031508	0.031977	0.056963	0.025947	0.02789	0.031084	0.029124	0.036686	0.054053	0.035887	0.057703
0.038764	0.035992	0.059031	0.027455	0.045672	0.049124	0.031458	0.031562	0.025268	0.028868	0.024132	0.030601	0.033383	0.045341	0.034869	0.054573
0.036077	0.031047	0.049943	0.025183	0.041069	0.051575	0.03108	0.033453	0.035857	0.030805	0.027943	0.031535	0.030399	0.040619	0.034557	0.068025
0.031749	0.032208	0.054762	0.029671	0.027024	0.036471	0.036785	0.034313	0.037582	0.029621	0.028727	0.036249	0.03577	0.04519	0.037052	0.057655
0.032437	0.032388	0.056034	0.034203	0.032698	0.034635	0.037652	0.03548	0.030985	0.028149	0.027135	0.033614	0.033892	0.045399	0.043728	0.056621
0.040116	0.031961	0.04599	0.033525	0.039546	0.03622	0.039323	0.045332	0.029928	0.030145	0.0305	0.033399	0.027824	0.042415	0.036015	0.058297
0.058281	0.0316	0.052123	0.027324	0.041511	0.042876	0.039954	0.041403	0.030007	0.035771	0.027141	0.030071	0.035446	0.041841	0.036782	0.054643
0.054479	0.030466	0.053403	0.028597	0.030014	0.032769	0.03071	0.037763	0.029835	0.034955	0.032553	0.027115	0.030372	0.03536	0.033795	0.054887
0.041444	0.030382	0.05436	0.028827	0.028651	0.025526	0.029558	0.038655	0.027381	0.037706	0.030565	0.028558	0.027732	0.035376	0.032872	0.052579
0.035428	0.038195	0.056401	0.02986	0.034872	0.031023	0.031639	0.034748	0.026501	0.033978	0.030612	0.030475	0.035961	0.036684	0.032584	0.051993
0.045918	0.04188	0.055411	0.03064	0.032402	0.034386	0.031558	0.036893	0.025597	0.03315	0.034902	0.033354	0.026333	0.033481	0.032894	0.04983
0.052928	0.030501	0.051352	0.033921	0.040358	0.03316	0.036123	0.037574	0.026364	0.027544	0.039978	0.029065	0.022413	0.031511	0.035909	0.048725
0.0482	0.027613	0.051259	0.033134	0.032085	0.030389	0.035876	0.032691	0.026821	0.028293	0.03788	0.023451	0.031785	0.050238	0.035334	0.046358
0.036649	0.030357	0.056776	0.046118	0.031945	0.029541	0.032289	0.053157	0.027439	0.03208	0.02618	0.024275	0.028576	0.03908	0.037942	0.047365
0.029692	0.03288	0.056414	0.046558	0.032993	0.027612	0.032337	0.053344	0.025556	0.033065	0.026977	0.029728	0.027269	0.036293	0.03913	0.061512
0.030627	0.028108	0.05764	0.047977	0.031197	0.030384	0.034668	0.053909	0.025082	0.026698	0.029185	0.028337	0.029399	0.034226	0.034206	0.052514
0.034372	0.026585	0.064206	0.032076	0.033613	0.030187	0.032843	0.063638	0.024751	0.027295	0.032818	0.027516	0.029074	0.033283	0.034222	0.048749
0.032906	0.027409	0.061229	0.022401	0.048593	0.036199	0.037832	0.058534	0.026044	0.028217	0.035179	0.032148	0.031126	0.03006	0.032481	0.0484
0.032419	0.030704	0.061813	0.027667	0.032246	0.030331	0.037987	0.033185	0.025301	0.031958	0.029155	0.034779	0.028825	0.0294	0.030403	0.045338
0.035043	0.030216	0.057224	0.028865	0.040389	0.037097	0.042077	0.040651	0.024206	0.031945	0.02966	0.030608	0.033024	0.034512	0.031243	0.053647
0.0302	0.030207	0.061718	0.02877	0.036341	0.03019	0.044716	0.064892	0.024878	0.032838	0.030868	0.034308	0.046236	0.036677	0.031904	0.056998
0.030237	0.029741	0.050546	0.03375	0.032696	0.030657	0.05723	0.059401	0.025138	0.028761	0.030497	0.038286	0.041299	0.032697	0.033382	0.044106
0.030674	0.031611	0.041412	0.027936	0.030548	0.029884	0.045695	0.04733	0.036701	0.030096	0.024846	0.033551	0.039855	0.033695	0.036966	0.041683
0.036002	0.03936	0.058287	0.025291	0.038818	0.02567	0.061334	0.059961	0.029024	0.029149	0.02715	0.038256	0.035121	0.051034	0.032638	0.046847
0.035449	0.042116	0.070463	0.036607	0.043235	0.035911	0.048588	0.045522	0.027256	0.029282	0.029413	0.030073	0.037114	0.0452	0.032234	0.063226
0.03461	0.033091	0.067127	0.03383	0.032962	0.039592	0.031851	0.032839	0.028077	0.030166	0.02719	0.035435	0.030124	0.047022	0.034727	0.057577
0.042664	0.03306	0.067526	0.031411	0.032646	0.047118	0.049175	0.03021	0.028502	0.032724	0.029962	0.032251	0.031446	0.045795	0.031399	0.048383
0.042784	0.035221	0.068972	0.03438	0.039437	0.051264	0.04613	0.030354	0.029702	0.029062	0.025856	0.031463	0.032574	0.050081	0.033442	0.054016
0.060248	0.030676	0.061832	0.031165	0.032764	0.038087	0.035931	0.029986	0.025049	0.022929	0.035372	0.035647	0.034904	0.048073	0.032656	0.064104
0.043867	0.030454	0.056767	0.033236	0.032683	0.035737	0.03119	0.031765	0.02642	0.02317	0.034537	0.025712	0.02546	0.046662	0.033118	0.049011
0.053093	0.033106	0.04815	0.030671	0.031478	0.033501	0.02925	0.032827	0.02605	0.029952	0.034913	0.03109	0.027473	0.047876	0.033796	0.049316
0.035794	0.028144	0.04276	0.027445	0.035179	0.03966	0.029535	0.036304	0.026698	0.026482	0.029408	0.040639	0.035743	0.056544	0.036532	0.046834
0.039412	0.029298	0.044302	0.029924	0.037905	0.035481	0.030766	0.044285	0.024785	0.028699	0.025951	0.028106	0.033164	0.044231	0.037007	0.046976
0.039231	0.028662	0.049247	0.034758	0.03747	0.034706	0.02745	0.035277	0.024574	0.031221	0.027343	0.024661	0.03227	0.042312	0.031748	0.043408
0.029076	0.02728	0.050608	0.0476	0.035174	0.033684	0.031744	0.037263	0.025457	0.026755	0.026538	0.031626	0.032895	0.041992	0.030667	0.048322
0.039769	0.030637	0.046428	0.037693	0.030327	0.033187	0.029576	0.039531	0.026767	0.036334	0.027649	0.026995	0.034072	0.03698	0.029395	0.050528
0.049059	0.031218	0.046104	0.024833	0.034561	0.033551	0.032858	0.036569	0.026251	0.029803	0.026391	0.032254	0.042108	0.042278	0.031774	0.044907
0.029674	0.029093	0.053146	0.023564	0.030157	0.033221	0.040328	0.033159	0.024369	0.029905	0.028102	0.035257	0.031594	0.051322	0.034958	0.039524
0.025879	0.026022	0.040011	0.027502	0.037964	0.033392	0.037173	0.037107	0.029182	0.027825	0.029942	0.030959	0.026796	0.047109	0.037444	0.045182
0.028333	0.025078	0.058785	0.028025	0.034655	0.034642	0.039764	0.032908	0.035214	0.026261	0.028537	0.04112	0.025018	0.03422	0.040995	0.038961
0.026913	0.029081	0.058673	0.030051	0.033509	0.032603	0.042096	0.030348	0.031233	0.041001	0.037781	0.022418	0.027472	0.037226	0.046606	0.044091
0.03073	0.028497	0.065926	0.03077	0.042864	0.035749	0.039616	0.033772	0.035834	0.03264	0.035896	0.029351	0.026866	0.03726	0.035182	0.056744
0.038282	0.030121	0.073136	0.03224	0.041765	0.037564	0.03681	0.036132	0.038983	0.030579	0.026695	0.032185	0.033966	0.038379	0.034675	0.051753
0.048771	0.043074	0.070637	0.031327	0.023859	0.031575	0.036071	0.031694	0.032881	0.031834	0.025104	0.028884	0.033879	0.046402	0.036163	0.055723
0.052324	0.041925	0.062909	0.030935	0.038307	0.032756	0.026157	0.035312	0.031105	0.032391	0.026809	0.029063	0.027947	0.052204	0.04205	0.056218
0.044648	0.039258	0.064805	0.029275	0.03855	0.03496	0.034257	0.03621	0.027614	0.03142	0.028444	0.031268	0.031955	0.043497	0.046211	0.054821
0.047211	0.044237	0.063012	0.030003	0.032043	0.030527	0.040316	0.051302	0.027952	0.030599	0.027236	0.02885	0.029581	0.054866	0.049813	0.05124
0.051202	0.040261	0.07332	0.034593	0.028116	0.035901	0.031938	0.057927	0.03472	0.033354	0.03261	0.033049	0.038251	0.048713	0.049452	0.053302
0.039624	0.049603	0.071067	0.033502	0.030779	0.03192	0.034052	0.051626	0.038266	0.034019	0.028411	0.03184	0.046899	0.038365	0.042063	0.051622
0.029424	0.045809	0.057643	0.046133	0.043224	0.027051	0.035109	0.056788	0.033512	0.035713	0.028702	0.032497	0.037251	0.037957	0.041734	0.06492
0.029103	0.033617	0.059739	0.044662	0.035781	0.031674	0.045096	0.064049	0.027216	0.029976	0.027925	0.020726	0.050194	0.048525	0.046137	0.055533
0.037149	0.040047	0.072585	0.043078	0.028765	0.03031	0.045711	0.048828	0.028052	0.027729	0.03038	0.026564	0.04769	0.055774	0.046009	0.049927
0.032328	0.02948	0.051232	0.043353	0.041038	0.039096	0.043651	0.04252	0.032344	0.03688	0.030764	0.027632	0.044092	0.05214	0.045838	0.055516
0.045443	0.02902	0.051629	0.052087	0.036543	0.036254	0.036151	0.039363	0.022096	0.033177	0.032551	0.033062	0.047594	0.050321	0.041599	0.064308
0.028258	0.030774	0.087932	0.046904	0.028654	0.036475	0.032504	0.040635	0.026498	0.030414	0.036661	0.03698	0.04425	0.043377	0.036876	0.059094
0.030083	0.031629	0.074542	0.044107	0.026902	0.039308	0.03247	0.043418	0.025737	0.027315	0.02998	0.034979	0.040441	0.046393	0.033595	0.04916
0.032915	0.0333	0.067954	0.040817	0.030071	0.031605	0.035065	0.039302	0.026394	0.030994	0.031093	0.035904	0.043387	0.0384	0.030179	0.040456
0.034088	0.031828	0.059598	0.042701	0.037257	0.028787	0.033159	0.040258	0.026211	0.030777	0.027372	0.036552	0.046081	0.032207	0.029883	0.051049
0.032665	0.032222	0.058109	0.037038	0.034326	0.030013	0.035958	0.046607	0.020239	0.032342	0.029738	0.035114	0.034804	0.036405	0.028638	0.047095
0.036854	0.034596	0.053315	0.032771	0.035009	0.030947	0.035266	0.039966	0.024273	0.033013	0.030262	0.034779	0.032218	0.037148	0.033491	0.049133
0.029432	0.030901	0.060901	0.031139	0.038431	0.027852	0.033331	0.036278	0.031441	0.040458	0.033901	0.037244	0.031981	0.0414	0.03374	0.044522
0.027032	0.040189	0.059232	0.031	0.035003	0.028387	0.035628	0.040467	0.027114	0.037872	0.036805	0.036879	0.032839	0.039005	0.033257	0.051996
0.030412	0.042021	0.058124	0.030999	0.033424	0.029188	0.036221	0.039775	0.027695	0.039293	0.026289	0.035628	0.033364	0.042476	0.031753	0.048415
0.030087	0.040696	0.049864	0.038917	0.033851	0.030334	0.034283	0.058469	0.027979	0.038704	0.03342	0.025114	0.030916	0.037532	0.033033	0.054687
0.038855	0.028988	0.055143	0.035264	0.030106	0.035335	0.035406	0.051507	0.030126	0.040594	0.03067	0.02995	0.033632	0.038001	0.036095	0.050953
0.036623	0.028692	0.06054	0.036855	0.029723	0.029668	0.039841	0.060075	0.0363	0.038923	0.028017	0.028364	0.028896	0.038066	0.038456	0.049779
0.052389	0.033448	0.060986	0.035053	0.028598	0.02626	0.03512	0.074892	0.040145	0.030204	0.040225	0.034261	0.032374	0.045479	0.037395	0.057087
0.052097	0.033121	0.068252	0.037846	0.029632	0.02783	0.034836	0.075127	0.037176	0.031995	0.034806	0.03037	0.030082	0.051651	0.037672	0.053884
0.049176	0.027758	0.065851	0.034115	0.031911	0.026669	0.031451	0.076465	0.036678	0.036032	0.036057	0.032367	0.028772	0.040158	0.034028	0.052557
0.053485	0.030044	0.072015	0.031726	0.026646	0.03351	0.037975	0.055231	0.033191	0.032296	0.028098	0.027441	0.037379	0.033414	0.03507	0.039729
0.035829	0.02978	0.066533	0.037948	0.040678	0.030047	0.039782	0.055665	0.037125	0.038656	0.022887	0.026775	0.034722	0.038646	0.032586	0.043689
0.047955	0.029652	0.055947	0.035962	0.035123	0.027059	0.037306	0.079998	0.035286	0.031961	0.031647	0.031011	0.03226	0.048562	0.035086	0.043889
0.033809	0.029199	0.051749	0.036687	0.03781	0.028031	0.043803	0.076657	0.030052	0.028316	0.031529	0.029582	0.028128	0.051053	0.042886	0.040177
0.036612	0.028262	0.052112	0.032879	0.040139	0.030306	0.045107	0.070851	0.025152	0.028051	0.043923	0.038721	0.038391	0.038969	0.036199	0.042156
0.031595	0.026577	0.067343	0.032963	0.030719	0.03023	0.037316	0.06574	0.030423	0.029498	0.036138	0.03587	0.036337	0.035664	0.040451	0.057824
0.031086	0.027675	0.073246	0.046948	0.037651	0.029836	0.035389	0.063007	0.025548	0.027654	0.043659	0.03908	0.033051	0.045725	0.044939	0.056839
0.030402	0.025902	0.058679	0.049053	0.03592	0.029685	0.033113	0.057036	0.020292	0.027235	0.037036	0.039518	0.029826	0.058916	0.056775	0.067609
0.032605	0.028039	0.059034	0.054672	0.037183	0.025339	0.040113	0.044765	0.023767	0.028164	0.04059	0.034498	0.031863	0.052057	0.06013	0.056295
0.035347	0.026596	0.059633	0.050809	0.032388	0.027471	0.035097	0.041603	0.025688	0.034479	0.026462	0.031859	0.027982	0.047268	0.046238	0.059067
0.02984	0.0242	0.067094	0.046224	0.032951	0.029974	0.035712	0.048598	0.025736	0.028059	0.02668	0.032482	0.030511	0.050267	0.046498	0.050895
0.033026	0.027604	0.064316	0.049021	0.035256	0.038501	0.035536	0.054622	0.028339	0.02892	0.029384	0.031193	0.034656	0.060523	0.048293	0.047247
0.032426	0.029422	0.052588	0.042379	0.023061	0.03975	0.037083	0.059024	0.025368	0.031148	0.029943	0.026334	0.035638	0.050996	0.046494	0.049663
0.042775	0.035535	0.052259	0.038163	0.025622	0.030615	0.035595	0.062447	0.026498	0.032753	0.027454	0.02454	0.037911	0.040345	0.041704	0.052312
0.054839	0.037581	0.049245	0.034298	0.041458	0.033537	0.035918	0.056963	0.023875	0.029271	0.024536	0.026968	0.051545	0.044316	0.040063	0.05455
0.049697	0.033899	0.049586	0.035312	0.035546	0.032212	0.038681	0.042086	0.027379	0.040091	0.029525	0.02908	0.054614	0.049354	0.038639	0.041931
0.053026	0.030614	0.046151	0.032746	0.029965	0.030452	0.036079	0.050649	0.023632	0.029859	0.041068	0.031742	0.03832	0.050983	0.032786	0.054123
0.048372	0.029485	0.054075	0.034979	0.029447	0.029529	0.037373	0.05544	0.022088	0.025528	0.029949	0.026593	0.046128	0.048758	0.033735	0.052515
0.044299	0.028566	0.06293	0.036947	0.027898	0.027706	0.034966	0.04358	0.021716	0.032787	0.031317	0.028239	0.03435	0.051073	0.038032	0.043211
0.042297	0.030414	0.060078	0.043691	0.025305	0.028082	0.045859	0.050373	0.019379	0.033375	0.028109	0.034712	0.036812	0.050912	0.036816	0.050987
0.035514	0.028224	0.053705	0.038742	0.033734	0.029372	0.050933	0.048474	0.020898	0.029957	0.030438	0.030561	0.037695	0.046864	0.035198	0.053165
0.032865	0.028313	0.051608	0.038137	0.032675	0.033052	0.053652	0.046572	0.021518	0.030085	0.029901	0.029729	0.03738	0.042796	0.034839	0.058031
0.039019	0.028906	0.061912	0.039357	0.02814	0.027084	0.06706	0.042182	0.025153	0.029975	0.029233	0.030171	0.028875	0.036411	0.032992	0.065514
0.035286	0.036014	0.063491	0.050546	0.029862	0.028685	0.059109	0.043107	0.030891	0.028676	0.037299	0.032285	0.028485	0.039767	0.030431	0.053755
0.049127	0.044832	0.064974	0.0495	0.024548	0.025245	0.055927	0.045451	0.029893	0.025604	0.02945	0.0259	0.026534	0.0391	0.031696	0.051246
0.055436	0.041727	0.081791	0.062976	0.043619	0.027474	0.05906	0.043214	0.022441	0.033106	0.030953	0.027173	0.026961	0.034526	0.031753	0.055868
0.041564	0.041161	0.064749	0.050729	0.043513	0.027365	0.056135	0.048532	0.027047	0.033815	0.03531	0.030594	0.02698	0.038746	0.029811	0.045582
0.024047	0.039203	0.059275	0.046351	0.046313	0.026517	0.05816	0.050679	0.032486	0.030941	0.027264	0.030547	0.027901	0.041048	0.02799	0.039298
0.025883	0.032995	0.059859	0.044362	0.039324	0.027256	0.058563	0.057626	0.036146	0.027618	0.028228	0.032125	0.028754	0.03833	0.03099	0.049534
0.027058	0.034338	0.058438	0.044854	0.037572	0.027891	0.050035	0.067732	0.029642	0.032359	0.024955	0.030635	0.029843	0.045817	0.03607	0.049632
0.031302	0.035113	0.054352	0.045007	0.033922	0.030393	0.049821	0.055183	0.021902	0.037853	0.029106	0.0293	0.028878	0.051977	0.036707	0.048411
0.030715	0.036758	0.04935	0.039795	0.032029	0.038677	0.055951	0.05646	0.021774	0.046882	0.032659	0.03404	0.032057	0.049566	0.045528	0.044562
0.031945	0.034166	0.063501	0.04061	0.037263	0.036065	0.049962	0.066412	0.022959	0.041606	0.040855	0.035008	0.038214	0.059588	0.048781	0.054589
0.036596	0.033817	0.06458	0.042996	0.02979	0.040021	0.04154	0.05348	0.027097	0.038081	0.037297	0.039856	0.04158	0.059772	0.04696	0.053544
0.047059	0.033239	0.064351	0.044723	0.034022	0.032316	0.038866	0.059802	0.026831	0.039912	0.037272	0.042682	0.031321	0.063475	0.046756	0.048666
0.05424	0.029384	0.053146	0.049816	0.033852	0.040027	0.040273	0.0768	0.031692	0.042921	0.039825	0.040046	0.038716	0.052533	0.04286	0.056486
0.054425	0.0258	0.047518	0.036059	0.031659	0.03635	0.035704	0.045005	0.032162	0.038314	0.036162	0.038038	0.042333	0.054018	0.045282	0.062139
0.058173	0.02748	0.050458	0.033451	0.029473	0.031556	0.04307	0.040258	0.026725	0.038284	0.039813	0.03882	0.04377	0.052077	0.039101	0.061804
0.053728	0.029917	0.055252	0.035778	0.037338	0.032504	0.037192	0.048511	0.022643	0.036343	0.038371	0.035151	0.033898	0.051656	0.035792	0.054837
0.06057	0.033767	0.055473	0.03296	0.032804	0.031487	0.036259	0.044873	0.026729	0.034969	0.032711	0.033706	0.035261	0.044296	0.033658	0.064782
0.061478	0.040441	0.074121	0.037107	0.027291	0.031391	0.050851	0.052505	0.025749	0.038546	0.030056	0.0301	0.037087	0.04329	0.036511	0.059348
0.059842	0.044493	0.07557	0.039295	0.030453	0.037992	0.048813	0.055205	0.021894	0.043092	0.03447	0.036021	0.035636	0.042404	0.035851	0.053208
0.056692	0.047407	0.061391	0.033482	0.037643	0.034898	0.038036	0.042164	0.022281	0.0435	0.028955	0.033218	0.031853	0.040215	0.034074	0.051873
0.059748	0.043186	0.066092	0.034202	0.041177	0.031704	0.041635	0.044024	0.023425	0.040899	0.026186	0.028146	0.040944	0.038377	0.034528	0.048216
0.061972	0.04743	0.060491	0.035589	0.033404	0.036561	0.043516	0.049851	0.024522	0.037086	0.023429	0.028556	0.041159	0.042456	0.032511	0.046945
0.0574	0.039116	0.053238	0.037925	0.026665	0.035173	0.039599	0.047854	0.027964	0.034181	0.027234	0.029826	0.036529	0.032006	0.032137	0.049701
0.053072	0.035926	0.051446	0.031834	0.031206	0.032883	0.045005	0.070852	0.032284	0.035794	0.02928	0.033593	0.032591	0.040164	0.033814	0.05148
0.031704	0.034506	0.060791	0.032699	0.031898	0.034431	0.044838	0.054469	0.02153	0.031166	0.03247	0.027107	0.030977	0.041274	0.033332	0.045057
0.037834	0.035303	0.054928	0.031858	0.028413	0.027795	0.038324	0.058762	0.022337	0.03127	0.027362	0.029744	0.041235	0.050424	0.033201	0.048525
0.028443	0.033231	0.056543	0.032863	0.033356	0.030261	0.041322	0.060102	0.026409	0.036411	0.027498	0.038405	0.029986	0.052483	0.031416	0.048982
0.037882	0.033235	0.064842	0.039169	0.032762	0.028508	0.053762	0.049612	0.024959	0.035943	0.02597	0.031135	0.030331	0.051164	0.031454	0.060588
0.030349	0.035832	0.07808	0.035657	0.028196	0.03429	0.054421	0.052393	0.029231	0.027552	0.028637	0.029956	0.03543	0.051396	0.033539	0.052874
0.032896	0.036833	0.070939	0.045763	0.035184	0.043266	0.05451	0.047293	0.030399	0.031344	0.032497	0.037509	0.034895	0.047145	0.034966	0.043846
0.035289	0.034155	0.06502	0.047289	0.027345	0.043382	0.038506	0.042163	0.021209	0.025333	0.035331	0.030026	0.032154	0.046195	0.037991	0.051883
0.036639	0.036895	0.07345	0.053159	0.042073	0.047156	0.049151	0.058861	0.025232	0.028132	0.040443	0.021793	0.033888	0.041887	0.031594	0.0572
0.035803	0.051562	0.080504	0.044426	0.05224	0.044596	0.049777	0.071902	0.024034	0.032596	0.047421	0.02334	0.028387	0.037766	0.029776	0.075843
0.044582	0.05945	0.074442	0.043499	0.046764	0.037534	0.04392	0.065047	0.021216	0.033615	0.035753	0.028709	0.035988	0.039188	0.028752	0.067497
0.056342	0.045815	0.071978	0.027031	0.045496	0.032544	0.056371	0.062826	0.023874	0.034239	0.032577	0.034288	0.039618	0.038233	0.028692	0.069214
0.047252	0.040387	0.069705	0.028311	0.045162	0.047934	0.055231	0.068034	0.023695	0.040106	0.02846	0.026242	0.043303	0.040666	0.035058	0.071769
0.041081	0.047968	0.063935	0.030802	0.039299	0.041783	0.057389	0.063662	0.026385	0.034986	0.029806	0.034918	0.053901	0.047363	0.037481	0.073015
0.05403	0.060641	0.076122	0.038783	0.039913	0.034048	0.075513	0.055802	0.030983	0.033013	0.028628	0.030567	0.048593	0.047035	0.04344	0.063419
0.052295	0.066182	0.066233	0.048021	0.04196	0.0347	0.068382	0.055536	0.032461	0.036329	0.022297	0.03409	0.042428	0.041559	0.04265	0.062471
0.054663	0.048425	0.06999	0.040884	0.039429	0.044655	0.060095	0.064783	0.036744	0.035732	0.027676	0.036396	0.041925	0.039337	0.044393	0.063323
0.054707	0.065927	0.069169	0.03505	0.032558	0.033637	0.060172	0.044453	0.036086	0.040289	0.027327	0.035891	0.046345	0.052559	0.044156	0.07323
0.048383	0.053086	0.075919	0.043481	0.033879	0.034065	0.079277	0.041077	0.032346	0.049796	0.038569	0.034523	0.046082	0.058792	0.045895	0.066649
0.040047	0.051856	0.06505	0.03275	0.045647	0.034057	0.078213	0.050123	0.036525	0.046629	0.031223	0.041203	0.047261	0.056138	0.048504	0.056329
0.046231	0.050226	0.055174	0.031735	0.054598	0.035623	0.059973	0.058072	0.029364	0.047355	0.02858	0.032601	0.047377	0.064331	0.046183	0.050961
0.050217	0.057352	0.058337	0.030818	0.049399	0.034079	0.073493	0.070025	0.033639	0.051272	0.031906	0.033325	0.040944	0.062189	0.049082	0.062759
0.060387	0.053218	0.060385	0.032978	0.043452	0.038815	0.082689	0.06556	0.04044	0.050571	0.037738	0.043151	0.03617	0.047033	0.050874	0.064748
0.058491	0.051682	0.053775	0.042311	0.042792	0.047477	0.076403	0.070427	0.035481	0.047414	0.034488	0.047146	0.034328	0.047954	0.046716	0.05924
0.040206	0.060838	0.050891	0.038408	0.050467	0.041857	0.069484	0.066391	0.020917	0.049266	0.032117	0.041423	0.038352	0.050672	0.037528	0.060547
0.069787	0.062746	0.058269	0.034578	0.04489	0.044897	0.077847	0.064767	0.027561	0.047947	0.035337	0.039687	0.042475	0.056196	0.033833	0.061231
0.062243	0.051558	0.055768	0.038704	0.055365	0.048172	0.084132	0.058606	0.029907	0.045709	0.039289	0.030257	0.04344	0.064135	0.04048	0.072463
0.061266	0.054278	0.070753	0.042243	0.054995	0.042209	0.06543	0.058442	0.036057	0.050687	0.045973	0.02588	0.049396	0.069428	0.045043	0.069398
0.059632	0.057715	0.070449	0.049395	0.061606	0.04651	0.041404	0.060285	0.038597	0.043431	0.046446	0.026576	0.050755	0.063846	0.052789	0.064453
0.055903	0.05934	0.081528	0.038707	0.053986	0.041794	0.061375	0.06245	0.037699	0.049239	0.053657	0.030493	0.053053	0.064481	0.051424	0.071478
0.061322	0.062557	0.064695	0.038435	0.049513	0.048729	0.076542	0.05658	0.044527	0.045794	0.051288	0.034383	0.04809	0.065054	0.053478	0.065581
0.06541	0.056386	0.076741	0.052322	0.058869	0.036838	0.08386	0.071166	0.049119	0.04399	0.04875	0.040445	0.048078	0.064313	0.053904	0.064141
0.050629	0.0525	0.083615	0.039828	0.057291	0.053178	0.079963	0.075238	0.04688	0.044728	0.043092	0.047294	0.058764	0.077981	0.051711	0.065324
0.059435	0.048302	0.087653	0.032527	0.054861	0.050373	0.072099	0.065222	0.038285	0.043878	0.043797	0.051109	0.04967	0.072831	0.052223	0.065409
0.05521	0.057136	0.079848	0.033727	0.062196	0.054819	0.072927	0.063001	0.039474	0.044385	0.043821	0.044817	0.054122	0.065855	0.051648	0.057475
0.074245	0.051814	0.083079	0.036523	0.05492	0.045069	0.077067	0.075065	0.038138	0.03133	0.039985	0.041124	0.043219	0.061992	0.050826	0.074577
0.065486	0.056122	0.079715	0.042323	0.059784	0.055525	0.070004	0.072431	0.043313	0.037033	0.041447	0.037736	0.051589	0.06302	0.054077	0.065399
0.057744	0.056834	0.09185	0.05	0.062093	0.055531	0.079773	0.070653	0.043885	0.033505	0.051001	0.039318	0.048317	0.070401	0.051952	0.067141
0.057327	0.063725	0.08493	0.042973	0.052623	0.053451	0.082844	0.081235	0.044551	0.045799	0.045204	0.033036	0.050191	0.072438	0.057086	0.063118
0.056666	0.074503	0.080412	0.03802	0.056728	0.054052	0.081173	0.084674	0.035214	0.048099	0.055056	0.025785	0.047389	0.072413	0.054156	0.07408
0.048759	0.060074	0.079266	0.045332	0.055089	0.055787	0.083922	0.085933	0.034804	0.053034	0.038167	0.026319	0.046377	0.081122	0.057693	0.072571
0.057354	0.058485	0.087554	0.056059	0.062374	0.052256	0.065738	0.08693	0.038789	0.046531	0.040561	0.03488	0.054654	0.084105	0.064288	0.081254
0.059075	0.066848	0.101346	0.047906	0.044326	0.054625	0.055562	0.087566	0.035718	0.046235	0.04146	0.035771	0.044402	0.067572	0.055256	0.083411
0.049304	0.053353	0.102787	0.054985	0.043839	0.054292	0.059773	0.073587	0.038199	0.043467	0.037571	0.029134	0.053535	0.075061	0.052749	0.073411
0.040168	0.053445	0.101111	0.050656	0.045721	0.041868	0.063544	0.072471	0.031755	0.044942	0.032108	0.029259	0.047894	0.085603	0.055832	0.067814
0.058413	0.052996	0.086883	0.045717	0.045128	0.058442	0.070411	0.073936	0.032797	0.051235	0.02492	0.024021	0.041971	0.07638	0.062031	0.062283
0.063247	0.064018	0.101794	0.046991	0.041239	0.062318	0.078164	0.07739	0.038953	0.053597	0.030476	0.028657	0.055672	0.077184	0.055771	0.063275
0.068091	0.055445	0.087038	0.053747	0.058159	0.061264	0.069606	0.085358	0.036496	0.043072	0.032009	0.025239	0.057681	0.072924	0.045318	0.064493
0.062752	0.041803	0.083426	0.048311	0.06163	0.05145	0.067447	0.088901	0.033191	0.041346	0.036017	0.028789	0.041295	0.078768	0.041646	0.072319
0.068307	0.055706	0.090374	0.052473	0.059669	0.053823	0.081254	0.074938	0.030673	0.045367	0.034491	0.02857	0.047067	0.068874	0.044917	0.088464
0.075992	0.048927	0.07412	0.049042	0.049046	0.063104	0.084428	0.082374	0.026272	0.044009	0.026972	0.027339	0.042603	0.061524	0.047583	0.082727
0.069969	0.038679	0.075376	0.044444	0.056673	0.058164	0.077756	0.072536	0.027269	0.042385	0.0354	0.034495	0.03646	0.06856	0.051397	0.083727
0.050931	0.047746	0.078568	0.040482	0.059894	0.051667	0.078902	0.070796	0.031462	0.038008	0.042263	0.041439	0.042145	0.061971	0.053463	0.072793
0.069067	0.063629	0.078711	0.035868	0.063116	0.065889	0.07733	0.069848	0.029045	0.033284	0.047181	0.044418	0.052471	0.063281	0.056637	0.065461
0.08397	0.057983	0.07258	0.040372	0.056351	0.05968	0.070567	0.081454	0.029724	0.032882	0.047187	0.044512	0.049007	0.058725	0.048104	0.070387
0.06499	0.057797	0.079186	0.040867	0.064766	0.069474	0.082896	0.073821	0.032279	0.034032	0.048111	0.045395	0.04223	0.058338	0.044808	0.066527
0.071007	0.055237	0.07927	0.036506	0.065944	0.055996	0.069222	0.072142	0.029509	0.032069	0.044149	0.041852	0.046993	0.059692	0.047618	0.06046
0.075804	0.055858	0.078125	0.034025	0.056116	0.050993	0.07803	0.06095	0.030351	0.030701	0.042166	0.038241	0.041169	0.061339	0.050275	0.058467
0.069404	0.043298	0.083728	0.035295	0.05113	0.041571	0.071458	0.08075	0.028224	0.032672	0.04075	0.033947	0.044032	0.056509	0.05318	0.054809
0.080656	0.059734	0.074888	0.044462	0.043021	0.035763	0.059647	0.086496	0.031497	0.033811	0.034892	0.030158	0.049742	0.058941	0.051628	0.05539
0.091125	0.069931	0.080534	0.057212	0.03359	0.032315	0.056502	0.077495	0.038503	0.032334	0.023756	0.028668	0.057772	0.059673	0.05043	0.05226
0.070294	0.072849	0.07819	0.037846	0.044792	0.051062	0.051054	0.060243	0.040896	0.032578	0.030573	0.022188	0.051674	0.06021	0.049679	0.055918
0.077296	0.063788	0.082244	0.031963	0.042842	0.060264	0.045211	0.059811	0.032313	0.034434	0.044345	0.023133	0.050077	0.058292	0.043723	0.057584
0.071944	0.047204	0.084447	0.038023	0.042241	0.056136	0.044106	0.053174	0.026514	0.033162	0.051413	0.023959	0.045857	0.052703	0.041891	0.057426
0.069765	0.048978	0.076124	0.047956	0.036956	0.059234	0.051412	0.05237	0.033327	0.031892	0.051501	0.031376	0.046381	0.059415	0.043923	0.059391
0.06187	0.04961	0.082198	0.040825	0.037706	0.058143	0.057939	0.053614	0.044031	0.036026	0.039128	0.028435	0.049662	0.071187	0.047565	0.066507
0.05682	0.044541	0.08292	0.052505	0.039768	0.056633	0.054286	0.050894	0.046184	0.041122	0.040706	0.024033	0.038837	0.064867	0.046494	0.06688
0.069854	0.046115	0.092166	0.060334	0.056975	0.05177	0.055618	0.056657	0.050484	0.048468	0.038621	0.026403	0.036085	0.061735	0.041436	0.070284
0.077282	0.053482	0.089054	0.065961	0.066668	0.048286	0.061606	0.051972	0.04164	0.036184	0.038819	0.027485	0.036045	0.061129	0.040717	0.07522
0.064651	0.043332	0.085407	0.060368	0.065671	0.047288	0.059617	0.063549	0.040635	0.036556	0.039758	0.034596	0.039373	0.061609	0.046852	0.072523
0.066657	0.063929	0.09327	0.060222	0.05919	0.045102	0.060034	0.063215	0.040279	0.056463	0.037477	0.044456	0.046006	0.063063	0.055133	0.072769
0.076183	0.074017	0.08732	0.046836	0.046324	0.034838	0.042525	0.08453	0.03793	0.047473	0.037026	0.03977	0.049954	0.05964	0.054063	0.072066
0.077404	0.060775	0.087454	0.050563	0.050257	0.036811	0.052357	0.073134	0.033889	0.049641	0.033064	0.040357	0.037354	0.060067	0.045299	0.073561
0.074408	0.063893	0.087528	0.053869	0.058921	0.035022	0.046099	0.091732	0.035747	0.047998	0.030536	0.039941	0.032042	0.064388	0.051017	0.067843
0.072025	0.050873	0.091088	0.047776	0.055652	0.04763	0.050889	0.066259	0.035479	0.051701	0.027653	0.042763	0.028762	0.067434	0.053992	0.053038
0.062476	0.049838	0.079995	0.040094	0.05421	0.053268	0.064085	0.055774	0.028908	0.059408	0.037969	0.038371	0.035253	0.069544	0.056349	0.050236
0.069208	0.052825	0.101255	0.054479	0.056968	0.058138	0.060403	0.067138	0.024272	0.049871	0.045252	0.03348	0.034213	0.065327	0.049588	0.056883
0.070106	0.049728	0.079487	0.04793	0.056931	0.056182	0.058778	0.059334	0.030357	0.0511	0.045002	0.036895	0.02872	0.071017	0.04682	0.046994
0.054483	0.047928	0.085515	0.046763	0.057295	0.051058	0.079244	0.055812	0.031041	0.047235	0.043991	0.036563	0.047831	0.067825	0.046525	0.049283
0.046352	0.062093	0.085869	0.049003	0.060714	0.050483	0.062599	0.058467	0.033006	0.042681	0.044083	0.033053	0.041276	0.065673	0.049002	0.053023
0.046975	0.059654	0.080656	0.039378	0.05078	0.048276	0.058787	0.052235	0.033356	0.035393	0.045044	0.031332	0.041687	0.060514	0.05124	0.050209
0.03829	0.052759	0.079823	0.03695	0.046877	0.054633	0.067	0.052944	0.027611	0.030782	0.036173	0.03043	0.043301	0.061178	0.051452	0.053257
0.04114	0.045474	0.078488	0.038267	0.044096	0.053119	0.073995	0.050482	0.026754	0.037423	0.028689	0.025333	0.050848	0.063064	0.053909	0.05133
0.057578	0.04094	0.087872	0.041717	0.038748	0.049196	0.078157	0.069977	0.035118	0.036322	0.037597	0.028575	0.046316	0.057559	0.048418	0.049131
0.064243	0.035926	0.083263	0.046789	0.039689	0.049408	0.073969	0.084447	0.041173	0.027611	0.03677	0.026452	0.041155	0.06005	0.045318	0.058321
0.069077	0.039786	0.078123	0.049707	0.037009	0.045339	0.048016	0.076539	0.038098	0.028364	0.042023	0.032953	0.040545	0.0622	0.044525	0.059232
0.071969	0.048146	0.078131	0.041605	0.03917	0.043776	0.061016	0.04727	0.0301	0.031619	0.045088	0.033464	0.037528	0.061664	0.044094	0.057149
0.071544	0.045409	0.077062	0.04319	0.041834	0.051981	0.062706	0.055999	0.028461	0.029053	0.048638	0.034182	0.042188	0.059166	0.042042	0.046693
0.052617	0.040597	0.080805	0.051235	0.038181	0.039667	0.070228	0.073694	0.035749	0.036402	0.042937	0.03064	0.038158	0.064144	0.054987	0.058593
0.059534	0.044805	0.077991	0.044012	0.050627	0.030498	0.066326	0.063708	0.036878	0.036513	0.032727	0.033393	0.051568	0.056168	0.044736	0.074286
0.057277	0.045957	0.074996	0.046905	0.0535	0.034142	0.064774	0.077617	0.030683	0.035329	0.028587	0.034107	0.050983	0.060802	0.045184	0.079718
0.069104	0.054548	0.077668	0.036881	0.057438	0.03648	0.064939	0.07208	0.027357	0.028843	0.03017	0.034338	0.045893	0.056406	0.048826	0.071952
0.080458	0.045328	0.075592	0.031403	0.058772	0.039758	0.070544	0.076872	0.031117	0.032145	0.027657	0.041696	0.043993	0.059855	0.051062	0.054987
0.070788	0.035675	0.074368	0.03331	0.062651	0.036043	0.067617	0.062561	0.029187	0.034687	0.029752	0.035072	0.046436	0.059813	0.050281	0.054498
0.051483	0.045899	0.075096	0.027153	0.062519	0.043775	0.068214	0.0688	0.033486	0.032352	0.039944	0.041432	0.051302	0.058993	0.046856	0.060697
0.052993	0.045022	0.069026	0.029031	0.053734	0.051367	0.070313	0.071207	0.042192	0.035898	0.034113	0.046434	0.045079	0.055434	0.043325	0.071952
0.057683	0.04085	0.068962	0.032578	0.066051	0.054254	0.063494	0.05342	0.042014	0.037185	0.031074	0.032494	0.042278	0.061978	0.046122	0.048562
0.053511	0.036509	0.079219	0.033036	0.057537	0.049522	0.059806	0.045362	0.040971	0.037557	0.032936	0.034142	0.043135	0.068165	0.04716	0.04048
0.04721	0.035158	0.087386	0.03854	0.053636	0.045709	0.066962	0.042514	0.038869	0.038995	0.046792	0.038492	0.043459	0.057861	0.04452	0.044845
0.054963	0.035327	0.077245	0.034674	0.056907	0.039532	0.057245	0.043591	0.031474	0.033791	0.043735	0.035043	0.04253	0.045411	0.043528	0.044103
0.07017	0.044213	0.068507	0.041641	0.058723	0.032656	0.040259	0.041741	0.029259	0.031396	0.041829	0.031842	0.038584	0.043685	0.044591	0.042368
0.058298	0.057851	0.078857	0.040368	0.057285	0.032418	0.049922	0.03771	0.028627	0.032147	0.039051	0.027815	0.031186	0.049373	0.042911	0.050916
0.067031	0.046868	0.075553	0.029084	0.05553	0.031891	0.059953	0.039852	0.029058	0.038509	0.035646	0.022226	0.025787	0.057538	0.045129	0.059873
0.057408	0.062311	0.076604	0.028681	0.057277	0.036585	0.059148	0.038122	0.033794	0.039602	0.039268	0.023872	0.036897	0.043605	0.044564	0.065497
0.047892	0.043321	0.067463	0.030552	0.049419	0.032788	0.052908	0.049298	0.035219	0.03384	0.038438	0.024569	0.04243	0.046039	0.041165	0.064303
0.045453	0.043775	0.078902	0.029467	0.047615	0.037858	0.048098	0.05784	0.035957	0.032624	0.037653	0.025625	0.030871	0.056106	0.038939	0.063562
0.037631	0.070048	0.074294	0.032692	0.030535	0.033776	0.046165	0.057404	0.033064	0.035978	0.041618	0.029596	0.031819	0.060297	0.040182	0.068971
0.045566	0.052804	0.066405	0.029011	0.030853	0.028159	0.044973	0.067433	0.026408	0.045564	0.050939	0.025293	0.038301	0.056045	0.041428	0.061087
0.052983	0.051386	0.061883	0.046865	0.040868	0.036043	0.050283	0.03875	0.026667	0.047433	0.035488	0.022676	0.043115	0.056154	0.043668	0.065616
0.057363	0.048897	0.05548	0.038986	0.056227	0.039929	0.045924	0.047503	0.02745	0.051268	0.035792	0.033136	0.048931	0.042259	0.044724	0.074216
0.060829	0.060887	0.062881	0.026828	0.042813	0.044361	0.038795	0.062636	0.032894	0.047634	0.037363	0.041373	0.034755	0.041501	0.042107	0.066067
0.064635	0.058037	0.070802	0.027843	0.040472	0.041102	0.044873	0.053652	0.03965	0.046768	0.034408	0.040353	0.031161	0.048955	0.043563	0.07258
0.064969	0.05048	0.079675	0.029167	0.037928	0.032149	0.052292	0.043675	0.046064	0.046026	0.029828	0.040843	0.029439	0.039433	0.037971	0.073341
0.074353	0.053737	0.07631	0.029804	0.047455	0.040106	0.050176	0.044972	0.03428	0.043495	0.030355	0.033517	0.030573	0.039565	0.039944	0.070952
0.053821	0.041909	0.076487	0.02923	0.040762	0.045922	0.04867	0.050896	0.029252	0.04669	0.030241	0.033607	0.032071	0.052149	0.040533	0.077365
0.073534	0.058536	0.083273	0.040555	0.037364	0.033239	0.04177	0.054083	0.028362	0.038877	0.034259	0.026576	0.04007	0.061046	0.039538	0.07537
0.055419	0.044393	0.079737	0.042603	0.039975	0.035054	0.045186	0.07583	0.029059	0.042366	0.031655	0.02492	0.049145	0.064341	0.052568	0.065681
0.068307	0.056693	0.074846	0.046749	0.052429	0.036757	0.069221	0.069524	0.036547	0.046653	0.038548	0.018722	0.059928	0.048406	0.062182	0.074844
0.074679	0.052918	0.071982	0.032318	0.058901	0.039128	0.046953	0.059182	0.033086	0.043439	0.037058	0.020926	0.048682	0.048871	0.061529	0.072007
0.072032	0.039167	0.070763	0.024162	0.060365	0.037627	0.044313	0.054699	0.030945	0.041104	0.033275	0.025684	0.05766	0.046826	0.050249	0.0713
0.054053	0.039519	0.070538	0.026436	0.053433	0.041158	0.043623	0.074821	0.041507	0.042214	0.023666	0.029591	0.049777	0.044053	0.060402	0.062135
0.047101	0.040312	0.078572	0.032121	0.061387	0.03749	0.062356	0.070773	0.048425	0.03881	0.031847	0.034993	0.047028	0.040585	0.054187	0.063904
0.06508	0.041	0.072082	0.031603	0.062086	0.034958	0.060228	0.056809	0.048877	0.040952	0.040392	0.026557	0.054591	0.04398	0.059407	0.058347
0.050098	0.035333	0.073673	0.028066	0.050985	0.039603	0.071063	0.067928	0.05374	0.042434	0.043401	0.029295	0.051266	0.048582	0.060344	0.06847
0.042756	0.040699	0.083136	0.029416	0.056444	0.049508	0.076483	0.054914	0.0357	0.043359	0.036216	0.024926	0.055042	0.040518	0.058211	0.071201
0.049043	0.03961	0.077807	0.031748	0.04978	0.034645	0.081416	0.040792	0.031698	0.03753	0.027932	0.023199	0.043231	0.046466	0.053579	0.069514
0.048719	0.04167	0.083499	0.038251	0.040437	0.053011	0.071684	0.031789	0.028817	0.041632	0.030736	0.031382	0.030919	0.062768	0.050123	0.072207
0.055301	0.04398	0.082408	0.042179	0.042535	0.053945	0.060931	0.038622	0.02967	0.042071	0.040933	0.032573	0.03653	0.046107	0.050908	0.072144
0.074645	0.04246	0.069917	0.036135	0.042417	0.057914	0.063579	0.047007	0.028817	0.042555	0.033085	0.026439	0.035252	0.040766	0.049003	0.074118
0.049998	0.055084	0.084102	0.033804	0.04135	0.063097	0.065223	0.048674	0.034964	0.040217	0.029628	0.032612	0.035383	0.043887	0.046468	0.0762
0.055417	0.060682	0.080981	0.023872	0.046719	0.054021	0.073301	0.049348	0.037703	0.037327	0.036353	0.027423	0.03585	0.050584	0.044916	0.080638
0.062731	0.061543	0.083533	0.02308	0.048451	0.049278	0.074186	0.039538	0.038941	0.039146	0.040776	0.024628	0.040065	0.043135	0.045664	0.083425
0.061773	0.066418	0.075286	0.024701	0.048694	0.047364	0.065422	0.047742	0.035892	0.035629	0.0335	0.028928	0.042547	0.053692	0.050005	0.085173
0.058491	0.060045	0.079914	0.02966	0.055966	0.043102	0.063362	0.056195	0.032646	0.031546	0.034802	0.040989	0.032027	0.05404	0.047172	0.063167
0.065181	0.053121	0.075641	0.028105	0.05259	0.046655	0.063783	0.071297	0.031796	0.02456	0.040593	0.034952	0.035863	0.058982	0.047048	0.060927
0.074001	0.055618	0.078282	0.027736	0.059437	0.045465	0.068725	0.073517	0.039549	0.023231	0.041726	0.039613	0.046735	0.062176	0.044388	0.067703
0.061152	0.052824	0.078652	0.027928	0.06159	0.046708	0.054933	0.056757	0.033967	0.023941	0.044558	0.039765	0.048532	0.058107	0.043934	0.05957
0.050001	0.05237	0.087724	0.029135	0.067932	0.044879	0.065914	0.069152	0.030818	0.030887	0.050587	0.036331	0.038869	0.052351	0.047006	0.058974
0.047677	0.046912	0.085623	0.029218	0.064655	0.043642	0.050245	0.068422	0.035468	0.02802	0.036191	0.032235	0.03124	0.055622	0.045501	0.058176
0.047536	0.049139	0.086323	0.032312	0.051351	0.036727	0.053514	0.069097	0.034577	0.0349	0.034017	0.034753	0.034254	0.060836	0.045285	0.055018
0.045373	0.052471	0.079329	0.04193	0.052533	0.036606	0.049903	0.063917	0.034157	0.030203	0.02858	0.026049	0.04179	0.056754	0.044399	0.057765
0.05091	0.044361	0.09166	0.046081	0.059787	0.030501	0.053523	0.061433	0.032436	0.027854	0.022944	0.030501	0.049976	0.054666	0.040669	0.059506
0.054743	0.046569	0.089616	0.033589	0.046344	0.033588	0.053733	0.068074	0.023684	0.028249	0.026479	0.033789	0.044506	0.06002	0.040151	0.062327
0.068795	0.041441	0.087817	0.024561	0.045571	0.035667	0.04964	0.058295	0.021935	0.034163	0.026661	0.034297	0.035039	0.057349	0.040706	0.059644
0.066749	0.030674	0.089146	0.033111	0.042958	0.033145	0.046475	0.042722	0.026331	0.04003	0.032007	0.032358	0.039976	0.055063	0.038544	0.062811
0.071971	0.028278	0.095596	0.031797	0.029874	0.034215	0.038286	0.040463	0.027099	0.043773	0.028855	0.029724	0.043171	0.056704	0.048591	0.064449
0.052812	0.031027	0.099752	0.039785	0.0409	0.033471	0.039288	0.0494	0.030651	0.046169	0.029805	0.028085	0.03651	0.059252	0.057049	0.078168
0.039715	0.033338	0.084957	0.027597	0.041246	0.030882	0.046262	0.07144	0.03303	0.045847	0.040304	0.024611	0.033628	0.058573	0.050233	0.085556
0.039147	0.033683	0.085466	0.025841	0.037324	0.032858	0.042416	0.078209	0.037654	0.036914	0.053952	0.024689	0.030679	0.058851	0.050678	0.075574
0.043875	0.035655	0.088868	0.031105	0.036206	0.031892	0.040126	0.060197	0.040947	0.032711	0.049001	0.023591	0.032529	0.051499	0.048556	0.066549
0.041233	0.040953	0.093479	0.033552	0.041983	0.039033	0.039325	0.047706	0.037316	0.032093	0.042913	0.024121	0.035473	0.04877	0.044914	0.064218
0.051083	0.034204	0.090423	0.04823	0.036438	0.036284	0.038646	0.051754	0.041277	0.026755	0.038032	0.02457	0.031909	0.04699	0.042585	0.062112
0.064465	0.032151	0.076584	0.051272	0.037137	0.043474	0.036293	0.061133	0.037269	0.040699	0.047321	0.024055	0.028148	0.04699	0.041155	0.061052
0.062701	0.036121	0.074232	0.042234	0.034881	0.045543	0.037783	0.059043	0.038341	0.044366	0.034601	0.030526	0.028973	0.040216	0.041187	0.059865
0.074139	0.050347	0.072118	0.027955	0.0352	0.043502	0.040022	0.038726	0.0299	0.041865	0.033267	0.030892	0.033777	0.04835	0.043589	0.058027
0.069354	0.051486	0.070055	0.034823	0.03299	0.0345	0.041871	0.0346	0.032888	0.042903	0.034307	0.034046	0.035691	0.044863	0.043432	0.050314
0.054436	0.059868	0.066042	0.035204	0.036772	0.028187	0.039569	0.037446	0.032915	0.040403	0.027565	0.030699	0.038279	0.042886	0.039802	0.051663
0.056567	0.045869	0.061394	0.037444	0.033125	0.039845	0.036611	0.045308	0.025751	0.040134	0.038934	0.028967	0.033337	0.045986	0.043359	0.055935
0.042245	0.033465	0.062921	0.039356	0.032628	0.029879	0.035999	0.053964	0.027235	0.035135	0.033423	0.030134	0.035945	0.048368	0.04383	0.050873
0.040356	0.040145	0.068242	0.048676	0.039534	0.023648	0.037545	0.048362	0.025415	0.038292	0.03551	0.028965	0.028908	0.059221	0.045079	0.049716
0.03962	0.044606	0.064986	0.055985	0.037102	0.028605	0.038143	0.043645	0.02531	0.032183	0.037451	0.03015	0.038025	0.059388	0.041165	0.052481
0.029887	0.025415	0.064974	0.052146	0.038422	0.029997	0.046024	0.043812	0.02565	0.032642	0.033024	0.030896	0.033797	0.051434	0.040272	0.053506
0.041912	0.038356	0.060384	0.053633	0.037604	0.029214	0.052916	0.037243	0.02399	0.028014	0.034176	0.028131	0.030141	0.066412	0.040702	0.048491
0.045011	0.043276	0.062618	0.053582	0.042411	0.025239	0.050813	0.048161	0.026271	0.027265	0.028005	0.023725	0.032742	0.064394	0.036057	0.046842
0.043292	0.041021	0.065405	0.0577	0.050364	0.027154	0.04194	0.056587	0.026599	0.028815	0.028922	0.026182	0.036342	0.051597	0.035165	0.043662
0.047172	0.037071	0.05991	0.059513	0.045917	0.025335	0.037148	0.0609	0.027502	0.024762	0.033263	0.028189	0.038565	0.054482	0.032352	0.044856
0.061059	0.043604	0.064536	0.063019	0.049585	0.030103	0.034515	0.061714	0.028165	0.027974	0.028827	0.029904	0.047531	0.053696	0.033979	0.043897
0.057488	0.047961	0.05785	0.060316	0.046723	0.027168	0.031562	0.050089	0.02661	0.02983	0.031689	0.027079	0.04358	0.048738	0.0395	0.042838
0.045755	0.043574	0.058896	0.067145	0.041384	0.031374	0.034289	0.040875	0.025305	0.029774	0.033467	0.029452	0.04164	0.057189	0.037445	0.0553
0.039244	0.022714	0.058754	0.055547	0.041758	0.028418	0.033605	0.058429	0.032272	0.034245	0.035325	0.027833	0.04888	0.053297	0.037332	0.046959
0.054875	0.029466	0.062844	0.057954	0.03911	0.025381	0.033011	0.062616	0.028117	0.029045	0.027225	0.033485	0.046296	0.05803	0.037587	0.042692
0.058584	0.032645	0.056876	0.06382	0.044343	0.03078	0.03112	0.068938	0.0292	0.029622	0.029947	0.028716	0.039756	0.052851	0.037922	0.042659
0.044063	0.032086	0.057509	0.058943	0.04345	0.029948	0.032758	0.063842	0.027081	0.03348	0.033775	0.025191	0.042181	0.051875	0.039698	0.043598
0.027091	0.036851	0.052503	0.058376	0.046382	0.032217	0.035456	0.049572	0.027778	0.029349	0.027806	0.028801	0.030872	0.047776	0.041101	0.047726
0.040595	0.04519	0.054683	0.053784	0.048458	0.025565	0.034069	0.055499	0.037558	0.034261	0.034187	0.032491	0.030747	0.044191	0.039088	0.048485
0.036135	0.038626	0.05477	0.052767	0.037029	0.036111	0.031277	0.055233	0.03775	0.0368	0.032723	0.032307	0.036458	0.046089	0.047268	0.044609
0.0587	0.024642	0.048636	0.05504	0.036896	0.038509	0.032883	0.059033	0.039602	0.030857	0.027428	0.032412	0.035753	0.041985	0.038906	0.056123
0.049265	0.036259	0.055253	0.055205	0.043631	0.035135	0.038289	0.064075	0.035607	0.026434	0.029551	0.020783	0.024105	0.042168	0.034885	0.046809
0.027231	0.029449	0.053405	0.058916	0.041254	0.026858	0.03863	0.055822	0.032691	0.028571	0.030432	0.020991	0.029418	0.043589	0.042919	0.049557
0.037995	0.033417	0.056619	0.052335	0.043294	0.029539	0.042409	0.069869	0.03845	0.031114	0.030475	0.027844	0.035337	0.050074	0.038743	0.046555
0.042602	0.044592	0.065074	0.053007	0.040331	0.031984	0.04569	0.071687	0.031124	0.037697	0.028241	0.031689	0.031355	0.043273	0.035997	0.042694
0.041432	0.052728	0.073628	0.055178	0.036915	0.031363	0.045654	0.062319	0.034063	0.034052	0.030048	0.029499	0.036564	0.045826	0.036854	0.046548
0.0346	0.058575	0.058369	0.056354	0.037559	0.030727	0.035027	0.061397	0.033428	0.031245	0.037836	0.024554	0.038986	0.038454	0.04069	0.046509
0.041228	0.047192	0.05632	0.058244	0.034245	0.030322	0.033337	0.047029	0.02667	0.025291	0.038102	0.030421	0.027944	0.036359	0.040982	0.044218
0.060223	0.045259	0.058374	0.056913	0.03642	0.029413	0.033531	0.048518	0.025771	0.026346	0.03639	0.031977	0.028445	0.044559	0.037524	0.043377
0.051951	0.049643	0.059753	0.054466	0.035592	0.031285	0.034708	0.04338	0.021666	0.025023	0.03084	0.023625	0.028782	0.036408	0.036709	0.046196
0.044699	0.051992	0.054016	0.049161	0.039006	0.031649	0.032014	0.039811	0.026981	0.029644	0.026671	0.024741	0.034358	0.036149	0.035317	0.053103
0.036351	0.055224	0.061894	0.055265	0.035984	0.030988	0.038433	0.041145	0.024035	0.029123	0.023864	0.028919	0.034774	0.039577	0.038999	0.056761
0.034733	0.054925	0.070591	0.057078	0.059041	0.029919	0.035098	0.039322	0.024519	0.042386	0.025438	0.027806	0.030138	0.034872	0.034717	0.060537
0.036112	0.049279	0.073816	0.057613	0.063709	0.031729	0.03347	0.049321	0.028271	0.038	0.026608	0.025921	0.033505	0.036205	0.044154	0.047242
0.032097	0.040199	0.077143	0.061038	0.042292	0.029554	0.034707	0.038029	0.023314	0.034188	0.029492	0.029021	0.036003	0.036321	0.035407	0.043162
0.032822	0.032803	0.063919	0.051084	0.047992	0.028763	0.036737	0.038387	0.023472	0.033463	0.030324	0.024829	0.027418	0.036022	0.033135	0.051812
0.033585	0.030407	0.057797	0.045522	0.049359	0.028599	0.044361	0.036948	0.023844	0.031951	0.027518	0.022976	0.02808	0.042126	0.035005	0.059594
0.027488	0.047312	0.06448	0.057961	0.050209	0.027578	0.036279	0.035293	0.023912	0.027919	0.028398	0.024767	0.035461	0.039162	0.033615	0.049287
0.02827	0.039466	0.061103	0.049814	0.048661	0.028541	0.039657	0.055607	0.029738	0.023031	0.033022	0.032451	0.039336	0.037988	0.041006	0.051681
0.028865	0.03296	0.06364	0.060333	0.047034	0.028326	0.036261	0.054985	0.024656	0.027477	0.033599	0.028314	0.032114	0.035081	0.047338	0.045239
0.031284	0.03478	0.056744	0.048426	0.040968	0.032976	0.033203	0.0429	0.022368	0.026347	0.02622	0.021494	0.033207	0.037501	0.040371	0.052605
0.037219	0.035504	0.060865	0.062961	0.051784	0.029148	0.034832	0.039547	0.022858	0.028375	0.024359	0.024801	0.036282	0.037682	0.041233	0.051782
0.04648	0.033136	0.072771	0.058499	0.051796	0.032731	0.036333	0.050187	0.027229	0.030954	0.027299	0.026535	0.033299	0.0479	0.04246	0.049022
0.047617	0.035004	0.064754	0.058561	0.043831	0.02565	0.034331	0.04674	0.029559	0.027836	0.022603	0.025754	0.03197	0.051053	0.040782	0.046561
0.055257	0.032324	0.068195	0.047183	0.033983	0.025325	0.035218	0.040298	0.025231	0.026389	0.026946	0.025745	0.034488	0.04823	0.044661	0.048331
0.044789	0.035319	0.06719	0.051025	0.050978	0.02675	0.032813	0.049997	0.023347	0.032617	0.028512	0.029115	0.034203	0.043541	0.047489	0.05206
0.035315	0.03562	0.070305	0.052262	0.056276	0.028829	0.033895	0.053666	0.020965	0.02928	0.027388	0.022038	0.027449	0.039702	0.038851	0.047337
0.042327	0.045099	0.076094	0.047295	0.045204	0.030891	0.03499	0.065609	0.025703	0.024427	0.02643	0.02604	0.029108	0.043669	0.041186	0.042401
0.051782	0.036659	0.073671	0.064197	0.050255	0.0304	0.034129	0.061947	0.023939	0.024049	0.026658	0.017675	0.026234	0.040929	0.037772	0.055285
0.041209	0.03969	0.071848	0.06228	0.038797	0.025135	0.032436	0.059534	0.024302	0.026932	0.027243	0.037855	0.029196	0.036996	0.034089	0.061849
0.0434	0.02973	0.063479	0.058842	0.046046	0.024863	0.035331	0.050148	0.024022	0.025852	0.022531	0.031961	0.031377	0.03893	0.038117	0.053729
0.041606	0.0354	0.063512	0.062128	0.043735	0.027114	0.034685	0.045157	0.020916	0.024564	0.026663	0.031284	0.029248	0.035367	0.034688	0.055944
0.033669	0.03408	0.062979	0.06013	0.052444	0.02874	0.033003	0.06539	0.022255	0.02352	0.030885	0.032974	0.03573	0.037602	0.032975	0.052413
0.026976	0.028199	0.053982	0.054581	0.047587	0.03089	0.036812	0.045967	0.022818	0.028236	0.032812	0.031755	0.045107	0.041102	0.035051	0.047199
0.030151	0.030245	0.052679	0.065296	0.045387	0.024461	0.032783	0.054882	0.024057	0.027163	0.029268	0.029008	0.036367	0.038849	0.037346	0.037962
0.031652	0.029822	0.068756	0.05973	0.043785	0.0252	0.038462	0.056932	0.027396	0.023411	0.026311	0.026145	0.038085	0.039424	0.033691	0.053388
0.030595	0.027789	0.06157	0.05189	0.043999	0.026932	0.041712	0.051966	0.033548	0.02617	0.025925	0.027728	0.035791	0.037361	0.03321	0.048835
0.029619	0.033262	0.064342	0.054126	0.041992	0.027285	0.051083	0.066298	0.027443	0.027036	0.030677	0.02664	0.043518	0.042313	0.036359	0.042961
0.035339	0.038475	0.077411	0.059216	0.040281	0.027517	0.046059	0.055309	0.032965	0.031346	0.021737	0.020656	0.032561	0.041941	0.037522	0.049332
0.026607	0.034983	0.077472	0.047626	0.043196	0.027525	0.050026	0.056407	0.034471	0.029816	0.031697	0.027284	0.030717	0.043265	0.034173	0.052483
0.022749	0.03338	0.076716	0.060952	0.046178	0.0314	0.050916	0.053772	0.036355	0.036926	0.032781	0.03054	0.046683	0.04863	0.033108	0.05013
0.029158	0.037257	0.0786	0.057632	0.043983	0.035741	0.052675	0.051689	0.034039	0.0359	0.029015	0.029637	0.035903	0.057349	0.038623	0.043737
0.030132	0.038338	0.079031	0.069162	0.052353	0.040175	0.053153	0.054188	0.034383	0.034265	0.021679	0.026155	0.029586	0.054918	0.044417	0.048907
0.029006	0.026488	0.072276	0.066834	0.041312	0.039229	0.048978	0.045205	0.032868	0.028619	0.027011	0.026676	0.0287	0.066632	0.054165	0.06053
0.030013	0.03258	0.066103	0.069346	0.041058	0.048919	0.038997	0.043239	0.033044	0.03074	0.026867	0.025375	0.029975	0.046627	0.042114	0.06069
0.030142	0.028862	0.06333	0.066361	0.048023	0.044738	0.038228	0.051819	0.034631	0.028811	0.033704	0.027255	0.030856	0.048567	0.043379	0.056025
0.033936	0.025123	0.072613	0.050937	0.044792	0.037133	0.042365	0.048169	0.033803	0.031906	0.029789	0.031323	0.032809	0.040051	0.047844	0.062682
0.027402	0.02635	0.068606	0.054698	0.044929	0.034298	0.044663	0.050967	0.029678	0.032885	0.026223	0.035618	0.029059	0.051958	0.050202	0.056193
0.026408	0.028477	0.067104	0.047737	0.044987	0.033965	0.04083	0.045978	0.024841	0.033603	0.026454	0.028567	0.027358	0.049074	0.045012	0.050975
0.028575	0.028898	0.080426	0.056157	0.050906	0.033685	0.038976	0.049268	0.027096	0.032379	0.035476	0.029163	0.031734	0.042899	0.038882	0.045675
0.033281	0.03677	0.070551	0.052445	0.046917	0.03565	0.041129	0.04593	0.023257	0.028886	0.036583	0.027114	0.030479	0.041854	0.040339	0.04766
0.036659	0.043689	0.065826	0.051078	0.035802	0.031638	0.031609	0.044352	0.02532	0.026882	0.043288	0.023336	0.033547	0.040832	0.038917	0.043503
0.044718	0.048366	0.071022	0.054027	0.043206	0.037032	0.039394	0.046361	0.028834	0.027936	0.036087	0.024216	0.057954	0.038161	0.037836	0.053679
0.046405	0.043243	0.064261	0.0516	0.042011	0.031238	0.035788	0.059158	0.024127	0.026899	0.035062	0.022322	0.039445	0.04536	0.039998	0.055058
0.045376	0.04188	0.063184	0.055282	0.044082	0.034839	0.03433	0.062846	0.022023	0.02865	0.029897	0.026997	0.040068	0.030064	0.035004	0.057185
0.041289	0.030147	0.065025	0.06695	0.050333	0.028591	0.035715	0.056408	0.025244	0.033562	0.040071	0.025831	0.035294	0.035159	0.032978	0.040213
0.037674	0.029971	0.069553	0.064979	0.045053	0.035715	0.034403	0.055096	0.024508	0.029748	0.035349	0.033971	0.031388	0.031628	0.033921	0.043447
0.037825	0.032069	0.066239	0.063051	0.03945	0.03786	0.041024	0.063982	0.025687	0.030018	0.029066	0.0259	0.034003	0.036442	0.033078	0.051877
0.033981	0.037398	0.057831	0.067877	0.040205	0.038904	0.045056	0.056941	0.028432	0.026208	0.021427	0.027302	0.034099	0.032129	0.037475	0.04841
0.030197	0.041368	0.051065	0.068753	0.043955	0.042514	0.041868	0.056137	0.027199	0.031864	0.020746	0.027044	0.035535	0.031044	0.040879	0.045842
0.029455	0.038674	0.051625	0.066062	0.042494	0.033546	0.040805	0.055027	0.026232	0.035746	0.024613	0.02418	0.029433	0.037095	0.040566	0.056486
0.027933	0.028938	0.050312	0.062324	0.04532	0.032198	0.042687	0.054652	0.021617	0.041073	0.026764	0.028555	0.023989	0.040849	0.041375	0.053664
0.028649	0.022138	0.047887	0.058917	0.03853	0.028369	0.034972	0.060278	0.027465	0.03803	0.027281	0.02759	0.037238	0.031698	0.040267	0.05483
0.029032	0.028677	0.045126	0.057532	0.041369	0.030266	0.035283	0.051815	0.026722	0.036279	0.02469	0.026108	0.034502	0.027574	0.035107	0.050453
0.03274	0.05247	0.047738	0.050622	0.040684	0.032898	0.03648	0.055552	0.025357	0.03305	0.024796	0.026511	0.029329	0.03057	0.038848	0.054797
0.033405	0.038692	0.046497	0.049472	0.043403	0.036967	0.039863	0.059647	0.023971	0.032289	0.02984	0.027027	0.035742	0.031647	0.036416	0.050851
0.025745	0.048637	0.054741	0.056105	0.041313	0.03311	0.03772	0.061428	0.024114	0.026902	0.031334	0.027299	0.037019	0.031141	0.038578	0.049236
0.03104	0.029575	0.05764	0.049407	0.038091	0.03182	0.033826	0.066064	0.025501	0.027425	0.025791	0.029934	0.040971	0.044621	0.035304	0.048026
0.029542	0.029908	0.057052	0.049145	0.042879	0.031313	0.039231	0.063045	0.026855	0.022032	0.025989	0.028126	0.052543	0.034649	0.034727	0.048102
0.03509	0.027382	0.0565	0.050063	0.030541	0.028531	0.03795	0.065964	0.024674	0.023615	0.027809	0.028132	0.044284	0.032931	0.036099	0.054226
0.029708	0.034723	0.06546	0.060378	0.04165	0.033767	0.03552	0.061263	0.023693	0.023695	0.026495	0.030934	0.039089	0.033994	0.034491	0.052057
0.036051	0.034986	0.061793	0.052777	0.040691	0.037231	0.035844	0.045312	0.026655	0.024687	0.027649	0.026825	0.035444	0.031489	0.033169	0.04332
0.030367	0.034852	0.063459	0.062908	0.047458	0.027328	0.046002	0.052009	0.026253	0.028818	0.030331	0.032342	0.034792	0.048014	0.037536	0.044423
0.026772	0.027225	0.064107	0.04578	0.035151	0.02503	0.049097	0.04432	0.027986	0.024815	0.028512	0.030938	0.033665	0.051576	0.040589	0.050384
0.038065	0.030177	0.060273	0.049113	0.043915	0.033392	0.055796	0.045661	0.030918	0.023745	0.026976	0.028043	0.030911	0.049247	0.042768	0.046544
0.047054	0.033101	0.058095	0.045979	0.050674	0.032547	0.067533	0.050295	0.030266	0.028029	0.024759	0.021298	0.039592	0.05111	0.049091	0.044064
0.056002	0.04102	0.053876	0.046185	0.052042	0.029235	0.06221	0.051825	0.031165	0.022464	0.026009	0.026628	0.041625	0.052013	0.050022	0.045331
0.043224	0.040655	0.05122	0.048262	0.039799	0.031085	0.06189	0.055464	0.023857	0.029257	0.026864	0.027898	0.034582	0.047537	0.051907	0.050473
0.044871	0.035658	0.052605	0.046964	0.04397	0.030536	0.056045	0.061722	0.027404	0.033368	0.026076	0.025942	0.027727	0.046033	0.052256	0.057097
0.048092	0.045004	0.053846	0.048011	0.049635	0.028779	0.047217	0.05101	0.024314	0.028328	0.02523	0.024545	0.028915	0.034166	0.043661	0.059119
0.036996	0.039511	0.059673	0.04851	0.044696	0.028318	0.046203	0.041233	0.023686	0.033189	0.032227	0.023751	0.031028	0.039781	0.044065	0.049451
0.028403	0.035379	0.052138	0.052622	0.046526	0.029204	0.044713	0.041492	0.026047	0.023803	0.036195	0.028472	0.033817	0.043897	0.043768	0.048204
0.029591	0.032755	0.051829	0.064569	0.04913	0.032186	0.049861	0.042597	0.023826	0.025996	0.035469	0.025962	0.03453	0.043909	0.042187	0.037644
0.031271	0.034409	0.050889	0.05978	0.039879	0.032527	0.051324	0.072351	0.02896	0.031281	0.034362	0.025174	0.03133	0.037472	0.043934	0.045782
0.030053	0.035084	0.049526	0.06386	0.042808	0.027916	0.053078	0.056005	0.0248	0.027118	0.033489	0.025616	0.03285	0.039179	0.045472	0.053367
0.032924	0.034467	0.04904	0.065242	0.044192	0.027401	0.052966	0.049332	0.022475	0.021143	0.023989	0.025905	0.031055	0.037145	0.042054	0.052415
0.031461	0.03159	0.047649	0.068347	0.050809	0.032597	0.056601	0.060508	0.026418	0.024898	0.023956	0.030205	0.031074	0.037496	0.037918	0.062517
0.035878	0.036017	0.062611	0.066101	0.047481	0.027985	0.044002	0.067861	0.020157	0.024046	0.023344	0.031451	0.032652	0.04018	0.04044	0.053489
0.034014	0.033344	0.052196	0.051624	0.046517	0.028494	0.044973	0.065768	0.027644	0.028141	0.022836	0.033399	0.038531	0.043457	0.03725	0.055044
0.028192	0.031581	0.045572	0.046105	0.038771	0.027808	0.045281	0.061912	0.025097	0.030949	0.030507	0.033483	0.040859	0.034323	0.032403	0.055134
0.031363	0.031337	0.05256	0.042812	0.041821	0.029587	0.043521	0.06413	0.024798	0.02839	0.023018	0.034248	0.039317	0.037591	0.033327	0.055966
0.035027	0.03462	0.056577	0.045594	0.043357	0.028924	0.045853	0.059372	0.028316	0.029191	0.024893	0.033582	0.032443	0.033907	0.040547	0.050211
0.045914	0.032364	0.064361	0.060666	0.047425	0.029779	0.044646	0.066007	0.019497	0.030032	0.028451	0.030664	0.034948	0.035658	0.042372	0.044202
0.057869	0.031631	0.063262	0.051963	0.059232	0.036107	0.050656	0.056624	0.022004	0.029466	0.025329	0.028496	0.034741	0.042936	0.033809	0.050601
0.047512	0.031483	0.063282	0.064556	0.050634	0.041055	0.050014	0.050637	0.025546	0.029853	0.03331	0.028792	0.03613	0.043848	0.035848	0.054252
0.044681	0.03525	0.057829	0.05345	0.038271	0.037785	0.049223	0.041083	0.028898	0.027745	0.038489	0.022426	0.034852	0.035352	0.035313	0.045504
0.047917	0.045581	0.057116	0.056523	0.038319	0.037655	0.04314	0.036514	0.022616	0.030671	0.030252	0.023589	0.034128	0.032839	0.041553	0.044497
0.044176	0.047842	0.049304	0.06352	0.052688	0.035041	0.043728	0.035497	0.029694	0.03286	0.026279	0.022992	0.032419	0.044011	0.046104	0.054927
0.045801	0.045884	0.050787	0.056352	0.050001	0.029517	0.039592	0.034991	0.030596	0.031711	0.033306	0.022576	0.030802	0.042032	0.049764	0.045001
0.038585	0.040765	0.048278	0.049882	0.044424	0.032157	0.05642	0.038444	0.035165	0.029484	0.024741	0.025299	0.042245	0.050433	0.049389	0.039857
0.030661	0.039094	0.045276	0.050011	0.042144	0.029166	0.059312	0.039291	0.026564	0.026019	0.023767	0.026925	0.035701	0.048996	0.045018	0.051558
0.035761	0.041218	0.043123	0.049321	0.035536	0.030613	0.056688	0.038418	0.025047	0.026315	0.026125	0.025668	0.034168	0.041413	0.04462	0.048265
0.028734	0.04505	0.04457	0.050025	0.040937	0.029216	0.072441	0.033107	0.025318	0.026036	0.025767	0.02379	0.037704	0.038895	0.043741	0.041731
0.033037	0.042138	0.043784	0.05332	0.050169	0.031062	0.071672	0.037057	0.027946	0.030112	0.02431	0.02276	0.027355	0.036418	0.035391	0.042362
0.03111	0.044863	0.045198	0.052144	0.037463	0.027966	0.065599	0.038728	0.029363	0.030998	0.025667	0.021648	0.036081	0.054518	0.040894	0.050091
0.036532	0.039893	0.044878	0.050142	0.039325	0.026835	0.055414	0.04299	0.025711	0.035209	0.026824	0.022435	0.024851	0.04825	0.040657	0.046093
0.032908	0.041214	0.050818	0.047827	0.042766	0.02697	0.045222	0.048927	0.024969	0.041136	0.029146	0.024241	0.023564	0.052189	0.038161	0.038451
0.033007	0.036247	0.043497	0.055626	0.037133	0.027316	0.051034	0.042842	0.030608	0.040872	0.028927	0.032699	0.030922	0.050512	0.034968	0.061557
0.035184	0.038673	0.047681	0.063375	0.037476	0.028165	0.063174	0.038198	0.026396	0.034676	0.024416	0.033146	0.038031	0.058612	0.047117	0.072702
0.033804	0.036553	0.049168	0.066306	0.047616	0.02755	0.054423	0.039983	0.027652	0.037405	0.026404	0.033205	0.048188	0.057245	0.0454	0.073704
0.04485	0.035872	0.044086	0.070187	0.041939	0.028167	0.04906	0.037568	0.026634	0.036836	0.027012	0.029109	0.048174	0.058098	0.044783	0.081198
0.050045	0.038954	0.053406	0.062307	0.0374	0.035839	0.056703	0.035902	0.026902	0.035954	0.029202	0.035202	0.046685	0.049563	0.041132	0.068491
0.054903	0.041234	0.063483	0.068739	0.049769	0.039564	0.057954	0.039754	0.031442	0.031408	0.02908	0.02867	0.039846	0.056067	0.042548	0.068682
0.058627	0.046919	0.067493	0.068921	0.038397	0.036076	0.058391	0.052786	0.024555	0.031139	0.037724	0.030035	0.033538	0.04749	0.03958	0.077092
0.048465	0.048219	0.05689	0.058046	0.039574	0.029426	0.067493	0.050389	0.026051	0.030383	0.04123	0.027522	0.03809	0.050544	0.038781	0.072117
0.040821	0.0414	0.060125	0.05876	0.045964	0.032975	0.061174	0.037914	0.023411	0.032076	0.035887	0.028583	0.035596	0.043168	0.035572	0.064832
0.045281	0.036642	0.060074	0.059585	0.033241	0.034253	0.054159	0.034862	0.027375	0.029905	0.034507	0.026853	0.028322	0.045834	0.038282	0.06224
0.030313	0.04177	0.063739	0.059352	0.037587	0.033778	0.054055	0.052919	0.029736	0.027907	0.034006	0.028303	0.030672	0.049993	0.041911	0.055267
0.037676	0.040163	0.061639	0.053706	0.035281	0.032056	0.05281	0.046624	0.02718	0.036872	0.02465	0.026095	0.037855	0.039056	0.036106	0.049636
0.037108	0.034718	0.05574	0.050466	0.043535	0.033447	0.064686	0.059155	0.028258	0.035909	0.027478	0.028251	0.041846	0.040375	0.038636	0.058868
0.036147	0.045474	0.051344	0.051845	0.05004	0.032256	0.058325	0.047431	0.025949	0.03057	0.028183	0.037228	0.039501	0.035722	0.050236	0.069605
0.033784	0.056648	0.056452	0.05063	0.049723	0.033468	0.062804	0.047849	0.033901	0.034215	0.025416	0.025418	0.039104	0.036398	0.04938	0.077557
0.03442	0.059879	0.05513	0.059437	0.047025	0.03357	0.061952	0.036579	0.036853	0.03326	0.029414	0.02891	0.041869	0.036881	0.0509	0.071549
0.053291	0.06808	0.053886	0.066655	0.046982	0.034411	0.062906	0.036053	0.04062	0.032533	0.036296	0.027723	0.037707	0.043317	0.04929	0.065523
0.055439	0.054296	0.051106	0.062101	0.054591	0.036224	0.078813	0.046524	0.042455	0.038909	0.03531	0.027508	0.042791	0.037246	0.052765	0.063122
0.045583	0.054546	0.056363	0.060397	0.059539	0.04629	0.088005	0.048088	0.035658	0.042203	0.028101	0.03606	0.033304	0.034	0.047629	0.066971
0.040603	0.059855	0.057977	0.061029	0.068749	0.042357	0.080688	0.042772	0.032202	0.050635	0.031546	0.041371	0.030824	0.036888	0.046671	0.068879
0.042136	0.050561	0.050041	0.049723	0.05455	0.041091	0.07545	0.053136	0.029963	0.048472	0.031092	0.044479	0.050803	0.042384	0.046465	0.068787
0.041119	0.057132	0.051027	0.053293	0.056326	0.045785	0.084487	0.055907	0.032089	0.046338	0.034948	0.039463	0.037581	0.043027	0.035149	0.060077
0.049346	0.073865	0.053067	0.05656	0.057409	0.043503	0.081722	0.072504	0.033897	0.046021	0.034852	0.035702	0.034123	0.051831	0.039867	0.057663
0.045457	0.062454	0.05901	0.055972	0.057509	0.040708	0.080048	0.068875	0.030999	0.037651	0.031466	0.032911	0.032742	0.05358	0.04465	0.057809
0.046175	0.061479	0.056563	0.071227	0.037719	0.043523	0.09488	0.072364	0.03384	0.03877	0.034551	0.028521	0.033359	0.055056	0.054095	0.055468
0.053353	0.063092	0.066143	0.058545	0.058914	0.044834	0.089964	0.07263	0.032056	0.04618	0.032767	0.033033	0.038089	0.057543	0.05544	0.066911
0.060988	0.055384	0.067814	0.074961	0.053941	0.042127	0.076781	0.062833	0.032692	0.050293	0.033196	0.034664	0.047197	0.059644	0.046538	0.062368
0.058457	0.068286	0.072983	0.061109	0.07069	0.048679	0.072241	0.062369	0.039267	0.040968	0.035956	0.036013	0.059737	0.055132	0.046432	0.078889
0.052949	0.058265	0.064684	0.065752	0.058029	0.04347	0.094134	0.063781	0.041352	0.035296	0.04373	0.03911	0.064745	0.066682	0.047891	0.071671
0.057529	0.071687	0.06676	0.061051	0.057975	0.046709	0.080648	0.068954	0.029875	0.031834	0.041786	0.029717	0.052854	0.056354	0.048295	0.070552
0.066285	0.050496	0.063988	0.060522	0.057833	0.050817	0.070839	0.064983	0.037731	0.038056	0.043948	0.041139	0.047602	0.047495	0.04751	0.076914
0.043845	0.053598	0.051772	0.063314	0.063016	0.044722	0.065801	0.073005	0.039217	0.044581	0.044764	0.035264	0.049852	0.052353	0.04536	0.075687
0.047047	0.053477	0.056396	0.073202	0.071057	0.047907	0.080748	0.069362	0.047963	0.054126	0.04431	0.030673	0.045716	0.044794	0.041512	0.070877
0.047774	0.067703	0.072892	0.068432	0.061244	0.054044	0.060013	0.090612	0.045644	0.048301	0.037959	0.0358	0.042262	0.054518	0.045169	0.067936
0.057218	0.066889	0.076851	0.068632	0.070841	0.056906	0.084528	0.070259	0.043728	0.052357	0.037148	0.031742	0.051089	0.055736	0.041866	0.072416
0.061223	0.055935	0.071675	0.071214	0.050666	0.061085	0.082437	0.089302	0.036695	0.042798	0.03006	0.026399	0.049845	0.042769	0.044766	0.077719
0.05921	0.05889	0.061748	0.07568	0.052198	0.06408	0.064359	0.071972	0.037973	0.054965	0.031376	0.036588	0.056132	0.050202	0.038865	0.081249
0.059201	0.073199	0.059605	0.068889	0.061517	0.061102	0.05783	0.078119	0.040047	0.039751	0.036027	0.042755	0.055254	0.056523	0.038282	0.069651
0.055173	0.058521	0.062361	0.061468	0.062936	0.060466	0.058827	0.074956	0.032489	0.035587	0.034257	0.038766	0.053852	0.071094	0.050812	0.066483
0.043416	0.045243	0.066485	0.067936	0.057835	0.063447	0.064706	0.076526	0.035461	0.039383	0.03146	0.02819	0.045323	0.061731	0.054337	0.070291
0.041971	0.051791	0.06975	0.073262	0.057452	0.049525	0.073276	0.086518	0.028617	0.042616	0.036704	0.035578	0.051823	0.056469	0.05242	0.065468
0.047738	0.062438	0.073878	0.066452	0.064472	0.03727	0.085248	0.090455	0.025897	0.04657	0.042177	0.037394	0.047301	0.063961	0.054689	0.060426
0.046628	0.068019	0.076246	0.062711	0.065657	0.052877	0.077558	0.067319	0.038318	0.048808	0.037696	0.026983	0.041894	0.070586	0.04699	0.062507
0.054119	0.065098	0.079863	0.064248	0.058314	0.06206	0.07492	0.055978	0.037759	0.046928	0.03898	0.026492	0.041885	0.056497	0.046134	0.062523
0.057915	0.057937	0.072262	0.068378	0.05582	0.072186	0.086239	0.090299	0.029747	0.040671	0.046876	0.030887	0.043972	0.058037	0.043301	0.059452
0.056561	0.072311	0.068769	0.068165	0.057251	0.05721	0.083745	0.081862	0.042773	0.042892	0.049487	0.03493	0.047205	0.059642	0.042195	0.050532
0.057429	0.062243	0.076496	0.075351	0.059088	0.058602	0.08393	0.088957	0.033164	0.035419	0.043512	0.046669	0.039205	0.05282	0.047827	0.056248
0.05074	0.067116	0.07414	0.066696	0.059829	0.066853	0.092922	0.094345	0.04048	0.032774	0.042102	0.045199	0.05071	0.049046	0.050205	0.054803
0.05738	0.07715	0.073424	0.066696	0.072586	0.063761	0.087263	0.08082	0.041361	0.036911	0.039967	0.04311	0.055639	0.061172	0.046565	0.051909
0.038512	0.062102	0.068745	0.062262	0.061058	0.04837	0.072449	0.07959	0.041776	0.038666	0.039153	0.039072	0.061969	0.053621	0.045052	0.06237
0.055354	0.070517	0.06794	0.07901	0.057652	0.05507	0.071293	0.081147	0.042586	0.040668	0.035778	0.03886	0.0439	0.058416	0.044089	0.067136
0.055897	0.05987	0.075494	0.075931	0.046425	0.059578	0.093745	0.074821	0.042613	0.041414	0.037295	0.038227	0.041152	0.05907	0.04485	0.062296
0.041793	0.043871	0.069005	0.068472	0.049286	0.054785	0.07546	0.08534	0.036885	0.036656	0.041539	0.036378	0.036834	0.060218	0.046437	0.05699
0.053992	0.052733	0.064842	0.064697	0.045261	0.060803	0.084449	0.085413	0.041436	0.030879	0.032825	0.029428	0.038698	0.067757	0.055319	0.063172
0.068191	0.051676	0.067858	0.056739	0.038629	0.067426	0.091332	0.078561	0.040403	0.034833	0.024395	0.029622	0.039314	0.06308	0.050905	0.0688
0.060209	0.077358	0.075695	0.075201	0.062288	0.069356	0.076385	0.081534	0.034342	0.036956	0.030022	0.028017	0.047852	0.068073	0.054029	0.065283
0.051859	0.050314	0.077242	0.071477	0.068344	0.061438	0.073426	0.096352	0.033137	0.030501	0.037789	0.024911	0.054534	0.068768	0.058591	0.061207
0.054575	0.066755	0.077966	0.066896	0.066474	0.04832	0.071504	0.092092	0.038676	0.036646	0.03711	0.0274	0.055449	0.063355	0.051543	0.055924
0.055524	0.052034	0.07739	0.073196	0.061723	0.061026	0.06562	0.052098	0.036462	0.040913	0.035361	0.028099	0.057748	0.06254	0.04374	0.059696
0.046413	0.044155	0.075995	0.070521	0.061846	0.052329	0.074549	0.072926	0.043629	0.031156	0.034402	0.03028	0.05803	0.063541	0.041122	0.06507
0.055232	0.045398	0.075944	0.070063	0.053274	0.049713	0.082218	0.075476	0.03266	0.031334	0.027522	0.0382	0.048556	0.059679	0.040481	0.056179
0.047778	0.056683	0.081783	0.061302	0.072724	0.050513	0.073105	0.077862	0.023152	0.034386	0.034953	0.03085	0.053116	0.055647	0.040705	0.05089
0.038326	0.058347	0.07781	0.074376	0.069012	0.041734	0.067573	0.087277	0.027535	0.042777	0.037119	0.026475	0.052639	0.051643	0.04464	0.072469
0.043713	0.059706	0.064189	0.084949	0.070322	0.042368	0.0676	0.092251	0.028488	0.042047	0.036053	0.02558	0.043434	0.060145	0.048283	0.086003
0.051882	0.078623	0.065955	0.079019	0.074329	0.042116	0.062939	0.095473	0.027212	0.038072	0.029407	0.027173	0.04413	0.064607	0.045554	0.087856
0.051901	0.073451	0.061994	0.075531	0.049897	0.051898	0.070594	0.084525	0.030937	0.039895	0.031011	0.035203	0.041939	0.059153	0.045286	0.0719
0.054792	0.063626	0.062912	0.080377	0.042948	0.05813	0.068945	0.081681	0.039833	0.035028	0.034555	0.028458	0.041062	0.058175	0.046691	0.067149
0.050851	0.071502	0.069895	0.079752	0.04228	0.059814	0.074213	0.091334	0.033511	0.050745	0.035541	0.030905	0.03919	0.059137	0.048114	0.062805
0.049477	0.052994	0.073549	0.070984	0.042952	0.067036	0.085108	0.06811	0.037467	0.038031	0.043407	0.030657	0.040029	0.063701	0.047364	0.055582
0.04319	0.050927	0.083467	0.072052	0.047664	0.057179	0.058239	0.059907	0.027285	0.036896	0.046038	0.033023	0.039583	0.061769	0.053314	0.052322
0.034691	0.060771	0.079457	0.072628	0.043292	0.069172	0.06671	0.079456	0.031339	0.047968	0.048797	0.027845	0.029486	0.050776	0.056687	0.051912
0.027655	0.060177	0.076951	0.074271	0.05225	0.072011	0.07336	0.071231	0.033225	0.050561	0.054045	0.029634	0.041411	0.057786	0.069975	0.05504
0.026217	0.063365	0.086073	0.078823	0.087442	0.059181	0.059176	0.094916	0.03734	0.056609	0.049054	0.028944	0.042217	0.06711	0.068194	0.055051
0.028398	0.060202	0.080914	0.077798	0.057801	0.060356	0.052302	0.069187	0.033681	0.044294	0.047229	0.035416	0.029683	0.050237	0.059267	0.051971
0.039555	0.059654	0.070326	0.07824	0.056787	0.064411	0.059947	0.067343	0.035284	0.043057	0.042065	0.028737	0.032221	0.055733	0.056669	0.049535
0.041399	0.071663	0.074733	0.080168	0.069947	0.063716	0.061604	0.088507	0.032773	0.043329	0.045612	0.028625	0.028011	0.050183	0.060378	0.05636
0.044709	0.049156	0.077919	0.088901	0.067504	0.047998	0.059645	0.092054	0.034949	0.046459	0.039096	0.031277	0.035688	0.052219	0.058754	0.057991
0.057403	0.042278	0.071767	0.0794	0.050575	0.040463	0.059667	0.078565	0.03729	0.032329	0.038847	0.036937	0.03274	0.046379	0.060375	0.052182
0.048646	0.052428	0.069963	0.077261	0.081606	0.041919	0.079609	0.084562	0.038938	0.036869	0.036626	0.03841	0.034104	0.050957	0.062254	0.051749
0.031723	0.051357	0.078967	0.078078	0.0648	0.044154	0.073631	0.08921	0.039724	0.040538	0.045712	0.032693	0.030098	0.058108	0.052642	0.050076
0.039437	0.052454	0.085656	0.076578	0.053824	0.046179	0.075219	0.073512	0.034141	0.041489	0.046096	0.032563	0.035125	0.05217	0.056441	0.052575
0.035133	0.05127	0.074491	0.077182	0.049933	0.052295	0.080754	0.082631	0.036369	0.044154	0.035525	0.032586	0.036495	0.04991	0.054162	0.050449
0.046052	0.048781	0.082003	0.070138	0.053825	0.058679	0.075964	0.088615	0.037076	0.035162	0.037135	0.033631	0.044567	0.062482	0.053241	0.045191
0.054561	0.05135	0.067481	0.065596	0.055906	0.046299	0.072116	0.07342	0.03603	0.031507	0.036844	0.027573	0.044499	0.061438	0.056602	0.050094
0.039603	0.0636	0.06335	0.069889	0.045595	0.041022	0.072612	0.069576	0.039094	0.027337	0.050791	0.0268	0.050016	0.054016	0.054493	0.045313
0.038022	0.048726	0.069686	0.080334	0.052795	0.042634	0.07276	0.071663	0.038978	0.032653	0.042985	0.033492	0.052328	0.056751	0.051763	0.043027
0.026858	0.05065	0.069067	0.072817	0.051593	0.037673	0.069815	0.092769	0.036519	0.033007	0.046113	0.036544	0.058685	0.0557	0.049355	0.04626
0.030692	0.049681	0.06585	0.070097	0.064583	0.038044	0.06793	0.087828	0.03366	0.029884	0.039354	0.036554	0.045275	0.049148	0.049405	0.049096
0.039952	0.046498	0.074281	0.073755	0.069443	0.038306	0.061573	0.062771	0.026483	0.033978	0.044056	0.045707	0.043002	0.043133	0.045713	0.053025
0.038023	0.046776	0.064337	0.067744	0.078628	0.041032	0.057166	0.079116	0.030566	0.03046	0.038902	0.048485	0.039667	0.048774	0.044652	0.045529
0.048893	0.042512	0.060961	0.066962	0.065767	0.031884	0.052855	0.068532	0.033431	0.03187	0.032862	0.043222	0.030525	0.043153	0.043403	0.060465
0.039539	0.044612	0.063867	0.064779	0.069226	0.03111	0.053307	0.060246	0.046128	0.030604	0.028511	0.038247	0.033472	0.041955	0.045199	0.06268
0.045399	0.045741	0.062483	0.064288	0.072788	0.035595	0.053617	0.060933	0.028564	0.036468	0.028306	0.045159	0.032893	0.04575	0.043903	0.063281
0.047639	0.046722	0.05701	0.061805	0.059781	0.03491	0.062841	0.061796	0.034886	0.031625	0.035953	0.037985	0.030993	0.052663	0.043914	0.062261
0.039275	0.046916	0.069498	0.062401	0.050643	0.04057	0.059511	0.068759	0.042268	0.031725	0.037563	0.03646	0.033431	0.047068	0.042704	0.060234
0.033765	0.040846	0.062117	0.059411	0.059028	0.037632	0.061159	0.070959	0.031996	0.035138	0.041745	0.043127	0.043249	0.043221	0.042142	0.052128
0.06065	0.043632	0.050804	0.058494	0.051259	0.038745	0.063314	0.063209	0.035399	0.03446	0.028935	0.036948	0.041464	0.044729	0.044836	0.052689
0.046072	0.052625	0.051338	0.061502	0.06915	0.039287	0.073779	0.082582	0.040953	0.038222	0.027502	0.035287	0.031033	0.046359	0.044772	0.049269
0.032485	0.042229	0.05211	0.075581	0.061464	0.033013	0.070519	0.087156	0.037988	0.031712	0.03348	0.031987	0.03186	0.03592	0.04041	0.048099
0.040359	0.054988	0.059649	0.068279	0.053668	0.033772	0.080226	0.067445	0.036066	0.03652	0.040376	0.032188	0.028082	0.04633	0.041177	0.043651
0.040702	0.054889	0.068602	0.074951	0.064377	0.040704	0.089799	0.074104	0.039281	0.042358	0.036931	0.031813	0.034563	0.04423	0.04112	0.048696
0.053883	0.048697	0.068928	0.073657	0.070695	0.040935	0.085277	0.081207	0.036642	0.047187	0.032697	0.027911	0.043009	0.041756	0.040079	0.053912
0.05545	0.056834	0.071776	0.065547	0.058854	0.044258	0.080299	0.074227	0.029273	0.048107	0.043842	0.023048	0.053716	0.041683	0.036821	0.055079
0.06145	0.047134	0.077773	0.071031	0.062873	0.039577	0.077141	0.084881	0.030445	0.059391	0.03454	0.0311	0.056735	0.04916	0.039261	0.045824
0.068704	0.047802	0.075854	0.070332	0.061264	0.042462	0.08081	0.056351	0.023267	0.042766	0.029816	0.035063	0.037568	0.052656	0.040889	0.046933
0.067767	0.051918	0.072701	0.066743	0.050763	0.044835	0.062611	0.066515	0.021579	0.039715	0.037796	0.038735	0.035749	0.057993	0.041112	0.051336
0.053518	0.048245	0.060513	0.062578	0.058097	0.040932	0.06429	0.062864	0.03129	0.037424	0.038163	0.031825	0.037456	0.061383	0.042525	0.051905
0.043488	0.068132	0.058258	0.067659	0.055549	0.045319	0.070493	0.059264	0.030214	0.035505	0.035762	0.025602	0.033413	0.046957	0.044169	0.055355
0.045811	0.067794	0.058534	0.076353	0.054044	0.051302	0.078301	0.056714	0.028661	0.031061	0.034926	0.027037	0.03571	0.047929	0.053879	0.049103
0.065332	0.04053	0.058836	0.070794	0.071385	0.056672	0.076764	0.052087	0.036993	0.029812	0.024041	0.027652	0.035858	0.049005	0.059252	0.048785
0.051399	0.050729	0.060175	0.066241	0.076134	0.054969	0.057863	0.059503	0.036685	0.034161	0.027203	0.028835	0.037452	0.044368	0.056252	0.049208
0.049837	0.059217	0.064304	0.063312	0.071638	0.045979	0.057196	0.050574	0.033262	0.035484	0.030891	0.033124	0.042625	0.047198	0.054598	0.0506
0.05813	0.056031	0.067026	0.064942	0.074312	0.050816	0.059253	0.068473	0.042608	0.039869	0.025925	0.024315	0.030304	0.043553	0.055851	0.060268
0.059224	0.057939	0.064784	0.068102	0.058644	0.054047	0.067401	0.064799	0.030773	0.035927	0.034281	0.027524	0.030427	0.047284	0.056947	0.069915
0.062569	0.058773	0.061607	0.067003	0.058767	0.061597	0.056701	0.083586	0.043716	0.0327	0.03841	0.030301	0.032292	0.044969	0.052792	0.065565
0.064458	0.049907	0.055161	0.06396	0.059446	0.060552	0.051353	0.090661	0.037746	0.032073	0.029293	0.030227	0.034715	0.04213	0.058505	0.066436
0.059348	0.04724	0.054587	0.065092	0.05524	0.05056	0.053919	0.0729	0.039387	0.029487	0.02785	0.030841	0.029444	0.049859	0.053484	0.071343
0.071706	0.048597	0.050079	0.067323	0.057128	0.048012	0.050607	0.070403	0.030377	0.032291	0.04074	0.036277	0.027445	0.044621	0.048147	0.084054
0.049385	0.054047	0.050861	0.064648	0.057631	0.046697	0.05941	0.082856	0.027135	0.033413	0.039653	0.042927	0.028387	0.037189	0.045655	0.061834
0.057345	0.06195	0.058093	0.056285	0.061176	0.051011	0.068205	0.085725	0.033714	0.035079	0.048507	0.042615	0.036723	0.040491	0.047156	0.062338
0.044181	0.044086	0.054895	0.052002	0.048729	0.043579	0.083641	0.08634	0.036456	0.035	0.048557	0.041823	0.029898	0.049203	0.044292	0.064154
0.042365	0.034455	0.046778	0.052594	0.048152	0.047483	0.069784	0.087503	0.039538	0.040587	0.053585	0.042647	0.033215	0.049454	0.045202	0.06252
0.042599	0.043704	0.043349	0.053485	0.045492	0.047301	0.06887	0.081797	0.031456	0.042763	0.050309	0.037116	0.028815	0.046723	0.046424	0.05622
0.055321	0.048728	0.052192	0.054591	0.049703	0.04421	0.072128	0.082817	0.035232	0.048451	0.038655	0.038879	0.033948	0.044496	0.044538	0.069518
0.064555	0.037667	0.045677	0.049341	0.048937	0.050797	0.078349	0.077222	0.027623	0.042846	0.032855	0.040409	0.034274	0.054469	0.046855	0.062865
0.069613	0.047788	0.047806	0.046353	0.047652	0.049115	0.067884	0.053009	0.032922	0.040102	0.029363	0.035681	0.036953	0.061236	0.046104	0.068466
0.059428	0.042621	0.046651	0.045917	0.039176	0.045915	0.064485	0.047736	0.028472	0.038105	0.025166	0.035818	0.036393	0.048082	0.04511	0.081906
0.041927	0.031688	0.04151	0.050513	0.048301	0.051882	0.05558	0.062487	0.035434	0.037761	0.023785	0.03715	0.040703	0.057941	0.043954	0.071825
0.050879	0.03295	0.043669	0.048437	0.048695	0.047852	0.065695	0.06313	0.030964	0.031041	0.030373	0.031165	0.034073	0.058352	0.041043	0.064606
0.044151	0.034942	0.043082	0.043905	0.046612	0.046925	0.053644	0.062829	0.031956	0.02983	0.037871	0.028605	0.047909	0.063702	0.041932	0.064243
0.047714	0.034209	0.047183	0.03728	0.052859	0.05389	0.053791	0.069382	0.034521	0.026728	0.0341	0.02998	0.04634	0.052851	0.044331	0.060048
0.055075	0.029029	0.044444	0.03865	0.066943	0.040846	0.063672	0.056076	0.025265	0.026355	0.030267	0.034525	0.058817	0.045283	0.047567	0.067246
0.050012	0.031376	0.041662	0.044745	0.064125	0.053937	0.044256	0.055334	0.024472	0.042366	0.031695	0.022761	0.050046	0.044902	0.060096	0.085336
0.041479	0.035266	0.038359	0.045608	0.066392	0.059891	0.049228	0.063242	0.033368	0.042353	0.035202	0.021456	0.047528	0.050744	0.055999	0.089551
0.038222	0.054065	0.046209	0.03914	0.044208	0.062277	0.054729	0.057682	0.033658	0.037082	0.032179	0.026514	0.046877	0.049827	0.051257	0.071112
0.040587	0.058222	0.057202	0.044471	0.04279	0.057067	0.04989	0.074713	0.033266	0.03524	0.034048	0.027297	0.049644	0.040414	0.045034	0.076165
0.030353	0.051154	0.06938	0.047007	0.043724	0.056984	0.050479	0.062598	0.045466	0.033938	0.036516	0.026109	0.054355	0.046662	0.050207	0.076662
0.030535	0.057431	0.062225	0.056541	0.044138	0.060695	0.061462	0.061569	0.034821	0.032821	0.030817	0.027073	0.049236	0.049118	0.050263	0.076563
0.040536	0.047249	0.062431	0.064282	0.046466	0.061376	0.04791	0.076785	0.037409	0.034929	0.030297	0.028126	0.043908	0.058962	0.046232	0.075694
0.047903	0.051165	0.071696	0.066466	0.057476	0.047829	0.043777	0.078045	0.034728	0.043053	0.03696	0.026008	0.040325	0.060333	0.046519	0.074292
0.05459	0.060279	0.067971	0.058595	0.054196	0.034638	0.04545	0.062825	0.037402	0.036963	0.034917	0.025198	0.039613	0.046815	0.045261	0.063923
0.041615	0.049137	0.062716	0.04672	0.053814	0.046791	0.046274	0.082094	0.035813	0.03527	0.031246	0.027893	0.031516	0.048338	0.045982	0.060812
0.02938	0.049056	0.062665	0.042502	0.058491	0.059034	0.053529	0.067351	0.032204	0.028816	0.040466	0.025428	0.036088	0.045104	0.042683	0.055141
0.027857	0.042367	0.070697	0.04543	0.0545	0.06138	0.068738	0.073726	0.034651	0.032315	0.048927	0.023759	0.028917	0.04374	0.042446	0.062481
0.027665	0.04095	0.07452	0.051897	0.052578	0.053972	0.073268	0.073875	0.027035	0.028773	0.040404	0.03504	0.034889	0.044269	0.042445	0.061714
0.029189	0.041724	0.070579	0.051508	0.046573	0.046748	0.071666	0.085827	0.021943	0.028107	0.037219	0.034369	0.039289	0.049107	0.041979	0.056037
0.029122	0.040397	0.076717	0.048386	0.048559	0.047889	0.074808	0.063356	0.022765	0.040528	0.038577	0.024564	0.030173	0.046054	0.040619	0.052312
0.030856	0.029201	0.062749	0.046714	0.041391	0.042861	0.074867	0.071821	0.025032	0.049143	0.041009	0.02311	0.03166	0.039203	0.044213	0.052196
0.030046	0.03582	0.070484	0.046492	0.048755	0.043731	0.067761	0.068027	0.025655	0.0459	0.041884	0.026589	0.032654	0.044268	0.045523	0.053819
0.043563	0.033101	0.07631	0.040058	0.049744	0.041864	0.058211	0.058242	0.028191	0.050361	0.038037	0.033934	0.040292	0.049601	0.040363	0.053616
0.046205	0.027591	0.09062	0.05334	0.046319	0.040386	0.061456	0.059751	0.026422	0.037705	0.041717	0.046442	0.035846	0.056819	0.042324	0.047994
0.032559	0.027548	0.075055	0.045451	0.034793	0.037987	0.058397	0.066464	0.036251	0.041438	0.032097	0.044134	0.038855	0.039636	0.045907	0.053644
0.030362	0.023495	0.067084	0.051629	0.04313	0.04033	0.061492	0.078932	0.035945	0.035853	0.034866	0.044524	0.038861	0.051965	0.054429	0.051603
0.03665	0.022657	0.068213	0.062813	0.049246	0.043123	0.059174	0.074244	0.038208	0.033907	0.04302	0.035683	0.035664	0.044185	0.048433	0.04902
0.044097	0.024002	0.07127	0.057719	0.049837	0.039458	0.036131	0.075554	0.03508	0.031069	0.030942	0.032159	0.035845	0.045407	0.056721	0.050916
0.042159	0.029875	0.066678	0.056954	0.042864	0.035238	0.039134	0.063617	0.033546	0.02478	0.032792	0.030522	0.03996	0.05773	0.054422	0.051259
0.039087	0.028919	0.070846	0.050507	0.044288	0.033756	0.037496	0.077389	0.043864	0.031484	0.035787	0.036318	0.029387	0.06887	0.046217	0.051482
0.041173	0.032655	0.064579	0.047193	0.040705	0.031446	0.035894	0.076164	0.030887	0.040604	0.035469	0.031063	0.043408	0.068507	0.052359	0.053888
