HLF+/+ ND				HLF+/- ND				HLF+/+ HFD				HLF+/- HFD			
0.794314	0.777197	1.033268	0.73489	0.739734	0.939132	0.894372	1.028902	0.811105	0.903992	0.805025	0.838532	0.751593224	0.751975	0.795987	0.815718
0.7526	0.755714	0.977638	0.7735	0.701818	0.929382	0.868083	1.059361	0.792984	0.882426	0.826185	0.796795	0.768818348	0.735032	0.777301	0.816449
0.760929	0.753457	0.995214	0.770417	0.71304	0.929454	0.872983	1.064782	0.782443	0.819471	0.826783	0.769402	0.785351385	0.760494	0.791952	0.810933
0.758388	0.758711	0.978996	0.771741	0.727418	0.898537	0.874023	1.061597	0.800859	0.827717	0.84455	0.790376	0.780095564	0.768618	0.78198	0.81233
0.735617	0.733984	0.909414	0.780139	0.748754	0.890811	0.82251	1.04895	0.800175	0.841915	0.83352	0.786776	0.791073669	0.776057	0.801725	0.796054
0.785995	0.769819	0.85321	0.771614	0.755741	0.87544	0.826153	0.95754	0.777669	0.811657	0.835914	0.759999	0.77241688	0.788798	0.793115	0.779197
0.782964	0.783875	0.828485	0.754768	0.722119	0.838174	0.830999	0.875141	0.753809	0.808394	0.842112	0.764205	0.769241352	0.820901	0.792499	0.772
0.816119	0.832518	0.844405	0.737639	0.700752	0.804726	0.796538	0.857464	0.750128	0.80064	0.822795	0.780967	0.761080229	0.789131	0.783967	0.774033
0.821015	0.880523	0.821706	0.747621	0.724178	0.78366	0.760639	0.829446	0.755194	0.781528	0.802626	0.817735	0.779126681	0.814791	0.786137	0.766693
0.84792	0.899237	0.834324	0.755633	0.78237	0.791543	0.801613	0.798555	0.741114	0.788117	0.820041	0.782413	0.796253886	0.815669	0.798832	0.756529
0.827058	0.869643	0.834514	0.728769	0.794751	0.801803	0.762721	0.797954	0.750511	0.784915	0.826909	0.835687	0.778074942	0.811948	0.79972	0.744752
0.852649	0.891362	0.878257	0.737817	0.770238	0.778292	0.758566	0.83972	0.734165	0.793048	0.81538	0.754491	0.78170511	0.794484	0.785295	0.749308
0.780796	0.926163	0.889101	0.746585	0.742894	0.781821	0.770069	0.846735	0.75123	0.781919	0.816164	0.767196	0.765647747	0.822623	0.792283	0.745236
0.781237	0.946758	0.905695	0.743539	0.770998	0.76607	0.765447	0.831955	0.764543	0.768761	0.808761	0.758617	0.763881842	0.826523	0.791028	0.760165
0.708318	0.893944	0.951416	0.740642	0.770438	0.77417	0.760526	0.857548	0.765174	0.779144	0.805174	0.754873	0.781880406	0.826995	0.774149	0.752378
0.700348	0.904605	0.932687	0.769548	0.792352	0.751922	0.749653	0.825096	0.743529	0.759228	0.811056	0.746492	0.771262581	0.811744	0.770754	0.75597
0.680542	0.926066	0.911223	0.785811	0.807938	0.776621	0.759956	0.85812	0.72978	0.758537	0.792842	0.73908	0.820939081	0.807838	0.763657	0.748919
0.709268	0.89406	0.804797	0.757821	0.765983	0.762488	0.731076	0.869536	0.779366	0.782664	0.832888	0.760308	0.834376135	0.81322	0.774597	0.747576
0.678476	0.862593	0.813929	0.744289	0.75618	0.754655	0.719914	0.888514	0.783558	0.792725	0.828376	0.766085	0.829725897	0.824529	0.779758	0.754843
0.744982	0.855597	0.835284	0.775843	0.756025	0.785145	0.778193	0.870458	0.778551	0.780595	0.802684	0.754268	0.811382696	0.767426	0.775437	0.764262
0.736477	0.834425	0.848953	0.778031	0.78003	0.765607	0.76042	0.944117	0.773465	0.775037	0.821742	0.764249	0.823023217	0.765208	0.77153	0.744858
0.72526	0.883128	0.86873	0.737915	0.853281	0.801552	0.754442	0.944806	0.757193	0.756744	0.795141	0.741826	0.782297648	0.741184	0.747268	0.74483
0.755719	0.89576	0.849548	0.762071	0.878952	0.8856	0.793167	0.903992	0.795466	0.792843	0.818977	0.786778	0.781328711	0.781659	0.762399	0.744329
0.739701	0.867293	0.86045	0.727584	0.846382	0.897747	0.782491	0.862547	0.799723	0.813582	0.817781	0.781953	0.778063352	0.809445	0.747345	0.785999
0.698864	0.821234	0.843825	0.725127	0.771979	0.88784	0.776776	0.861698	0.801316	0.801293	0.816572	0.759432	0.771755644	0.768616	0.736841	0.771716
0.730032	0.861755	0.84711	0.740344	0.756954	0.898625	0.787159	0.888573	0.81017	0.789015	0.839247	0.76893	0.752510372	0.764016	0.743375	0.761705
0.754271	0.843141	0.806591	0.745661	0.756007	0.848305	0.757627	0.909245	0.799669	0.775187	0.825634	0.724583	0.730288139	0.759983	0.738694	0.774384
0.78692	0.833913	0.793782	0.730628	0.711839	0.868511	0.806055	0.899456	0.796628	0.784156	0.81031	0.745754	0.762249465	0.790034	0.768787	0.770961
0.726708	0.838231	0.797521	0.72664	0.739847	0.84354	0.740776	0.84785	0.766722	0.767243	0.800427	0.740927	0.785844883	0.762647	0.780637	0.766314
0.749726	0.856612	0.787351	0.730727	0.752554	0.884719	0.747824	0.849411	0.782099	0.746958	0.826783	0.727205	0.807651932	0.761281	0.768608	0.752988
0.752019	0.880164	0.821726	0.744491	0.787711	0.864321	0.760157	0.834996	0.780676	0.763047	0.821106	0.77381	0.784995798	0.762082	0.726212	0.759422
0.771004	0.893549	0.803712	0.741566	0.748868	0.833782	0.754538	0.826336	0.758466	0.772622	0.819713	0.79825	0.776670409	0.748552	0.745779	0.772409
0.838416	0.881496	0.794122	0.744289	0.812191	0.841523	0.772769	0.826793	0.760234	0.768658	0.845542	0.818632	0.843713598	0.755707	0.76658	0.763809
0.882938	0.816517	0.763199	0.72833	0.702872	0.808412	0.754598	0.822769	0.737367	0.757987	0.815393	0.795243	0.776418134	0.770437	0.747579	0.786597
0.866506	0.794156	0.806068	0.778909	0.762271	0.799495	0.779409	0.830852	0.751045	0.783409	0.805726	0.736207	0.784882277	0.74707	0.756398	0.702322
0.841937	0.788201	0.817839	0.762073	0.768017	0.786025	0.768468	0.832041	0.728473	0.778871	0.80637	0.760456	0.795417118	0.746573	0.758263	0.78211
0.857747	0.758709	0.779687	0.756872	0.737984	0.823942	0.756102	0.846845	0.720786	0.763354	0.832317	0.734766	0.782683007	0.752113	0.76205	0.786341
0.877752	0.758241	0.833021	0.76383	0.782829	0.805811	0.786879	0.842507	0.740257	0.797939	0.833364	0.749227	0.785559285	0.742122	0.702192	0.828523
0.845252	0.775921	0.830625	0.767702	0.834804	0.893825	0.814973	0.842668	0.750663	0.79079	0.846754	0.735439	0.814475834	0.760491	0.744793	0.84502
0.835622	0.785906	0.835964	0.785638	0.791527	0.798189	0.782039	0.807041	0.740804	0.797951	0.843208	0.747991	0.792254469	0.758949	0.753763	0.857853
0.841572	0.779384	0.813003	0.713561	0.818494	0.813455	0.792308	0.80009	0.716783	0.774429	0.830977	0.726758	0.81378944	0.754372	0.767523	0.875903
0.815547	0.758564	0.809668	0.734789	0.77486	0.778541	0.775868	0.863501	0.749014	0.793803	0.813785	0.755728	0.86130271	0.772717	0.765576	0.863444
0.833294	0.753648	0.835141	0.748932	0.790322	0.802	0.781589	0.899915	0.779725	0.795952	0.823021	0.762172	0.861649451	0.74046	0.764294	0.824804
0.826986	0.781184	0.802944	0.732255	0.762488	0.813615	0.781455	0.892537	0.774075	0.775377	0.808045	0.751669	0.804628016	0.77062	0.782475	0.82526
0.798414	0.823362	0.821615	0.733001	0.742263	0.793339	0.782447	0.926372	0.741565	0.765128	0.808119	0.771063	0.779556619	0.768887	0.759995	0.821625
0.748766	0.830302	0.877153	0.769362	0.801006	0.858326	0.785327	0.875593	0.722484	0.777173	0.790244	0.756433	0.812597529	0.774343	0.790312	0.836219
0.770471	0.790854	0.880777	0.742588	0.790448	0.815314	0.771593	0.791983	0.741892	0.779753	0.779846	0.711679	0.808378022	0.776677	0.834686	0.793777
0.847239	0.825314	0.926904	0.766524	0.770338	0.853441	0.85241	0.831035	0.743273	0.764868	0.793854	0.72712	0.782442925	0.782821	0.849024	0.770898
0.841439	0.819823	0.919374	0.758545	0.776071	0.921934	0.842353	0.827935	0.738885	0.784312	0.813014	0.769556	0.768990612	0.822217	0.83211	0.776808
0.855769	0.821968	0.912153	0.726405	0.761577	0.882994	0.793264	0.770434	0.732575	0.820274	0.785427	0.754164	0.764403616	0.854857	0.785743	0.770975
0.82317	0.787929	0.943749	0.754965	0.769474	0.891543	0.745396	0.752095	0.73078	0.776396	0.789064	0.762326	0.762371178	0.8597	0.775399	0.751274
0.84975	0.794984	0.970062	0.767189	0.778508	0.887187	0.764657	0.75735	0.767073	0.775743	0.797661	0.760563	0.777055031	0.856298	0.804104	0.768201
0.807781	0.739126	0.946145	0.72859	0.794685	0.883157	0.778766	0.76225	0.755021	0.760168	0.777101	0.761272	0.751770618	0.832628	0.793813	0.762967
0.847091	0.773947	0.890556	0.739285	0.82611	0.875823	0.776517	0.771321	0.751363	0.748149	0.778643	0.780275	0.794120814	0.825015	0.801092	0.802074
0.813988	0.768089	0.919332	0.735665	0.755583	0.851704	0.772929	0.73517	0.750377	0.74438	0.771849	0.814913	0.791683064	0.826105	0.82351	0.821265
0.820639	0.750869	0.860132	0.767827	0.763383	0.863174	0.781744	0.745943	0.736187	0.736828	0.77404	0.841358	0.772354301	0.840921	0.801318	0.859182
0.822133	0.788836	0.814883	0.748599	0.75436	0.87663	0.75255	0.753357	0.740966	0.763076	0.811608	0.83761	0.794776499	0.840322	0.794309	0.828176
0.792605	0.784118	0.830468	0.734338	0.719729	0.851213	0.747423	0.751253	0.762893	0.768381	0.834238	0.835753	0.834875011	0.869261	0.802885	0.759995
0.7441	0.768384	0.845028	0.765596	0.749796	0.84169	0.796215	0.766632	0.746985	0.759007	0.84558	0.785081	0.862196864	0.831708	0.80154	0.856529
0.741595	0.731331	0.803623	0.729586	0.74132	0.847449	0.776645	0.763281	0.724244	0.74352	0.780092	0.755634	0.850127162	0.820575	0.764328	0.840195
0.729888	0.73782	0.83059	0.748253	0.697029	0.854124	0.7722	0.752606	0.788655	0.770348	0.787174	0.752502	0.857330712	0.808579	0.728752	0.804461
0.704419	0.753851	0.837426	0.75468	0.794141	0.843684	0.785274	0.742269	0.787621	0.782603	0.810832	0.769108	0.850504047	0.814175	0.775757	0.816495
0.726991	0.746851	0.847249	0.744224	0.823507	0.82316	0.771937	0.757876	0.807479	0.788556	0.793492	0.727663	0.819082906	0.800302	0.740269	0.786465
0.74712	0.767876	0.892119	0.743229	0.828065	0.868366	0.758757	0.758258	0.811986	0.781052	0.797316	0.785754	0.793094024	0.768199	0.766426	0.784701
0.782875	0.844172	0.965602	0.768849	0.832365	0.823904	0.754044	0.742936	0.804802	0.816027	0.794852	0.777482	0.766751765	0.796758	0.758162	0.794072
0.793826	0.830825	0.962418	0.757337	0.804647	0.822256	0.711206	0.742808	0.801225	0.820238	0.805105	0.734583	0.774055951	0.809049	0.77745	0.756824
0.801559	0.814793	0.966012	0.735367	0.799282	0.806787	0.748012	0.745624	0.801977	0.844872	0.807294	0.751862	0.761205789	0.843373	0.793579	0.748905
0.85546	0.806577	0.957994	0.726678	0.781634	0.810367	0.756386	0.776757	0.78829	0.857112	0.777206	0.746196	0.752173564	0.816299	0.829367	0.822407
0.892756	0.8676	0.95353	0.798613	0.774095	0.761935	0.758337	0.798573	0.795248	0.851058	0.768001	0.713502	0.740162086	0.836793	0.806296	0.83235
0.891104	0.925757	1.003589	0.758431	0.812097	0.809214	0.747641	0.798777	0.7633	0.862499	0.814473	0.74815	0.769870219	0.874801	0.842686	0.859346
0.866633	0.89434	0.966066	0.766178	0.792111	0.813621	0.758372	0.819828	0.819996	0.87448	0.811673	0.803626	0.780020118	0.834426	0.857335	0.842949
0.868593	0.884412	0.963133	0.767703	0.777451	0.864361	0.769848	0.880643	0.811475	0.861304	0.798649	0.823737	0.838895918	0.825521	0.86043	0.814691
0.914252	0.900904	0.971526	0.77681	0.819732	0.847508	0.75364	0.882909	0.803676	0.833298	0.812318	0.765892	0.788261678	0.782254	0.856891	0.794284
0.873449	0.82577	0.926473	0.762803	0.790796	0.869289	0.765406	0.906226	0.763076	0.805748	0.823403	0.814131	0.744770229	0.7912	0.84775	0.784879
0.903873	0.819636	0.905505	0.799279	0.810256	0.847377	0.788186	0.907253	0.761855	0.771938	0.816351	0.758606	0.762459721	0.801769	0.794663	0.771578
0.823093	0.792594	0.972886	0.85126	0.760343	0.806521	0.78516	0.906753	0.787802	0.77744	0.813487	0.758757	0.773933334	0.791408	0.835602	0.782232
0.835033	0.787279	0.940071	0.878469	0.792182	0.806178	0.775599	0.92674	0.757162	0.804955	0.850774	0.740882	0.803065227	0.800625	0.785879	0.77841
0.825492	0.818802	0.916733	0.850805	0.788253	0.77446	0.785998	0.882989	0.749594	0.806692	0.856459	0.749114	0.794758226	0.819018	0.804656	0.787539
0.790288	0.80595	0.904454	0.845906	0.846771	0.753735	0.7349	0.869539	0.7161	0.80028	0.848116	0.757404	0.77968403	0.760128	0.755092	0.746835
0.803124	0.810181	0.897712	0.858806	0.81517	0.773941	0.767517	0.898789	0.761722	0.850363	0.873782	0.795732	0.767478201	0.760178	0.811852	0.749303
0.802452	0.813337	0.907736	0.842306	0.773866	0.791936	0.759382	0.892716	0.745444	0.822593	0.863675	0.794241	0.765470541	0.737565	0.767306	0.765986
0.764782	0.805232	0.836459	0.84655	0.758729	0.792436	0.766204	0.905425	0.733669	0.793834	0.823595	0.748919	0.755504435	0.777651	0.790628	0.75522
0.776506	0.834937	0.852323	0.815911	0.751832	0.7932	0.766498	0.891313	0.762754	0.77887	0.809123	0.716066	0.750892766	0.758643	0.790314	0.751579
0.775311	0.864901	0.817872	0.791048	0.726671	0.811256	0.75458	0.886896	0.757701	0.799954	0.781217	0.7607	0.749018261	0.791461	0.800263	0.798295
0.755093	0.838445	0.785575	0.792664	0.715431	0.799831	0.744723	0.899179	0.75955	0.812827	0.809401	0.735659	0.753333488	0.771521	0.785226	0.827514
0.789889	0.819715	0.779408	0.831817	0.759819	0.793895	0.778988	0.887486	0.753611	0.82479	0.826564	0.763021	0.767830918	0.772397	0.813249	0.85383
0.764166	0.774374	0.805589	0.787996	0.717237	0.752547	0.757198	0.899271	0.790987	0.83295	0.809121	0.790854	0.774733636	0.776616	0.76525	0.861538
0.816505	0.799003	0.846009	0.804795	0.73775	0.75568	0.734787	0.983649	0.779268	0.817747	0.793236	0.826681	0.766436571	0.761792	0.746498	0.862849
0.814633	0.795064	0.928249	0.817559	0.748784	0.761081	0.738384	0.984465	0.774431	0.833947	0.820339	0.814473	0.763919666	0.744542	0.76159	0.873757
0.81594	0.780961	0.940498	0.787751	0.71742	0.770458	0.713537	0.969151	0.743228	0.814554	0.814568	0.818227	0.746532916	0.756734	0.757305	0.850365
0.883024	0.786956	0.953889	0.807877	0.785866	0.787278	0.753774	0.935664	0.73995	0.828936	0.825543	0.851367	0.828210316	0.781083	0.734825	0.889118
0.853933	0.784765	0.987409	0.876425	0.774586	0.777604	0.770901	0.969695	0.762904	0.814536	0.807486	0.823051	0.835918728	0.82345	0.777572	0.864621
0.871188	0.762984	0.959723	0.804397	0.766798	0.726092	0.714397	1.00384	0.768419	0.773026	0.777246	0.814438	0.855765483	0.800705	0.777109	0.849821
0.807692	0.755419	0.967412	0.787348	0.791286	0.732775	0.743799	1.024838	0.73952	0.785556	0.783485	0.828477	0.876949144	0.779996	0.748837	0.841968
0.824297	0.776517	1.014754	0.782083	0.768552	0.748819	0.76213	1.012103	0.765361	0.79244	0.785839	0.838011	0.873838882	0.791787	0.749709	0.777498
0.821261	0.763527	1.000588	0.816503	0.733907	0.758303	0.78106	1.022179	0.790706	0.783277	0.753382	0.835811	0.86091549	0.779756	0.755007	0.793479
0.79218	0.770065	0.983794	0.833936	0.757559	0.745782	0.767005	1.031635	0.8305	0.821006	0.80058	0.849337	0.854255302	0.807365	0.796398	0.803139
0.794172	0.751521	0.982943	0.834843	0.768295	0.790646	0.764622	1.037581	0.814794	0.789568	0.795849	0.803698	0.848111334	0.800418	0.79526	0.792615
0.782639	0.746423	0.996095	0.839746	0.759765	0.738123	0.745211	1.042287	0.834648	0.791583	0.818667	0.753661	0.816054833	0.798419	0.791695	0.786564
0.768332	0.757446	0.985479	0.877059	0.767411	0.723502	0.759889	0.990064	0.869624	0.796009	0.876481	0.759814	0.816428149	0.852432	0.818327	0.843076
0.76133	0.754089	1.027471	0.901476	0.747861	0.793905	0.738176	1.045402	0.876494	0.800269	0.851105	0.763339	0.825134745	0.894501	0.837684	0.841451
0.769139	0.774899	1.02755	0.93048	0.756677	0.803352	0.754658	1.052096	0.828851	0.7858	0.873125	0.738971	0.836565284	0.898294	0.844416	0.807807
0.762472	0.785	1.026372	0.878114	0.732392	0.791306	0.757046	1.026056	0.82315	0.822608	0.877714	0.71939	0.777981984	0.876897	0.854527	0.83967
0.793369	0.791685	0.973857	0.879575	0.722866	0.739235	0.740063	1.010115	0.783281	0.813359	0.840864	0.75092	0.76237986	0.849343	0.829123	0.82965
0.839812	0.847184	0.928786	0.872619	0.771807	0.76796	0.761662	1.056355	0.770771	0.779742	0.861543	0.758807	0.762654408	0.880523	0.842509	0.805791
0.818005	0.808696	0.92358	0.854238	0.742283	0.749966	0.750754	1.013498	0.761065	0.786057	0.872626	0.803551	0.777424155	0.8857	0.856707	0.802511
0.808541	0.780416	0.881549	0.82504	0.722203	0.717351	0.743953	1.024968	0.793608	0.780264	0.854193	0.825554	0.748543051	0.908098	0.846758	0.790742
0.832962	0.762545	0.882753	0.857028	0.71102	0.718229	0.750953	1.031951	0.830447	0.795685	0.815639	0.790719	0.753884949	0.813711	0.820941	0.79009
0.838107	0.770674	0.923836	0.932024	0.733842	0.73075	0.749525	1.011998	0.808497	0.797096	0.824188	0.75382	0.769742558	0.864739	0.821943	0.802387
0.875877	0.761441	0.87572	0.871428	0.724555	0.725145	0.778254	1.021875	0.745822	0.757946	0.776983	0.734564	0.765985308	0.865113	0.784637	0.787279
0.904279	0.751152	0.873788	0.868874	0.733913	0.74563	0.795059	1.000377	0.756988	0.773994	0.765199	0.778481	0.799961874	0.854419	0.781082	0.809214
0.866893	0.754961	0.867583	0.871712	0.729998	0.765135	0.785565	0.985695	0.699719	0.749922	0.743275	0.824582	0.816413855	0.877441	0.788324	0.814693
0.878723	0.742032	0.877001	0.891256	0.740398	0.737753	0.842697	0.976738	0.743954	0.800411	0.740793	0.778465	0.817142898	0.873019	0.758857	0.82373
0.842207	0.793721	0.903485	0.936065	0.752986	0.750296	0.878238	0.96304	0.744031	0.819903	0.783101	0.804907	0.827187103	0.860205	0.765214	0.841502
0.839076	0.860906	0.910057	0.901044	0.788261	0.702394	0.872458	0.921328	0.753389	0.851661	0.786981	0.818893	0.827056894	0.858561	0.770637	0.826804
0.887992	0.923337	0.980279	0.940175	0.847653	0.754384	0.88949	0.921713	0.790942	0.8629	0.759464	0.821007	0.823423942	0.862761	0.781452	0.80635
0.863581	0.924562	1.000076	0.935693	0.787697	0.748748	0.843393	0.935684	0.76371	0.888492	0.781272	0.82141	0.900431005	0.844073	0.809736	0.835601
0.775375	0.884738	0.98294	0.91258	0.855773	0.741962	0.895441	0.919873	0.786184	0.876258	0.770697	0.772178	0.884709736	0.869199	0.801292	0.835603
0.759967	0.857775	0.986556	0.91077	0.875543	0.777533	0.911373	0.926289	0.790938	0.873354	0.802904	0.768535	0.871005434	0.831861	0.775076	0.818694
0.735891	0.787637	0.975919	0.879169	0.777432	0.794581	0.901522	0.924845	0.826347	0.882633	0.834809	0.760327	0.864992315	0.839272	0.761591	0.814945
0.736115	0.781732	1.029972	0.891439	0.764113	0.806489	0.910739	0.912466	0.767742	0.877151	0.805599	0.733207	0.815897598	0.782364	0.774079	0.806749
0.777035	0.794083	1.022011	0.922257	0.817673	0.791619	0.957501	0.947256	0.823133	0.892094	0.804632	0.726113	0.804442887	0.81371	0.795189	0.797893
0.772699	0.777564	0.999924	0.920155	0.778654	0.858421	0.953523	1.013158	0.838663	0.871719	0.856149	0.747961	0.80301521	0.850122	0.799577	0.817164
0.787861	0.784893	1.009216	0.932688	0.781438	0.890252	0.895603	1.018802	0.853599	0.858436	0.826698	0.74245	0.845284236	0.885597	0.82849	0.815119
0.813619	0.782696	1.000618	0.936767	0.774475	0.908533	0.864585	1.056348	0.800828	0.81696	0.796272	0.736013	0.813688878	0.84436	0.821453	0.816412
0.821431	0.77266	0.952215	0.891317	0.765547	0.886926	0.821803	1.064522	0.761358	0.772707	0.769804	0.742377	0.781909813	0.855519	0.847051	0.791732
0.866334	0.790322	0.963151	0.897394	0.780215	0.894678	0.815313	0.973797	0.747517	0.775033	0.750309	0.721195	0.765568852	0.83086	0.855096	0.768489
0.943109	0.821609	0.989526	0.882788	0.760052	0.850532	0.839163	0.97054	0.761848	0.783491	0.743869	0.734527	0.744556007	0.794949	0.793243	0.751718
0.960646	0.79858	0.988527	0.861657	0.760237	0.824647	0.79454	1.008545	0.797041	0.791578	0.770145	0.726117	0.758294657	0.816275	0.81993	0.754791
0.994763	0.796793	0.97208	0.854272	0.750565	0.860612	0.792494	1.018099	0.768243	0.833344	0.802965	0.772106	0.724297792	0.801458	0.8191	0.747427
0.969689	0.862212	0.957048	0.858797	0.748707	0.838418	0.835107	1.016763	0.7426	0.853974	0.800896	0.773077	0.751468773	0.813264	0.827266	0.770805
0.976117	0.863324	0.96566	0.858865	0.819206	0.865357	0.820098	1.029116	0.752686	0.805488	0.77082	0.757775	0.751461949	0.834921	0.787101	0.776743
0.98124	0.859728	0.967599	0.834228	0.771122	0.838705	0.780724	1.00932	0.723414	0.770718	0.73971	0.778392	0.785248855	0.895447	0.813868	0.805458
0.977072	0.918339	0.937157	0.823705	0.719938	0.83236	0.778125	0.988923	0.742863	0.800276	0.754242	0.775905	0.802635872	0.914376	0.808053	0.823815
0.991304	0.953127	0.921501	0.823852	0.748692	0.825037	0.797733	0.97482	0.740985	0.809223	0.772989	0.73235	0.799666446	0.92167	0.794725	0.851772
0.986843	0.934001	0.884954	0.851054	0.748697	0.804415	0.788099	0.936205	0.76014	0.830733	0.802837	0.731984	0.832632075	0.928507	0.787991	0.863929
0.928508	0.908007	0.843399	0.802071	0.725689	0.807798	0.799702	0.939909	0.765854	0.834773	0.772148	0.719354	0.823984459	0.860589	0.780504	0.84451
0.883256	0.867974	0.872223	0.815247	0.686572	0.808957	0.802484	0.945009	0.703629	0.824423	0.801481	0.766588	0.802986872	0.818973	0.777834	0.853391
0.914098	0.87408	0.891049	0.815484	0.728862	0.771252	0.769554	0.969592	0.695774	0.7965	0.800277	0.735719	0.80290282	0.836205	0.764977	0.845014
0.847473	0.831192	0.833647	0.780355	0.724546	0.803803	0.806676	1.01706	0.682529	0.772306	0.804259	0.735394	0.82413138	0.8474	0.756939	0.844961
0.841829	0.821955	0.869203	0.813021	0.718494	0.785152	0.823865	1.071767	0.720463	0.792675	0.780985	0.74436	0.824916253	0.802591	0.757269	0.844097
0.800364	0.857484	0.969659	0.813653	0.72608	0.923744	0.810988	1.050911	0.732037	0.787307	0.771991	0.761443	0.822463151	0.7879	0.750411	0.864901
0.792301	0.878402	1.001524	0.897402	0.747054	0.883123	0.820118	1.054445	0.769339	0.77666	0.769233	0.736434	0.875463059	0.809473	0.777113	0.855989
0.789806	0.84073	1.01004	0.870078	0.762116	0.934126	0.787829	0.988349	0.751211	0.773125	0.768239	0.728397	0.838592551	0.818135	0.787007	0.860767
0.797465	0.825502	1.01392	0.938871	0.809359	0.952294	0.832976	1.01356	0.702032	0.767363	0.74216	0.787689	0.843777793	0.784653	0.760836	0.837496
0.793697	0.866715	1.052428	0.885656	0.849484	0.952605	0.846713	1.034207	0.780382	0.81146	0.761482	0.774566	0.840512795	0.796224	0.763697	0.801109
0.840538	0.875847	1.054527	0.8541	0.853916	0.894436	0.855569	0.995035	0.828665	0.80209	0.744467	0.765257	0.837575767	0.788055	0.790161	0.804236
0.861709	0.882923	1.02671	0.8085	0.864083	0.858824	0.925832	0.988816	0.821482	0.80681	0.784138	0.766742	0.811138689	0.790756	0.808951	0.790878
0.836649	0.865303	1.049304	0.823019	0.825228	0.9346	0.954289	0.977127	0.826357	0.82583	0.835749	0.770459	0.82454107	0.793676	0.785225	0.811382
0.842438	0.856029	1.056328	0.821473	0.760308	0.979249	0.950521	0.945056	0.812254	0.853857	0.841314	0.803614	0.798150928	0.753435	0.808333	0.79884
0.868674	0.955087	1.114724	0.89167	0.798779	0.957489	1.003191	0.972383	0.85063	0.858123	0.843069	0.836565	0.781882626	0.766246	0.822944	0.80001
0.9201	0.95966	1.083337	0.838547	0.778125	0.919567	0.930947	0.932372	0.802385	0.846738	0.847866	0.804564	0.832750808	0.816775	0.822392	0.803405
0.96318	0.964262	1.059274	0.831936	0.720545	0.919293	0.904596	0.905616	0.842385	0.80812	0.816742	0.805251	0.825198517	0.853933	0.82238	0.806621
0.961393	1.015414	1.052856	0.80156	0.720147	0.880798	0.903496	0.893192	0.835866	0.78237	0.837835	0.787295	0.818565568	0.849821	0.8306	0.800606
0.974839	1.013986	1.08589	0.841545	0.758034	0.880683	1.00997	0.876865	0.810455	0.811895	0.820271	0.779906	0.789911529	0.869991	0.846025	0.826221
0.934723	1.018301	1.049688	0.782426	0.79865	0.860881	1.006982	0.853913	0.795779	0.800758	0.798881	0.782268	0.774594787	0.884813	0.855418	0.842083
0.910733	1.018996	0.987968	0.778196	0.863938	0.876033	0.996526	0.892341	0.786502	0.850602	0.82246	0.769902	0.77792657	0.869797	0.862989	0.816679
0.896813	0.99612	0.941491	0.732914	0.877268	0.839778	1.032828	0.974566	0.827435	0.842461	0.807801	0.748174	0.814075419	0.891571	0.877138	0.795782
0.917299	0.989619	0.938204	0.733415	0.870355	0.865208	1.04682	1.038656	0.855582	0.822088	0.860894	0.806992	0.813601411	0.899021	0.846418	0.843404
0.896813	1.002683	0.913233	0.77476	0.937005	0.945301	1.027468	1.064253	0.850799	0.820433	0.880615	0.833588	0.838682392	0.902609	0.8479	0.822178
0.858971	1.006089	0.935002	0.77108	0.970414	0.985383	1.047619	1.05013	0.784183	0.805831	0.876985	0.821018	0.821500262	0.919031	0.853486	0.783468
0.927569	0.968946	0.89118	0.739002	0.890714	0.948514	1.03047	1.072476	0.803306	0.817444	0.874029	0.819713	0.82680105	0.897046	0.830453	0.801061
0.939771	0.973148	0.906565	0.775079	0.952017	1.00352	1.003163	1.093462	0.805881	0.837144	0.853168	0.825933	0.809098334	0.914007	0.81879	0.820455
0.926055	1.015731	0.910651	0.800985	0.953662	0.990669	1.015859	1.086556	0.807816	0.843034	0.844851	0.804559	0.828702729	0.857728	0.794388	0.813397
0.933775	1.029555	0.930156	0.79359	0.907678	0.9855	1.002716	1.047988	0.823005	0.874135	0.854996	0.814829	0.864546417	0.883156	0.807115	0.841988
0.927692	1.017693	1.018554	0.808858	0.852696	0.951617	1.059391	1.082895	0.814647	0.866359	0.851666	0.806606	0.871099424	0.887222	0.807976	0.838032
0.927761	1.009676	1.057658	0.797545	0.838499	0.895295	1.067939	1.099128	0.79695	0.867997	0.840775	0.852766	0.855633691	0.870936	0.787847	0.867767
0.905132	1.014348	1.047594	0.827848	0.876837	0.864536	1.032817	1.118198	0.792397	0.837495	0.816734	0.822319	0.864844654	0.856941	0.778913	0.856979
0.852447	1.015425	1.072939	0.813199	0.930028	0.912575	1.058513	1.12719	0.820463	0.866869	0.798674	0.824935	0.872025264	0.854449	0.782015	0.829864
0.894029	1.0379	1.069724	0.801247	0.909072	0.941777	1.043535	1.095335	0.777063	0.854162	0.844501	0.809317	0.890781745	0.897969	0.836182	0.84416
0.952206	1.013874	1.101692	0.794143	0.940613	0.947127	1.093125	1.096525	0.809586	0.878079	0.828953	0.782731	0.867512742	0.893941	0.839505	0.847507
0.980983	1.076524	1.053149	0.774875	0.922347	0.884829	1.085605	1.116772	0.80399	0.865565	0.856661	0.8022	0.89259982	0.870425	0.834955	0.836517
0.884277	1.086954	1.072427	0.778157	0.861918	0.924099	1.064635	1.110486	0.787278	0.842111	0.87002	0.83051	0.863841139	0.850494	0.830813	0.836937
0.892342	1.056155	1.072837	0.844008	0.902569	0.996204	1.060479	1.13415	0.811812	0.844017	0.857157	0.796491	0.836923377	0.842173	0.822048	0.812464
0.868612	1.039989	1.083035	0.845196	0.88716	1.006374	1.073114	1.108475	0.829999	0.85659	0.844544	0.802265	0.836278705	0.834781	0.836276	0.80824
0.854586	1.01266	1.085879	0.828323	0.903895	0.993513	1.043211	1.076341	0.818156	0.856743	0.869563	0.827297	0.821044303	0.837691	0.85087	0.804255
0.823311	1.003105	1.07253	0.918688	0.913219	1.008008	1.038975	1.092243	0.85839	0.874327	0.86047	0.867695	0.831936342	0.849542	0.845281	0.790005
0.875232	1.010568	1.073909	0.918303	0.92318	1.003162	1.054997	1.105882	0.850791	0.885879	0.849614	0.864782	0.851496483	0.858695	0.884317	0.820818
0.900012	1.027232	1.081214	0.892417	0.923337	0.954818	1.036307	1.089678	0.850732	0.879964	0.806832	0.870673	0.83808496	0.850235	0.859312	0.811991
0.93493	1.029555	1.057283	0.960137	0.986084	0.963864	1.054075	1.066416	0.863239	0.863967	0.852436	0.855948	0.845803356	0.833625	0.850348	0.78467
0.916972	1.00877	1.046578	0.919155	1.008547	0.95329	1.058534	1.058202	0.847407	0.850694	0.83712	0.830799	0.871864363	0.853973	0.816692	0.792536
1.008596	1.012119	1.047451	0.931332	0.96595	1.004134	1.104272	1.046378	0.860398	0.875762	0.837865	0.817274	0.86099832	0.854209	0.822466	0.802973
1.001476	0.981495	1.049193	0.890248	0.955686	0.983653	1.086082	1.102227	0.842585	0.882064	0.864525	0.806511	0.886549729	0.845394	0.828049	0.822184
1.032381	1.030817	1.055988	0.906964	0.971589	1.024894	1.089737	1.063657	0.838674	0.864256	0.847372	0.808316	0.903053629	0.838889	0.823441	0.846124
1.034378	0.987716	0.998162	0.897153	0.938917	0.984608	1.077674	1.061835	0.804684	0.88616	0.834551	0.767328	0.872304088	0.878861	0.854437	0.864409
1.013887	0.989929	1.000053	0.871324	0.90896	0.978244	1.082966	1.026033	0.821658	0.832748	0.801458	0.747054	0.874116355	0.878446	0.846961	0.862296
0.995958	0.979623	0.936854	0.838727	0.881844	0.989187	1.067426	1.01887	0.813521	0.853019	0.844224	0.752857	0.918084364	0.901506	0.860871	0.861773
1.005647	0.998498	0.917053	0.8593	0.948274	0.98092	1.075287	1.039646	0.8206	0.842721	0.856622	0.775281	0.914359789	0.908624	0.890921	0.890323
1.002101	1.013147	0.972874	0.833632	0.963292	0.995606	1.077909	1.027243	0.824223	0.861876	0.88589	0.759296	0.875520961	0.895736	0.885756	0.882459
1.043916	1.042932	1.057183	0.835673	0.959552	1.028583	1.09933	1.043557	0.79668	0.870235	0.882282	0.752492	0.895358904	0.901807	0.893769	0.867203
1.03768	1.038715	0.988207	0.811961	0.91549	1.02288	1.073828	0.998048	0.818761	0.832465	0.834304	0.749207	0.843557436	0.866116	0.847346	0.837391
1.034766	1.032637	1.030674	0.824678	0.957508	1.028321	1.07299	0.994373	0.824579	0.855646	0.837968	0.775211	0.877535776	0.867131	0.849473	0.838317
0.988041	1.020958	0.990901	0.794316	0.936833	1.049219	1.103516	0.975701	0.78044	0.819752	0.846089	0.784075	0.860111983	0.863621	0.861378	0.807615
1.064115	1.080228	0.995213	0.781477	0.973864	0.990065	1.056461	0.956505	0.812404	0.839147	0.859619	0.825534	0.866440479	0.85234	0.844009	0.830578
1.026846	1.048898	0.983319	0.771227	0.95533	0.949645	1.023808	0.965735	0.831038	0.865032	0.858285	0.787012	0.853298076	0.859083	0.853842	0.838064
1.026899	1.079324	0.986569	0.828632	0.931984	0.925758	1.007236	0.998137	0.812306	0.856352	0.836511	0.797493	0.813881321	0.882595	0.852232	0.835948
1.045924	1.070617	0.979888	0.847136	0.922014	0.915348	1.01652	0.982003	0.843822	0.848056	0.84843	0.83815	0.836389302	0.870014	0.873154	0.833244
0.989011	1.084627	0.988023	0.838983	0.951189	0.969794	1.030132	1.011094	0.834889	0.828417	0.823288	0.809882	0.826542165	0.853517	0.848937	0.834485
1.011557	1.085527	0.98714	0.878997	0.950403	1.050128	1.032302	1.061384	0.807765	0.860649	0.847155	0.825294	0.797050416	0.846622	0.83241	0.848355
1.04354	1.052879	0.980903	0.881601	0.943866	1.053805	0.996852	1.06085	0.822569	0.844398	0.843495	0.845829	0.791990037	0.858252	0.843411	0.861969
1.045258	1.069549	0.979172	0.901618	0.954447	1.037003	1.034569	1.052543	0.804222	0.814001	0.865587	0.857558	0.768291671	0.85427	0.854712	0.845929
1.000155	1.077608	0.975293	0.920055	0.933327	1.045565	1.00919	1.092725	0.820544	0.839908	0.890979	0.832471	0.795632209	0.827498	0.873665	0.846497
1.078655	1.065343	0.985947	0.884697	0.956656	1.005511	1.026584	1.077626	0.814564	0.870564	0.874778	0.816671	0.782795008	0.854506	0.874104	0.83283
1.077737	1.040937	1.020752	0.919049	0.951118	1.018529	1.025724	1.097575	0.851734	0.880808	0.886645	0.790141	0.772477508	0.852982	0.868796	0.822311
1.074353	1.074483	1.018804	0.923676	0.9403	0.991711	0.947462	1.066569	0.856719	0.878059	0.868309	0.818196	0.784157601	0.828003	0.836101	0.831245
1.031727	1.066541	1.021358	0.870726	0.939458	0.986251	0.920776	1.048114	0.829336	0.887711	0.862877	0.811793	0.772694113	0.819205	0.844107	0.807013
1.026607	1.039385	1.035551	0.889672	0.886814	0.949456	0.889129	1.000155	0.826137	0.835526	0.839307	0.789278	0.75368057	0.804542	0.886206	0.817366
1.050062	1.022939	1.026864	0.817045	0.823799	0.908547	0.830806	1.024964	0.816365	0.853541	0.84397	0.770489	0.767099522	0.829993	0.88339	0.817805
1.072044	1.024503	1.009737	0.8165	0.823947	0.946563	0.895679	1.064264	0.813304	0.850465	0.835447	0.808935	0.757678895	0.826863	0.887945	0.837718
1.034868	0.991603	1.032313	0.861986	0.852322	0.976643	0.857495	1.011565	0.808634	0.83146	0.83572	0.82768	0.801369381	0.814468	0.859103	0.810418
1.035875	0.998948	1.01938	0.843025	0.883301	1.007418	0.910967	1.021238	0.848819	0.842659	0.86303	0.821091	0.77574425	0.825171	0.882301	0.798047
1.019417	0.980938	1.021664	0.777687	0.867853	0.990026	0.933841	1.032841	0.842906	0.858591	0.874883	0.852548	0.773526907	0.820865	0.882699	0.807427
1.047102	0.957167	1.002399	0.86128	0.883016	0.998859	0.86021	1.03386	0.802769	0.855564	0.852595	0.797327	0.785704762	0.817875	0.882574	0.798664
1.051029	0.923876	1.012688	0.797197	0.907844	0.977758	0.914771	1.011891	0.839764	0.853067	0.835328	0.838619	0.790636282	0.834999	0.875734	0.783641
1.053805	0.912716	1.022678	0.818969	0.912956	0.947825	0.924168	1.070827	0.863542	0.859756	0.835248	0.848047	0.799902467	0.833495	0.862868	0.777929
1.077884	0.957418	1.059414	0.823527	0.900701	0.964972	0.953952	1.055498	0.837326	0.852008	0.821471	0.857013	0.780216993	0.865158	0.866491	0.77935
1.071854	0.983312	1.066475	0.784185	0.906303	1.00761	0.995824	1.02439	0.843595	0.843075	0.881801	0.873605	0.834020366	0.848363	0.866235	0.770681
1.053536	1.008837	1.074687	0.770549	0.896464	1.008417	0.998005	0.98136	0.837778	0.868826	0.840735	0.843192	0.835918008	0.87734	0.862783	0.76715
1.077064	0.988797	1.075564	0.838514	0.877727	0.984728	1.015922	0.950457	0.83626	0.864315	0.806842	0.853738	0.82596129	0.80407	0.849685	0.776696
1.046605	0.976636	1.063185	0.804135	0.887131	0.92432	1.007145	0.976297	0.759909	0.851331	0.808951	0.864296	0.828100349	0.810909	0.810457	0.783303
1.027895	0.959527	1.031539	0.794028	0.871176	0.902701	0.962842	1.015437	0.80044	0.841749	0.841235	0.829764	0.837805463	0.787961	0.816281	0.771837
1.046691	1.005756	1.038744	0.802032	0.888491	0.907429	0.899281	1.011163	0.822265	0.836356	0.837485	0.807308	0.818567355	0.758732	0.797878	0.769042
1.046317	1.041043	1.056874	0.829341	0.862372	0.887489	0.926926	1.005746	0.769434	0.839605	0.77559	0.762228	0.815446373	0.762435	0.810553	0.799005
1.037594	1.034318	1.07073	0.855897	0.860852	0.902798	0.931315	1.045096	0.812152	0.827175	0.825099	0.720378	0.82519715	0.78244	0.806255	0.813054
0.971738	1.011838	1.025012	0.888961	0.864025	0.902959	0.923538	1.025831	0.831954	0.823715	0.786178	0.753027	0.793449151	0.77384	0.801839	0.850388
1.001154	1.009227	1.017693	0.846057	0.89329	0.901406	0.944583	0.985511	0.821493	0.818984	0.783816	0.798124	0.788950873	0.764118	0.788404	0.867423
1.025621	0.992964	0.996008	0.852878	0.911047	0.916708	0.91721	0.993471	0.805025	0.785023	0.830015	0.7847	0.810427452	0.786085	0.783897	0.841258
1.039148	1.012466	1.030753	0.808155	0.938404	0.901047	0.917782	0.983241	0.830192	0.804128	0.832144	0.791883	0.808105954	0.791933	0.785888	0.809629
1.047848	1.001034	1.026677	0.80723	0.917819	0.867156	0.915198	0.995573	0.85945	0.835348	0.794413	0.794876	0.778322424	0.768489	0.792132	0.799727
1.035726	0.974557	1.005374	0.826855	0.949161	0.85925	0.887093	0.991095	0.843456	0.814838	0.777799	0.787948	0.772971666	0.754351	0.766324	0.77082
1.030773	0.934273	1.038996	0.795627	0.946481	0.913197	0.869092	0.976812	0.845677	0.812474	0.795969	0.794686	0.761503525	0.759407	0.769834	0.764481
1.026237	0.905633	1.050202	0.804649	0.943311	0.935143	0.916688	1.000558	0.850523	0.812039	0.809543	0.740611	0.71506723	0.718206	0.841657	0.781886
1.044446	0.948161	1.044791	0.797223	0.933772	0.954179	0.887293	0.955749	0.832354	0.814202	0.855921	0.773826	0.76526197	0.730373	0.787509	0.771838
1.043893	0.956506	1.054199	0.800331	0.939339	0.959877	0.907858	0.951019	0.791969	0.842794	0.855919	0.799045	0.773397489	0.771796	0.76318	0.768463
1.022019	0.93069	1.056213	0.87552	0.995487	0.972736	0.979867	0.971394	0.804234	0.832134	0.8986	0.787276	0.759707042	0.815563	0.780516	0.761513
1.004945	0.926529	1.0153	0.810379	0.988955	0.919311	0.952441	0.918384	0.742137	0.854067	0.897586	0.762638	0.826749735	0.786482	0.778558	0.76278
0.991955	0.93871	1.012932	0.822953	0.986457	0.87317	0.902627	0.844851	0.744318	0.848888	0.855199	0.814632	0.822996294	0.800516	0.791095	0.756559
0.987185	0.958872	1.074432	0.830618	0.972162	0.849641	0.963485	0.82355	0.827275	0.854585	0.861209	0.837771	0.831664366	0.834136	0.814289	0.737418
0.995388	0.991714	1.039087	0.826367	0.972868	0.841695	0.971555	0.823116	0.821005	0.839227	0.821849	0.813135	0.755156541	0.802102	0.777894	0.732783
1.024626	0.937023	1.021129	0.79377	0.958732	0.831056	0.987707	0.814501	0.820964	0.842618	0.782498	0.838408	0.790426728	0.799565	0.789751	0.75888
0.978285	0.947163	0.971203	0.776931	0.929307	0.809146	0.953237	0.834128	0.825929	0.858544	0.791707	0.822023	0.787954342	0.845239	0.802375	0.762774
1.004047	0.907978	0.947361	0.774592	0.907068	0.829359	0.956022	0.848049	0.822058	0.865767	0.836672	0.82873	0.778369197	0.844977	0.80509	0.766734
0.969767	0.977224	0.962676	0.767528	0.889111	0.800679	0.954933	0.844741	0.816575	0.841931	0.78499	0.842686	0.760886428	0.857645	0.791916	0.767286
0.93924	0.990581	0.925564	0.745473	0.801099	0.790853	0.964344	0.811386	0.855653	0.841427	0.793831	0.798217	0.739013848	0.840093	0.821511	0.792741
0.962585	1.004166	0.898721	0.784166	0.884866	0.806926	1.010424	0.800067	0.799467	0.80893	0.812018	0.805651	0.74571104	0.845402	0.816742	0.792185
0.953668	1.045328	0.859766	0.76039	0.904541	0.876864	1.00511	0.847406	0.852432	0.841661	0.803637	0.797246	0.765505865	0.816175	0.838365	0.797829
0.972031	1.024824	0.874988	0.760052	0.894106	0.872383	0.985404	0.857224	0.82734	0.832808	0.851265	0.774696	0.771593647	0.800938	0.833649	0.821705
1.017914	1.022405	0.898402	0.750602	0.906659	0.861147	0.946882	0.847945	0.83279	0.844593	0.842145	0.808955	0.776730836	0.812077	0.834803	0.847004
0.961467	1.062873	0.953648	0.757458	0.843029	0.887746	0.91178	0.818784	0.807393	0.777287	0.815705	0.835877	0.745907732	0.772722	0.812322	0.819511
1.041657	1.08077	1.023161	0.757787	0.884365	0.946715	0.937655	0.820638	0.819064	0.783781	0.829431	0.830453	0.755087769	0.752706	0.815471	0.824248
1.021362	1.038539	0.964895	0.760951	0.881328	0.938116	0.945791	0.836781	0.829566	0.781819	0.797732	0.840603	0.770159998	0.790964	0.839183	0.809622
1.050382	1.062732	1.01678	0.793903	0.872114	0.916193	0.903514	0.861796	0.826747	0.797405	0.824001	0.811151	0.750802268	0.785395	0.822523	0.801931
0.967906	0.991582	0.941729	0.731966	0.84071	0.843681	0.835911	0.848285	0.818347	0.83768	0.843877	0.836748	0.77226206	0.780155	0.834862	0.828641
1.028727	1.043691	0.978185	0.767865	0.903999	0.875493	0.894368	0.985848	0.823861	0.814785	0.815365	0.793785	0.752438266	0.783248	0.843125	0.796066
1.011986	1.03886	0.98062	0.754297	0.92937	0.875039	0.849077	0.960808	0.823931	0.836892	0.807066	0.781264	0.740281731	0.769131	0.843893	0.78709
1.000684	1.005768	0.982485	0.771198	0.936322	0.886739	0.822145	0.986261	0.846197	0.822809	0.839636	0.770593	0.755022885	0.791585	0.862799	0.773625
1.0114	0.991952	0.972333	0.775136	0.906581	0.868397	0.818082	1.006791	0.833323	0.844724	0.803373	0.772169	0.752697667	0.794995	0.866511	0.77458
1.003733	0.964627	0.965045	0.772309	0.882023	0.86934	0.858634	1.00406	0.809346	0.820173	0.774969	0.750517	0.754364581	0.800108	0.826341	0.781451
1.034558	1.017253	0.926967	0.775311	0.92297	0.863986	0.859394	0.99699	0.815316	0.825749	0.731775	0.768389	0.769642888	0.81458	0.826022	0.782074
1.025528	0.958392	0.87224	0.758313	0.935036	0.837619	0.866295	0.99465	0.781719	0.825749	0.775961	0.770977	0.741278574	0.814524	0.827155	0.792188
1.040416	0.934667	0.926701	0.809567	0.959843	0.860295	0.935436	0.981215	0.787761	0.863317	0.790447	0.798504	0.790539385	0.858873	0.82821	0.81273
1.068231	0.926828	0.952195	0.768913	0.934168	0.915818	0.930333	0.918523	0.78913	0.854212	0.795514	0.775483	0.791914553	0.855828	0.795792	0.827637
1.0678	0.912807	0.983669	0.790813	0.923618	0.917368	0.94187	0.8829	0.789822	0.838024	0.807711	0.787751	0.807501994	0.852165	0.806879	0.839547
1.065382	0.895561	1.007761	0.803256	0.96217	0.96994	0.89321	0.871958	0.755381	0.862302	0.836642	0.774529	0.808748044	0.824568	0.828563	0.857222
1.087699	0.890816	0.979736	0.797748	0.957641	0.967546	0.925684	0.846949	0.819528	0.884541	0.849281	0.791922	0.816814461	0.841755	0.846351	0.860709
1.047677	0.917696	1.040961	0.793685	0.984298	0.914261	0.967878	0.838232	0.836415	0.857177	0.835115	0.794759	0.808295701	0.816328	0.835223	0.845466
1.057517	0.920845	1.036841	0.792414	0.965625	0.918109	0.985445	0.869384	0.805452	0.828349	0.810518	0.800581	0.84947931	0.816777	0.800366	0.845746
1.026765	0.969225	1.037139	0.779972	0.95758	0.914532	0.976673	0.840896	0.785118	0.845414	0.830594	0.786781	0.820592873	0.852005	0.805511	0.84912
1.038566	0.979666	1.046376	0.757342	0.902765	0.903617	0.976339	0.844344	0.796022	0.808082	0.835368	0.77425	0.8163084	0.800272	0.811343	0.841232
1.044177	0.936138	1.023655	0.750156	0.965711	0.884773	0.937734	0.864249	0.826776	0.819502	0.803795	0.759349	0.830943785	0.80862	0.82404	0.849708
1.042381	0.939538	1.026392	0.727467	0.916081	0.894143	0.931531	0.896354	0.804764	0.820469	0.810518	0.751999	0.845352721	0.798683	0.839941	0.853637
1.043956	0.945206	1.046795	0.735325	0.947219	0.904384	0.899214	0.948436	0.823183	0.825	0.810644	0.763813	0.815734954	0.791365	0.807073	0.839883
1.052211	0.951312	1.044888	0.731118	0.92351	0.888586	0.879067	0.959262	0.813784	0.838954	0.841812	0.773219	0.808830534	0.77914	0.814022	0.824126
1.02002	0.919226	1.031379	0.751652	0.904267	0.933244	0.890238	0.979612	0.79966	0.814051	0.837796	0.781189	0.805921886	0.787543	0.814309	0.833421
1.043068	0.923501	1.046573	0.742069	0.93917	0.925114	0.942042	0.969099	0.799555	0.829754	0.830492	0.767257	0.781817934	0.7683	0.808857	0.823456
1.037908	0.925525	1.052277	0.766038	0.933693	0.907959	0.961937	0.938962	0.766859	0.787855	0.795815	0.817738	0.778189686	0.751225	0.793823	0.805331
1.044617	0.9055	1.060957	0.761012	0.979106	0.887619	0.943022	0.944143	0.736108	0.742239	0.800782	0.824178	0.787635544	0.764873	0.789685	0.772253
1.052034	0.891823	1.045271	0.7856	0.990013	0.881809	0.952047	0.949761	0.753895	0.811665	0.804247	0.786809	0.750936741	0.752267	0.793013	0.771468
1.054782	0.92223	1.066512	0.764832	0.955173	0.87235	0.940381	0.922842	0.759616	0.845361	0.83278	0.758765	0.748652323	0.742919	0.782259	0.762491
1.08839	0.940705	1.046661	0.783745	0.949571	0.839681	0.950197	0.929363	0.768329	0.828034	0.842336	0.776432	0.765268901	0.774548	0.825149	0.793317
1.06409	0.910606	1.067886	0.791259	0.918384	0.842481	0.944544	0.902159	0.771247	0.783178	0.855607	0.779867	0.785238285	0.781213	0.814848	0.791568
1.081792	0.90147	1.067978	0.800521	0.946046	0.823346	0.923764	0.85799	0.751413	0.806654	0.805958	0.824839	0.81034896	0.784794	0.795682	0.775656
1.085502	0.835159	1.063584	0.847784	0.965802	0.832731	0.96146	0.887167	0.81522	0.835102	0.833804	0.786757	0.791823744	0.787438	0.770561	0.778711
1.042665	0.824834	1.035213	0.793033	0.905659	0.828341	0.920171	0.915303	0.796993	0.824488	0.807496	0.781987	0.784025664	0.771124	0.789684	0.783661
1.019064	0.826329	1.04606	0.762846	0.894299	0.819344	0.91288	0.938861	0.818575	0.844808	0.789562	0.778193	0.786113067	0.763347	0.79505	0.774034
1.046374	0.817543	1.082545	0.781795	0.915043	0.826932	0.884083	0.925799	0.828838	0.831194	0.812896	0.756339	0.774360388	0.747237	0.797732	0.780419
1.067706	0.798782	1.076735	0.769486	0.867315	0.866358	0.900255	0.94629	0.739769	0.783908	0.784901	0.79448	0.762340673	0.777181	0.797959	0.774824
1.062265	0.815337	1.048626	0.829622	0.917404	0.843196	0.900603	0.969	0.766826	0.792877	0.80118	0.774231	0.743461719	0.778462	0.815338	0.760502
1.062578	0.807234	1.014757	0.774098	0.862078	0.896852	0.861932	0.969896	0.796004	0.796586	0.805066	0.825877	0.793617114	0.7954	0.838464	0.766779
1.069862	0.91339	0.992679	0.788155	0.856374	0.921554	0.857177	0.944932	0.802909	0.807	0.76548	0.731928	0.760179966	0.797778	0.786161	0.758615
1.075703	0.877956	1.003526	0.781878	0.854929	0.871196	0.854002	0.871072	0.7691	0.831699	0.791154	0.7746	0.787464903	0.832245	0.789	0.759567
0.998463	0.903518	0.987829	0.838804	0.856979	0.854017	0.885391	0.890813	0.771784	0.838668	0.741826	0.7806	0.827939854	0.841912	0.776115	0.768231
1.019859	0.935512	0.959311	0.811349	0.825423	0.811051	0.83573	0.887004	0.74583	0.843796	0.799346	0.773347	0.844296862	0.812949	0.756208	0.745889
1.037872	0.977689	0.916244	0.806761	0.810645	0.820257	0.831265	0.851471	0.74355	0.83818	0.793815	0.761986	0.830045153	0.807809	0.776512	0.7695
1.029265	0.942941	0.883087	0.786604	0.91904	0.798701	0.819321	0.839949	0.746173	0.817812	0.774221	0.771878	0.794853374	0.775834	0.745954	0.760724
1.006083	0.958743	0.858084	0.764884	0.885023	0.80069	0.798834	0.813747	0.74899	0.837119	0.80399	0.767014	0.821209746	0.798089	0.784206	0.780784
1.038323	0.959891	0.833707	0.797867	0.842173	0.816325	0.808175	0.825097	0.756726	0.845629	0.767278	0.763335	0.806547108	0.79764	0.76962	0.752491
0.990324	0.858817	0.829505	0.825877	0.806952	0.82502	0.83527	0.854463	0.773226	0.825059	0.772457	0.705405	0.786344931	0.767667	0.772991	0.779427
1.046595	0.944371	0.829899	0.84566	0.828385	0.797447	0.833359	0.83387	0.769108	0.788915	0.76377	0.753158	0.763671948	0.753027	0.757087	0.802831
1.060606	0.955681	0.839887	0.899334	0.871052	0.807733	0.819427	0.835967	0.733182	0.795138	0.757181	0.760897	0.76231895	0.763656	0.750999	0.815864
1.027249	0.966755	0.803412	0.920625	0.891259	0.770557	0.786284	0.877416	0.726842	0.805895	0.759171	0.765015	0.764610691	0.760672	0.764026	0.807203
1.022607	0.900176	0.792283	0.9459	0.942259	0.77951	0.777446	0.919451	0.726973	0.816812	0.758526	0.75825	0.771934833	0.757997	0.765901	0.797781
1.041396	0.948662	0.8058	0.961281	0.945572	0.818636	0.806616	0.972762	0.727128	0.787268	0.790318	0.751967	0.779066775	0.768944	0.757973	0.803283
1.02012	0.951365	0.840882	0.955923	0.935266	0.775202	0.773595	0.998921	0.728119	0.742339	0.80483	0.771498	0.778161596	0.763597	0.737521	0.772092
0.980891	0.906558	0.802821	0.976491	0.972731	0.786006	0.790089	1.037001	0.726983	0.764581	0.8146	0.783994	0.749305068	0.746557	0.760137	0.814212
0.967315	0.878147	0.782145	0.964699	0.97566	0.80582	0.774717	1.064444	0.756996	0.801849	0.803897	0.802643	0.737678081	0.737701	0.758673	0.803787
1.017957	0.881636	0.761794	0.977427	0.997277	0.792756	0.759893	1.048963	0.735145	0.790033	0.84363	0.814545	0.764794512	0.762976	0.761983	0.787821
1.005681	0.872184	0.76362	0.978635	0.990698	0.790678	0.760106	1.032734	0.747045	0.786383	0.814463	0.802256	0.753957721	0.766232	0.759532	0.752039
0.936743	0.831538	0.784506	0.986826	0.986048	0.820044	0.76416	1.000683	0.749888	0.796785	0.799539	0.797514	0.75595645	0.775475	0.748636	0.747738
0.907914	0.832326	0.771132	0.983823	0.984314	0.84027	0.805016	1.042766	0.767784	0.817232	0.771501	0.76879	0.760669344	0.780275	0.760466	0.75219
0.964657	0.872286	0.797866	0.990316	0.961139	0.807545	0.766379	1.03856	0.742719	0.800458	0.778855	0.760215	0.785960086	0.763597	0.755697	0.747206
0.904602	0.818239	0.780348	0.975837	0.959365	0.788615	0.756224	1.063964	0.734554	0.793521	0.77465	0.73081	0.777005993	0.757821	0.767967	0.77142
0.949266	0.774516	0.729778	1.003561	0.957775	0.835319	0.768914	1.066217	0.681716	0.776693	0.776047	0.722213	0.767824188	0.750852	0.762904	0.777942
0.90125	0.82381	0.742868	0.999048	0.914448	0.889289	0.802855	1.086054	0.771686	0.772032	0.771656	0.724342	0.759008472	0.745873	0.760589	0.77402
0.860677	0.782564	0.748808	1.014836	0.965261	0.90178	0.771634	1.066943	0.761866	0.725639	0.797302	0.736825	0.738125018	0.733666	0.740051	0.777402
0.90474	0.822704	0.766242	1.002918	0.943278	0.867956	0.760985	1.049992	0.807475	0.737891	0.803402	0.764844	0.745413402	0.751581	0.760732	0.773855
0.889249	0.834838	0.799084	0.992163	0.889824	0.850595	0.769526	1.020895	0.82822	0.779704	0.821894	0.772229	0.744450569	0.771988	0.77589	0.776394
0.876094	0.858532	0.843763	1.013853	0.892248	0.850691	0.774355	1.027533	0.778865	0.78993	0.822383	0.768992	0.748746928	0.76921	0.768356	0.761053
0.863386	0.858906	0.809897	1.014295	0.876627	0.844195	0.761538	0.97071	0.767843	0.767132	0.810729	0.751819	0.742830676	0.759786	0.757402	0.739763
0.873368	0.91687	0.784524	1.02783	0.866105	0.824534	0.766365	0.982623	0.83066	0.78211	0.810773	0.754048	0.755696848	0.767409	0.75326	0.755353
0.895379	0.950242	0.779632	1.012702	0.838094	0.794195	0.767846	0.908159	0.83144	0.767945	0.775014	0.772514	0.765410375	0.79412	0.736755	0.750824
0.882553	0.918468	0.811198	1.0369	0.883303	0.835643	0.798471	0.885395	0.791013	0.740712	0.780808	0.733797	0.75490714	0.771442	0.744527	0.735309
0.862235	0.924322	0.834652	1.004743	0.83982	0.840937	0.750544	0.844812	0.782256	0.773487	0.8353	0.741616	0.767738982	0.742997	0.761917	0.733169
0.841186	0.978742	0.832103	1.054082	0.876571	0.833643	0.808132	0.859076	0.782221	0.762015	0.82056	0.746573	0.759904848	0.738297	0.731354	0.734676
0.83671	0.975314	0.887841	1.047105	0.895234	0.83512	0.776126	0.838084	0.795158	0.770993	0.869976	0.830122	0.764611109	0.761147	0.748228	0.745797
0.80562	0.913512	0.919551	1.046558	0.937734	0.854275	0.784488	0.843315	0.810421	0.77913	0.855211	0.836583	0.769995031	0.774471	0.758589	0.745563
0.805566	0.929026	0.93929	1.067057	0.977819	0.831471	0.792696	0.800772	0.793469	0.793456	0.847933	0.765744	0.754600006	0.733624	0.774192	0.765888
0.776207	0.903974	0.929774	1.021938	0.940999	0.85293	0.779798	0.800183	0.78112	0.78968	0.824499	0.74846	0.750299676	0.745647	0.752968	0.757765
0.76405	0.912621	0.898248	1.047114	0.965011	0.83105	0.796025	0.806563	0.765306	0.760752	0.81752	0.718755	0.749486797	0.768383	0.755314	0.749853
0.749604	0.95601	0.882742	1.03075	0.997619	0.807867	0.752907	0.796955	0.770889	0.767251	0.791243	0.760142	0.750022852	0.766871	0.749661	0.743266
0.755996	0.925522	0.850574	1.020881	0.972628	0.813113	0.778802	0.832138	0.776157	0.789056	0.8035	0.779955	0.768925166	0.763403	0.770306	0.766801
0.752662	0.890342	0.834589	1.031168	1.010779	0.820056	0.773447	0.839618	0.775484	0.751335	0.788763	0.758191	0.782541855	0.778844	0.772247	0.767312
0.747585	0.845632	0.795951	1.012671	1.020843	0.841909	0.762635	0.79436	0.798781	0.764601	0.773352	0.724917	0.784906528	0.77444	0.769839	0.752219
0.778352	0.83408	0.787473	1.04562	1.035921	0.850365	0.761672	0.793162	0.800465	0.787172	0.791776	0.762444	0.754913497	0.772568	0.774251	0.744904
0.765286	0.84003	0.820691	1.052717	1.017065	0.839102	0.79534	0.807267	0.818963	0.772667	0.785995	0.772374	0.740732683	0.840059	0.782977	0.734999
0.773778	0.823102	0.83979	1.017875	1.001506	0.750687	0.73893	0.793279	0.826428	0.775879	0.796452	0.774329	0.752655694	0.845022	0.764115	0.75075
0.820031	0.821674	0.902191	1.015121	1.017007	0.74601	0.754252	0.787992	0.822362	0.774568	0.767973	0.771151	0.749629196	0.821064	0.768794	0.786734
0.804433	0.819798	0.930591	1.035118	1.022879	0.798436	0.766921	0.831342	0.797219	0.761093	0.772183	0.750584	0.747388029	0.828417	0.770614	0.776162
0.779887	0.835871	0.948331	1.057542	0.97518	0.791173	0.761595	0.889469	0.803993	0.772105	0.778762	0.776079	0.746310952	0.808985	0.761658	0.790682
0.794555	0.87068	1.007399	1.015471	1.006613	0.779775	0.793888	0.952055	0.789965	0.785708	0.769514	0.786997	0.75874476	0.832731	0.764714	0.837614
0.786057	0.835429	0.992202	1.006861	0.946572	0.782428	0.764547	0.970202	0.773253	0.782595	0.791278	0.749129	0.737341345	0.803774	0.747365	0.833458
0.766003	0.818202	1.02895	1.022763	1.017197	0.752494	0.74155	0.98721	0.733694	0.825929	0.893289	0.774451	0.75236742	0.807249	0.831558	0.881867
0.768795	0.769053	1.003188	0.999741	1.01886	0.771367	0.734238	0.978299	0.742369	0.823537	0.766782	0.755099	0.74912165	0.788161	0.839353	0.863739
0.754867	0.78464	0.999386	1.011889	1.051969	0.786962	0.755646	1.001113	0.739155	0.813657	0.773888	0.732213	0.764197501	0.802666	0.811615	0.829718
0.737075	0.780588	0.966082	1.028847	0.996656	0.77385	0.760126	1.031683	0.752979	0.829841	0.767707	0.788313	0.776140599	0.831137	0.804142	0.803921
0.726835	0.766535	0.909036	0.980964	0.995495	0.808793	0.788384	0.992067	0.754611	0.85874	0.788249	0.779118	0.782980681	0.794721	0.808486	0.784944
0.720853	0.749282	0.849266	1.016018	1.045848	0.760831	0.739509	1.009381	0.766776	0.828285	0.801093	0.768669	0.770277973	0.791345	0.788007	0.773376
0.728773	0.74675	0.858354	1.004878	1.002877	0.767464	0.760838	1.005986	0.764279	0.845096	0.846029	0.77354	0.777289714	0.80213	0.804916	0.7796
0.716903	0.765497	0.866706	0.991186	0.945562	0.777732	0.776688	1.057461	0.739871	0.843757	0.805684	0.781459	0.762313925	0.771802	0.784657	0.785469
0.708427	0.755725	0.953804	1.009744	1.002943	0.769741	0.782076	1.079893	0.724899	0.820351	0.771988	0.767345	0.734335133	0.778596	0.780354	0.781883
0.744144	0.813518	1.029428	1.015888	1.045248	0.805889	0.800766	1.114183	0.740336	0.838524	0.79632	0.764592	0.777964384	0.786274	0.806893	0.806545
0.70443	0.794564	1.048103	1.0113	0.964684	0.791281	0.78334	1.064616	0.756431	0.826124	0.806801	0.767648	0.797972274	0.789805	0.811987	0.79846
0.646311	0.781929	1.027237	1.009074	0.954876	0.824941	0.783307	1.034967	0.721275	0.831907	0.822568	0.771241	0.768657753	0.771163	0.839063	0.774809
0.72143	0.788477	1.052029	1.030669	0.959218	0.820658	0.834424	1.048638	0.774718	0.874266	0.854039	0.797618	0.825354186	0.55495	0.770008	0.758486
0.722596	0.801617	1.062563	1.030665	0.964977	0.815177	0.876922	1.029781	0.758404	0.812264	0.829884	0.797379	0.779094741	0.806294	0.845389	0.760385
0.723883	0.749002	1.035128	1.040692	0.949192	0.83117	0.895925	0.979037	0.750248	0.774298	0.811007	0.783566	0.795770508	0.817144	0.807853	0.763695
0.737443	0.773079	1.026674	1.007102	1.043345	0.910988	0.888686	0.959625	0.760501	0.804094	0.82736	0.801441	0.788233724	0.770074	0.78165	0.766289
0.736128	0.784699	1.01992	1.045256	0.907362	0.943032	0.8667	0.924127	0.750956	0.820739	0.803731	0.765712	0.754732493	0.762892	0.78318	0.781524
0.732683	0.75611	1.037892	1.024795	0.908743	0.927727	0.843058	0.891404	0.779265	0.812765	0.902971	0.711345	0.769217145	0.760124	0.783894	0.816502
0.715633	0.746332	1.032931	1.053486	0.935247	0.928716	0.841527	0.91777	0.773295	0.779404	0.78076	0.736522	0.763914159	0.769593	0.805083	0.829658
0.669329	0.738547	1.00665	1.040634	0.94441	0.959185	0.808967	0.909666	0.7522	0.765653	0.832181	0.753578	0.746221575	0.764655	0.789995	0.861926
0.733665	0.758615	1.036629	1.066053	0.962264	0.97497	0.827188	0.892283	0.748335	0.779664	0.78832	0.783126	0.76834334	0.787588	0.7779	0.863425
0.73038	0.760414	1.020068	1.056261	0.949029	0.937995	0.78948	0.861265	0.726448	0.769992	0.802726	0.765827	0.776586683	0.766693	0.754981	0.841803
0.723511	0.787218	0.97506	1.038158	0.981528	0.917004	0.765075	0.867449	0.726055	0.78308	0.758669	0.769618	0.756511348	0.744353	0.766612	0.857372
0.767424	0.799834	0.964881	1.050378	0.978395	0.959164	0.789844	0.849619	0.790777	0.79821	0.783554	0.799583	0.766947165	0.780554	0.759202	0.825774
0.776953	0.876571	0.971282	1.044606	0.976407	0.951932	0.783916	0.88795	0.787428	0.806433	0.853727	0.799725	0.77611667	0.731633	0.752553	0.808777
0.782493	0.983451	0.941338	1.041269	0.976759	0.962368	0.773075	0.868996	0.751126	0.778841	0.814621	0.779132	0.781460987	0.732716	0.73181	0.769395
0.765131	0.867725	0.875799	1.03866	0.980152	0.945563	0.764227	0.851547	0.757118	0.808846	0.772054	0.769952	0.800148539	0.733985	0.777619	0.793394
0.748573	0.867779	0.890521	1.056307	0.972227	0.940904	0.748381	0.881994	0.751653	0.842096	0.779508	0.765894	0.802843721	0.767935	0.774774	0.787103
0.737115	0.856696	0.888481	1.042557	0.962967	0.904999	0.788526	0.877305	0.752644	0.828923	0.788123	0.779349	0.811828583	0.782056	0.780031	0.789751
0.721292	0.886352	0.869842	1.033173	0.975848	0.934372	0.81377	0.874307	0.779812	0.792339	0.823711	0.786232	0.752434878	0.767256	0.788747	0.797212
0.709583	0.900905	0.819451	1.038306	0.995325	0.927392	0.833118	0.84417	0.813953	0.784874	0.789203	0.788766	0.760065257	0.775521	0.756576	0.794835
0.702623	0.889193	0.822787	1.048089	0.970992	0.889218	0.827298	0.847608	0.815807	0.768981	0.781816	0.779393	0.759173308	0.843364	0.782434	0.784955
0.697858	0.815957	0.794586	1.041474	0.980485	0.845219	0.787911	0.834653	0.817551	0.774947	0.809593	0.794041	0.773137277	0.837267	0.78789	0.779288
0.707015	0.794718	0.764707	1.033485	0.944488	0.819276	0.758443	0.840149	0.775691	0.794931	0.768763	0.784254	0.774887916	0.813159	0.765214	0.782308
0.698482	0.777625	0.75832	0.999376	0.904802	0.846641	0.785794	0.855635	0.769313	0.836235	0.785891	0.774697	0.813026277	0.805939	0.772184	0.771916
0.71533	0.825925	0.78376	0.999779	0.911489	0.880181	0.773314	0.892889	0.754148	0.8498	0.793473	0.715842	0.767272207	0.763606	0.763771	0.760149
0.711501	0.853081	0.774997	0.991665	0.869786	0.88463	0.784245	0.945314	0.75863	0.899012	0.820834	0.772252	0.811264324	0.784881	0.756576	0.764395
0.682645	0.863365	0.8105	0.991559	0.922255	0.892819	0.76437	0.98467	0.735183	0.847569	0.789804	0.742493	0.79646945	0.768274	0.749731	0.76415
0.705811	0.787865	0.792605	1.023122	0.906163	0.88378	0.756723	0.97483	0.73904	0.871247	0.778136	0.738362	0.861573529	0.776754	0.76929	0.737781
0.717398	0.776214	0.790681	1.055628	0.882774	0.888564	0.789723	0.982602	0.734189	0.853696	0.768485	0.750508	0.874190115	0.765099	0.764661	0.73549
0.712704	0.778659	0.773237	1.031876	0.844751	0.834156	0.787931	0.988665	0.718311	0.822396	0.781725	0.732642	0.865220191	0.762964	0.757606	0.751214
0.712986	0.790625	0.819059	1.067952	0.866371	0.867298	0.79981	0.988739	0.742959	0.813735	0.794436	0.780233	0.859929887	0.742485	0.730956	0.750068
0.731613	0.776823	0.861941	1.04374	0.824507	0.847748	0.795397	0.963936	0.749099	0.838176	0.815619	0.760534	0.819212965	0.746276	0.755898	0.746072
0.711673	0.804104	0.921981	1.031216	0.822206	0.830741	0.781369	1.01337	0.721075	0.813947	0.83783	0.771393	0.802532961	0.776018	0.782741	0.758029
0.700153	0.784872	0.973568	1.045197	0.839081	0.841334	0.795098	1.022802	0.774299	0.855699	0.754666	0.747643	0.814907438	0.777555	0.806798	0.785839
0.76001	0.807311	0.994012	1.033072	0.884376	0.91243	0.817007	1.037073	0.802477	0.78917	0.724342	0.735884	0.806737565	0.784497	0.795904	0.748384
0.782002	0.789496	0.966425	1.00804	0.955137	0.869445	0.910419	1.023906	0.783765	0.857569	0.782592	0.781136	0.790566214	0.785509	0.803323	0.775887
0.773829	0.846092	1.028236	1.00966	0.988392	0.839851	0.964984	1.05252	0.752072	0.846302	0.750318	0.788331	0.763690994	0.798446	0.783025	0.812436
0.764876	0.828551	1.002352	1.016035	0.964651	0.80929	0.951586	1.082831	0.719302	0.784532	0.750228	0.795608	0.756863328	0.832435	0.746346	0.797989
0.795437	0.835224	0.957279	0.981183	0.952834	0.798358	0.925957	1.051711	0.714756	0.806851	0.758655	0.819895	0.764643014	0.845021	0.761121	0.828689
0.775671	0.853485	1.036099	1.004302	0.978359	0.829027	0.943202	1.047285	0.75072	0.814778	0.832974	0.797124	0.747929392	0.84303	0.758607	0.830784
0.766894	0.829455	0.988813	1.021642	0.976302	0.818981	0.961747	0.987315	0.761158	0.789485	0.875735	0.752056	0.74854972	0.784555	0.753913	0.822156
0.718443	0.849045	0.943527	0.995265	0.977776	0.805253	0.963496	0.965309	0.742305	0.821417	0.850359	0.74822	0.765678687	0.786437	0.749136	0.869252
0.709632	0.839121	0.908687	1.008176	1.005617	0.810525	0.995599	0.946037	0.786548	0.855867	0.806576	0.736347	0.76143037	0.791185	0.751417	0.8464
0.701913	0.801185	0.889442	0.96067	1.026602	0.808011	1.013773	1.022451	0.808119	0.869731	0.767018	0.75155	0.766368591	0.786731	0.745009	0.811186
0.693585	0.786798	0.888608	1.014093	0.999454	0.806192	1.008898	0.993009	0.824823	0.827089	0.781118	0.73412	0.753753052	0.801138	0.74635	0.782664
0.705887	0.778705	0.874943	1.023183	1.002064	0.791715	0.973345	0.950883	0.805213	0.833833	0.796564	0.712548	0.739841529	0.802286	0.739895	0.768403
0.704721	0.784748	0.86683	1.03553	1.059237	0.792443	1.00816	0.978607	0.782604	0.776716	0.798076	0.765152	0.759024733	0.796144	0.782438	0.782742
0.714517	0.79457	0.876385	1.031613	1.021079	0.806761	0.977576	0.958649	0.833337	0.765028	0.804535	0.793032	0.769305424	0.790168	0.763643	0.77281
0.733021	0.795697	0.885719	1.01399	1.008888	0.811227	0.977345	0.928093	0.848761	0.771676	0.807213	0.782358	0.779668566	0.790923	0.772049	0.773355
0.711813	0.781893	0.838693	1.007915	0.998575	0.792069	0.971098	0.908948	0.838021	0.803823	0.83299	0.787434	0.780500503	0.801445	0.831939	0.781209
0.712011	0.768317	0.845964	1.016484	1.020812	0.797078	0.965699	0.873659	0.807156	0.763421	0.85482	0.740897	0.761991042	0.810814	0.79577	0.77051
0.693325	0.784094	0.847006	1.036084	0.973348	0.795972	0.964221	0.880447	0.79695	0.772527	0.855783	0.725474	0.739013071	0.814369	0.768746	0.804022
0.7706	0.801078	0.836459	1.046821	0.993841	0.766594	0.954115	0.872207	0.765229	0.788685	0.904753	0.715679	0.720978982	0.824937	0.774807	0.779011
0.789832	0.793161	0.833665	1.014719	0.998028	0.840745	0.953434	0.851868	0.743397	0.790978	0.881717	0.758922	0.756343932	0.859571	0.783534	0.834352
0.798232	0.810046	0.853457	1.062672	1.024242	0.860912	0.946954	0.833313	0.760598	0.803864	0.85254	0.783955	0.777655612	0.869556	0.793166	0.869086
0.784242	0.824379	0.876869	1.041244	1.034155	0.853713	0.946803	0.792162	0.762694	0.789228	0.774769	0.792711	0.784665125	0.817538	0.815633	0.876653
0.780757	0.868732	0.921436	1.070193	1.015406	0.904336	0.922625	0.772989	0.738803	0.781948	0.766856	0.739009	0.746553419	0.821544	0.83138	0.841264
0.785526	0.857173	0.886692	0.996957	0.996	0.888096	0.863204	0.751749	0.712357	0.747428	0.727487	0.747094	0.760396933	0.821317	0.864172	0.864939
0.782789	0.901719	0.867277	1.035923	0.944187	0.863928	0.856438	0.773132	0.727729	0.808884	0.713048	0.783982	0.755391679	0.843426	0.852725	0.880633
0.763483	0.935704	0.823321	1.043161	0.881151	0.810387	0.876701	0.805995	0.730013	0.836491	0.781396	0.794814	0.762167221	0.8094	0.857724	0.844023
0.705675	0.93391	0.809326	1.031796	0.870837	0.784334	0.892782	0.778949	0.703314	0.804484	0.775575	0.78134	0.748833981	0.805561	0.836644	0.79737
0.721643	0.937491	0.811329	1.028663	0.878667	0.798687	0.878216	0.774626	0.7224	0.779809	0.77995	0.825917	0.75773246	0.540051	0.752578	0.771086
0.695428	0.922899	0.810558	1.045181	0.861324	0.782122	0.948082	0.79984	0.720444	0.772525	0.774559	0.807988	0.74941083	0.755271	0.795498	0.766014
0.71828	0.899355	0.802315	1.043429	0.90573	0.800033	1.011936	0.7982	0.730805	0.763042	0.798825	0.816266	0.749594816	0.769863	0.768992	0.744218
0.716438	0.907277	0.821373	1.05611	0.908456	0.793595	1.014891	0.781385	0.775301	0.747004	0.814264	0.813891	0.77305558	0.790678	0.771802	0.774844
0.721065	0.85806	0.781011	1.0142	0.816353	0.755879	0.937732	0.792662	0.790697	0.753383	0.769274	0.75861	0.779963439	0.792362	0.780398	0.750494
0.709971	0.833215	0.800292	1.004214	0.804888	0.771861	0.940401	0.796339	0.841157	0.776688	0.820276	0.774052	0.792230146	0.799611	0.758191	0.742887
0.716572	0.817402	0.781759	1.013298	0.805587	0.780797	0.971599	0.779847	0.84859	0.750086	0.847092	0.754268	0.817426359	0.81254	0.769052	0.768549
0.71731	0.866599	0.782482	1.066072	0.811427	0.78185	1.015498	0.786293	0.820392	0.811295	0.809791	0.756319	0.852555482	0.811736	0.74108	0.732676
0.719348	0.846858	0.793563	1.046239	0.811968	0.781834	0.996543	0.775006	0.828336	0.832566	0.846218	0.754719	0.860232869	0.86054	0.757597	0.758453
0.760041	0.856781	0.782047	0.987948	0.861484	0.775608	1.006434	0.765239	0.820958	0.814546	0.800807	0.762041	0.850740754	0.812863	0.738861	0.753862
0.786011	0.854548	0.796104	1.037518	0.905969	0.808054	1.063793	0.777192	0.855933	0.882315	0.769766	0.753592	0.834944822	0.840217	0.765784	0.760793
0.783903	0.849165	0.837341	1.054538	0.856396	0.830883	1.09624	0.772762	0.816293	0.878446	0.787369	0.763668	0.828705421	0.821149	0.759924	0.745057
0.829406	0.85576	0.855851	1.05596	0.829889	0.812154	1.045499	0.79685	0.763487	0.885139	0.838975	0.720403	0.839822382	0.794797	0.746095	0.782293
0.847402	0.869821	0.916289	1.061517	0.781667	0.858985	1.091251	0.812741	0.731143	0.844042	0.795274	0.700969	0.812039029	0.775618	0.775778	0.788163
0.844309	0.875287	0.931457	1.066819	0.783335	0.905365	1.025879	0.771766	0.70703	0.822499	0.794642	0.716022	0.806627494	0.752531	0.761712	0.800409
0.840937	0.914948	0.938581	1.06891	0.776722	0.900766	0.998836	0.76593	0.711373	0.823896	0.800797	0.768674	0.819332858	0.790182	0.75971	0.830635
0.725347	0.882473	0.953938	1.050834	0.792955	0.862536	0.952022	0.784722	0.729604	0.847297	0.800869	0.790062	0.779863545	0.779269	0.763588	0.848437
0.775893	0.876918	0.973279	1.033956	0.824904	0.843635	0.97155	0.793128	0.739789	0.86018	0.771691	0.794626	0.776020909	0.738929	0.739931	0.798835
0.753527	0.807766	0.953572	1.011541	0.859729	0.867441	0.983061	0.811068	0.714923	0.806485	0.805783	0.782861	0.783436682	0.791723	0.777198	0.761235
0.746998	0.843534	0.986851	1.01035	0.872439	0.872157	0.913573	0.784635	0.736874	0.802396	0.8341	0.785733	0.787910237	0.834477	0.810678	0.780027
0.739454	0.874799	1.002355	1.036205	0.928413	0.868396	0.938866	0.807558	0.782574	0.833889	0.828243	0.774927	0.801319215	0.837072	0.810231	0.78778
0.74921	0.968878	1.004095	1.050702	0.959143	0.865418	0.914733	0.773899	0.787968	0.817359	0.831943	0.784468	0.805712708	0.833815	0.832656	0.765417
0.821663	1.000126	0.97686	1.057896	0.998236	0.866591	0.891175	0.758178	0.769275	0.839752	0.891179	0.783471	0.801253878	0.866882	0.861404	0.781217
0.837888	0.99646	0.951362	1.030491	1.013912	0.914989	0.969414	0.796064	0.747262	0.81458	0.845723	0.82652	0.791432522	0.851005	0.804167	0.806669
0.804411	0.994522	0.929896	1.065729	0.98235	0.881786	1.014473	0.841498	0.799547	0.846916	0.841484	0.826419	0.765272902	0.857759	0.833661	0.793449
0.844756	1.026891	0.907833	1.051033	0.903393	0.854689	1.022938	0.82303	0.840956	0.80203	0.795549	0.7654	0.730858032	0.864879	0.840228	0.785665
0.858942	1.021996	0.892406	1.018129	0.870956	0.828713	1.012634	0.797357	0.843757	0.825996	0.803166	0.769034	0.770475703	0.869675	0.847242	0.768675
0.876174	1.03083	0.879609	1.047653	0.893098	0.889692	1.0282	0.813291	0.786955	0.833188	0.859401	0.805735	0.777573963	0.899988	0.851411	0.760172
0.850591	1.04265	0.87739	1.035181	0.908143	0.938453	1.029219	0.873738	0.750222	0.816261	0.864881	0.795448	0.778272389	0.854891	0.831228	0.76005
0.871269	1.004925	0.897288	1.028328	0.887876	0.979101	1.034555	0.92698	0.765952	0.794169	0.80938	0.828048	0.803451763	0.854887	0.836941	0.770336
0.86511	1.03407	0.894772	1.019955	0.845978	0.968088	1.050412	0.981953	0.782597	0.83508	0.800513	0.806324	0.817942682	0.89633	0.845196	0.775867
0.861792	1.04789	0.872497	1.053686	0.867462	1.026471	1.044125	0.988488	0.785515	0.835873	0.840523	0.821705	0.813081813	0.869301	0.835922	0.793389
0.891911	1.038353	0.900399	1.057808	0.945604	0.998222	1.030654	0.999286	0.772896	0.81409	0.802073	0.781155	0.797963004	0.839384	0.85132	0.832051
0.873881	1.04229	0.969901	1.062365	0.962534	1.030235	1.020333	0.996507	0.797632	0.831338	0.823552	0.798878	0.831029893	0.84478	0.864876	0.85626
0.829772	1.042728	0.976888	1.035267	0.958697	1.022846	1.07618	1.027329	0.797136	0.846568	0.824564	0.842817	0.847497112	0.860228	0.893778	0.867249
0.83609	1.057503	1.012775	1.04837	0.943642	1.013436	1.101411	1.017116	0.782855	0.850132	0.815863	0.78574	0.851843428	0.857783	0.88843	0.857438
0.810471	1.044441	0.995277	1.030465	0.940588	1.011029	1.080599	0.978388	0.819213	0.882008	0.818702	0.758361	0.83378149	0.842196	0.871885	0.86787
0.775689	1.037162	1.053468	1.014501	0.928503	1.046251	1.075364	0.98556	0.826248	0.892996	0.829496	0.779535	0.809245421	0.846317	0.8931	0.870707
0.76002	1.045639	1.084541	1.046221	0.960144	1.006397	1.086655	1.001492	0.824901	0.854936	0.850049	0.774802	0.826906052	0.853386	0.859968	0.858927
0.76205	1.041802	1.059704	1.015979	0.952803	0.985946	1.06031	1.000847	0.844127	0.862802	0.809338	0.783028	0.819809677	0.851818	0.875685	0.865153
0.784064	1.047944	1.073827	1.0503	0.963735	1.026272	1.097528	1.043163	0.801504	0.867801	0.815424	0.818158	0.859383469	0.860123	0.873121	0.876206
0.741919	1.082356	1.058302	1.039798	0.901755	1.012159	1.080241	1.017319	0.799173	0.851352	0.797804	0.811244	0.835665381	0.84615	0.876469	0.844552
0.763128	1.053263	1.04306	1.054938	0.953543	1.023044	1.060328	0.96375	0.784849	0.850305	0.801067	0.839409	0.846001576	0.873021	0.882599	0.854884
0.770051	1.036604	1.082365	1.054627	0.930349	1.015114	1.077573	0.980272	0.808267	0.868253	0.832427	0.820658	0.848009962	0.90495	0.881425	0.860155
0.766659	1.048241	1.098959	1.058926	0.92947	1.038862	1.074882	1.035127	0.796323	0.85583	0.830755	0.833576	0.854564886	0.871401	0.874221	0.840518
0.750786	1.073666	1.023364	1.060886	0.93147	1.023465	1.116258	1.004954	0.834641	0.881734	0.835485	0.860708	0.852677341	0.868434	0.883029	0.804835
0.739035	1.030023	1.027984	1.042747	0.909976	1.014748	1.083363	1.02501	0.854609	0.908631	0.842686	0.865055	0.887913345	0.867255	0.889466	0.809848
0.738128	1.054247	1.026326	1.038758	0.891409	1.031787	1.087854	1.053139	0.846279	0.895118	0.843795	0.8335	0.859621041	0.852857	0.865208	0.802336
0.755227	1.034896	1.020807	1.059608	0.926835	1.053114	1.110917	1.091986	0.776629	0.846146	0.831554	0.844223	0.841745404	0.85273	0.902883	0.805391
0.766935	1.037391	0.998068	1.035777	0.936464	1.058569	1.139774	1.109828	0.811266	0.85982	0.830788	0.829604	0.86039819	0.844856	0.901567	0.817807
0.612319	0.763728	0.72012	0.865912	0.76806	0.959942	0.980713	0.983809	0.823876	0.884766	0.824531	0.801991	0.85042531	0.871326	0.910018	0.805428
0.570475	0.777146	0.695272	0.806859	0.766295	0.990492	0.987653	0.962739	0.811993	0.882368	0.821656	0.80674	0.822941303	0.87365	0.884313	0.829832
0.659533	0.891524	0.884635	0.958001	0.843302	0.992716	0.98934	1.009386	0.798756	0.846241	0.848407	0.848404	0.803147771	0.869225	0.884123	0.835831
0.643933	0.896716	0.834422	0.868967	0.826476	1.018728	0.997355	1.014234	0.799578	0.864267	0.837638	0.806917	0.791322244	0.852357	0.867227	0.82703
0.64135	0.852464	0.755357	0.83603	0.799316	0.859637	0.869594	0.872332	0.798965	0.862674	0.829792	0.823264	0.79939498	0.863495	0.895637	0.841251
0.590442	0.880293	0.803364	0.84875	0.779212	0.881112	0.893423	0.89965	0.777779	0.86388	0.845727	0.802332	0.778019776	0.841778	0.909844	0.853969
0.882275	1.066474	0.977439	1.019349	0.88117	1.025591	1.064563	1.041263	0.779401	0.837568	0.80723	0.793633	0.810314631	0.844337	0.896397	0.869554
0.815583	0.990814	0.952141	1.058287	0.829278	1.045188	1.11441	1.110985	0.78834	0.841911	0.830153	0.806572	0.831242206	0.894278	0.906005	0.867422
0.823121	0.99423	0.921538	1.052784	0.798142	1.046639	1.112187	1.070173	0.792451	0.83956	0.833901	0.8139	0.838240856	0.879711	0.895206	0.849811
0.815615	1.053064	0.90316	0.994632	0.787827	0.967955	1.113512	1.09318	0.791077	0.85711	0.863771	0.818556	0.815055817	0.864396	0.899646	0.833009
0.842058	1.096596	0.887568	1.04489	0.79618	1.015159	1.081087	1.099471	0.743174	0.821258	0.852706	0.822507	0.821285699	0.842599	0.887331	0.844223
0.829577	1.093259	0.937154	1.07119	0.92652	1.041745	1.08469	1.066446	0.753416	0.857423	0.870559	0.814904	0.825890612	0.855655	0.881523	0.858876
0.805505	1.024113	0.964517	1.077558	0.96668	1.019906	1.088881	1.084958	0.785206	0.867077	0.873539	0.775727	0.80046093	0.835737	0.872375	0.860808
0.793114	1.066672	0.983307	1.081634	0.968849	1.011055	1.06005	1.078485	0.743635	0.874972	0.870991	0.820934	0.801704646	0.830749	0.88364	0.855749
0.791753	1.026306	1.025952	1.084593	0.980686	1.016809	1.084638	1.137762	0.742008	0.883123	0.860331	0.827691	0.822454869	0.829657	0.884588	0.844719
0.772157	1.031603	1.020005	1.060926	0.978127	1.020858	1.080649	1.117092	0.7317	0.874863	0.847258	0.823849	0.807271791	0.849163	0.88216	0.821876
0.794121	1.050609	1.041517	1.098337	0.986174	0.989833	1.100006	1.109423	0.744514	0.853588	0.878097	0.827085	0.790678203	0.862823	0.842518	0.822142
0.749548	1.039762	1.029293	1.055629	0.990474	1.027848	1.120124	1.078977	0.747331	0.866954	0.885914	0.822222	0.784701095	0.857914	0.883928	0.807153
0.742276	1.062773	1.043823	1.048041	0.991714	1.030604	1.067799	1.10672	0.790734	0.863891	0.868196	0.804609	0.772925545	0.878788	0.888482	0.805875
0.724208	1.041089	1.055646	1.03521	1.003433	1.013476	1.089663	1.118482	0.79401	0.879718	0.849299	0.801649	0.792727018	0.865484	0.879762	0.801043
0.744072	1.044655	1.069638	1.039053	0.969552	0.989941	1.074907	1.1055	0.798737	0.897544	0.828817	0.797678	0.753042279	0.834132	0.876678	0.786082
0.756674	0.998605	1.079162	1.027943	0.958458	0.951431	1.087947	1.07543	0.775551	0.917134	0.847127	0.815379	0.765500622	0.867145	0.866097	0.779448
0.752185	1.038058	1.053886	1.038664	0.908162	0.981439	1.103863	1.077824	0.819486	0.899362	0.835903	0.809005	0.807649145	0.856354	0.85829	0.807564
0.753461	1.065169	1.068351	1.058329	0.890406	1.006875	1.096761	1.10521	0.806249	0.865307	0.87536	0.794614	0.795317932	0.852135	0.831468	0.817383
0.765005	1.043227	1.009776	1.038647	0.86444	0.994173	1.113534	1.079351	0.801999	0.855098	0.880945	0.787606	0.770007055	0.854262	0.839819	0.826845
0.758848	1.048292	1.02844	1.057489	0.850762	1.03437	1.092263	1.050162	0.809958	0.857659	0.856071	0.780824	0.772356043	0.869624	0.884416	0.840023
0.666496	1.021872	1.036171	1.054353	0.833463	1.028503	1.109979	1.090802	0.825957	0.839089	0.825541	0.75451	0.728057665	0.831659	0.86481	0.817091
0.669402	1.050895	1.017055	1.066498	0.906056	1.030843	1.132588	1.093655	0.815334	0.806598	0.877773	0.750526	0.727571525	0.82221	0.851523	0.821189
0.650322	1.041922	1.023713	1.080303	0.926087	1.04741	1.142698	1.094603	0.81621	0.81801	0.849965	0.741986	0.743648459	0.824432	0.853642	0.799446
0.665948	1.042766	1.019358	1.066632	0.922418	1.047809	1.118334	1.07848	0.852213	0.803461	0.834251	0.769632	0.747512876	0.803374	0.86007	0.805066
0.690684	1.016402	1.047574	1.079165	0.931093	1.025276	1.139411	1.078489	0.851442	0.833738	0.8473	0.781762	0.761096115	0.818313	0.889985	0.80973
0.702609	1.018221	1.019159	1.075113	0.97529	1.044263	1.11169	1.088255	0.825442	0.826873	0.822647	0.801149	0.746142004	0.837759	0.878015	0.797752
0.72777	1.06719	0.985074	1.063522	0.979733	1.014256	1.070133	1.082301	0.806388	0.797343	0.845299	0.76566	0.733900537	0.842138	0.866131	0.802213
0.728049	1.069249	0.964763	1.06074	0.987465	1.013594	1.067792	1.096602	0.827156	0.8114	0.851351	0.745929	0.756504346	0.84123	0.855927	0.790556
0.709317	1.048902	0.955477	1.070557	0.980957	1.024163	1.046238	1.090378	0.81353	0.779324	0.886404	0.744306	0.755859354	0.84473	0.837931	0.782216
0.664556	1.022719	0.948336	1.052122	0.949958	0.983438	1.036467	1.070596	0.797585	0.813575	0.859565	0.790492	0.760860011	0.837491	0.828281	0.772699
0.711646	1.077103	0.925291	1.064805	0.983357	0.977889	1.043796	1.057385	0.819721	0.871561	0.869805	0.79395	0.740971325	0.830234	0.831945	0.773231
0.6767	1.008425	0.977071	1.034833	0.933805	0.981273	1.05121	1.085835	0.810094	0.858043	0.90256	0.770354	0.735769287	0.824691	0.845882	0.777116
0.696242	0.994807	0.954676	1.046414	0.924474	0.987628	1.030496	1.088014	0.811004	0.859109	0.868846	0.825058	0.766542081	0.848844	0.87112	0.775794
0.692443	1.021193	0.922903	1.040778	0.889098	0.965209	0.988928	1.064403	0.813171	0.85101	0.843209	0.841299	0.729122838	0.849928	0.848453	0.775599
0.714389	1.003905	0.898136	1.053812	0.893207	0.975861	1.054822	1.095144	0.807752	0.866081	0.817299	0.771507	0.748581943	0.827241	0.816856	0.756236
0.686223	1.020118	0.902688	1.082345	0.930318	0.949832	1.018777	1.104915	0.828634	0.87584	0.837661	0.782416	0.751939766	0.807901	0.825205	0.762423
0.638929	1.006988	0.895172	1.044752	0.925082	0.906357	1.011743	1.098779	0.828302	0.917255	0.849576	0.793396	0.764764669	0.803711	0.808938	0.749963
0.658118	0.960093	0.876196	1.04599	0.962629	0.919971	1.038629	1.092166	0.793129	0.930571	0.824161	0.782299	0.780000755	0.827266	0.80511	0.752867
0.699339	0.967458	0.893936	1.064091	0.984522	0.885464	1.055112	1.118141	0.82819	0.888158	0.821606	0.771801	0.792357223	0.824625	0.772991	0.771726
0.697801	0.945982	0.94632	1.049962	0.989429	0.882851	1.055038	1.100588	0.782572	0.850782	0.830303	0.775841	0.812989902	0.838258	0.773223	0.754617
0.706185	0.902966	0.931181	1.019759	0.99897	0.837774	1.022779	1.070501	0.818789	0.864165	0.877803	0.791804	0.825637326	0.836715	0.80615	0.754985
0.695113	0.921837	0.95421	1.012099	0.983777	0.849592	1.030349	1.04184	0.835367	0.855343	0.870551	0.769523	0.823975156	0.842712	0.785907	0.751164
0.68959	0.912942	0.916859	1.043159	1.017242	0.862753	1.025976	1.040085	0.805778	0.847835	0.798851	0.768713	0.821062691	0.805754	0.776335	0.758398
0.71463	0.881143	0.871747	1.034719	0.985207	0.84478	1.05093	1.023181	0.801958	0.851438	0.877156	0.789546	0.855579613	0.814254	0.774587	0.759292
0.701568	0.862893	0.881617	1.05241	0.996559	0.866869	1.053887	1.047299	0.813872	0.841903	0.839539	0.794739	0.853646423	0.7836	0.786824	0.797636
0.697086	0.848057	0.865307	1.039372	1.000242	0.84863	1.050933	1.025868	0.818723	0.807102	0.868186	0.781836	0.817542303	0.810416	0.797169	0.815091
0.718172	0.859156	0.787618	1.007856	0.989504	0.815303	1.035911	0.97799	0.817712	0.816405	0.834528	0.773813	0.820637684	0.795042	0.812707	0.814943
0.700118	0.857228	0.799255	1.027151	0.999365	0.841544	1.057364	0.992024	0.809869	0.830598	0.792101	0.762312	0.803328837	0.754574	0.77111	0.808736
0.666668	0.82397	0.766792	1.001234	1.001838	0.805304	0.994905	1.028519	0.816976	0.835883	0.797873	0.726767	0.818374521	0.768131	0.822394	0.842104
0.691526	0.896	0.809501	0.995436	0.979277	0.786172	1.056991	1.089991	0.817699	0.82509	0.820788	0.743863	0.794179171	0.778833	0.815601	0.825822
0.702179	0.933017	0.829232	0.986559	1.010456	0.815256	1.05149	1.07147	0.842205	0.832299	0.834332	0.786782	0.803219228	0.778973	0.811326	0.801921
0.730637	0.969671	0.825173	0.960767	1.013056	0.823197	1.025165	1.051191	0.859992	0.834037	0.818885	0.759564	0.819570094	0.788358	0.815448	0.796134
0.749105	0.964103	0.843582	0.947678	1.045193	0.860978	0.983612	1.057261	0.833111	0.861881	0.841759	0.786274	0.809539926	0.769906	0.828413	0.77256
0.826801	0.960199	0.886367	0.933385	1.014657	0.89311	0.950778	1.055281	0.807895	0.810774	0.772057	0.760633	0.797202207	0.779455	0.841257	0.762441
0.885735	0.952398	0.91318	0.928251	1.028449	0.888141	0.97048	1.096071	0.78651	0.788262	0.773278	0.724884	0.823231355	0.759986	0.849443	0.786801
0.912469	0.957479	0.916949	0.904283	1.009163	0.893143	0.931514	1.044625	0.76792	0.804303	0.757864	0.746706	0.806909023	0.752704	0.874791	0.762658
0.943289	0.975588	0.944844	0.899335	0.992281	0.915183	0.913242	1.033571	0.820274	0.789769	0.774667	0.797735	0.805849269	0.773578	0.879892	0.788867
0.96363	0.981701	1.046424	0.930986	1.035036	0.926285	0.978454	1.009576	0.820942	0.776833	0.740976	0.783742	0.78840254	0.783798	0.850346	0.758395
0.981733	1.001261	1.032569	0.948391	1.034008	0.962074	1.062439	0.987998	0.818522	0.759729	0.768781	0.779535	0.798716745	0.798744	0.828078	0.751239
0.998971	0.974799	0.954545	0.934742	1.028613	0.978786	1.039895	1.001748	0.792786	0.753374	0.797769	0.797791	0.795828934	0.805691	0.809792	0.754082
0.976874	0.956537	0.955082	0.955298	1.047379	0.967253	1.024427	0.904167	0.787713	0.757999	0.778948	0.785523	0.787610864	0.813153	0.827611	0.749455
0.99675	0.940639	1.012951	0.958338	1.046791	0.94705	1.051697	0.907624	0.805021	0.758776	0.795882	0.767291	0.744143311	0.801098	0.802663	0.748518
1.011381	0.901445	1.013115	0.958036	0.953228	0.932604	1.052587	0.912476	0.800762	0.773366	0.850609	0.776014	0.749677302	0.828339	0.813034	0.744301
1.034288	0.922065	1.007852	0.971124	1.002242	0.927418	1.090005	0.929058	0.795293	0.804063	0.793879	0.798531	0.774325064	0.84558	0.796441	0.74822
0.984965	0.914598	1.000959	0.975011	1.011078	0.935244	1.087017	0.975958	0.810787	0.78229	0.807923	0.789793	0.782970095	0.855735	0.811923	0.75433
0.956298	0.930912	0.922833	0.93125	1.016955	0.981423	1.060289	0.988093	0.826343	0.785687	0.841573	0.789794	0.786036821	0.869399	0.812432	0.75643
0.755228	0.872532	0.815077	0.892109	0.9545	0.876168	0.935757	0.901853	0.825574	0.803974	0.879026	0.796875	0.770469488	0.860451	0.803182	0.760223
0.955468	0.954719	0.826618	0.876675	0.983932	0.900962	0.997589	0.946202	0.791252	0.810165	0.793981	0.749157	0.822939357	0.831183	0.787261	0.748078
0.946676	0.97477	0.874703	0.93765	1.002689	0.93885	1.058775	1.030482	0.7406	0.791107	0.853967	0.742521	0.814692521	0.852704	0.793008	0.724655
0.991701	0.994395	0.923321	0.949849	0.979974	0.945824	1.038117	1.044561	0.760044	0.838787	0.819567	0.809366	0.834007331	0.84042	0.794035	0.74232
0.950344	0.981398	0.893951	0.922055	0.990747	0.967546	0.998671	1.05195	0.76825	0.860905	0.834501	0.793041	0.812401173	0.830238	0.780462	0.742441
0.910012	0.939497	0.848441	0.914087	0.985702	0.979563	0.973055	0.990173	0.767447	0.86821	0.817822	0.775425	0.816844606	0.825489	0.811033	0.738081
0.924157	0.948202	0.797735	0.884197	0.986048	0.984822	0.971691	0.990102	0.751367	0.82554	0.822583	0.768493	0.836192774	0.816414	0.757973	0.742657
1.010948	0.964587	0.886628	0.851452	0.970451	1.009066	1.024716	0.970564	0.754451	0.823614	0.820841	0.766527	0.83683715	0.842734	0.772354	0.774683
1.003301	0.977828	0.801771	0.839481	0.96124	0.989086	1.048493	0.958103	0.777733	0.825381	0.798778	0.767956	0.824668966	0.807874	0.790599	0.792203
0.979931	0.967163	0.821361	0.827697	0.932512	1.019206	1.078844	0.969404	0.818724	0.835056	0.796894	0.712431	0.771901838	0.762871	0.728856	0.795073
0.916829	0.924686	0.798413	0.831388	0.929646	1.012543	1.039352	0.953163	0.806391	0.852753	0.762269	0.736041	0.777889754	0.801664	0.782322	0.812135
0.885467	0.84574	0.729002	0.83581	0.969382	1.008541	1.022281	0.918255	0.824135	0.856096	0.797652	0.780085	0.77045876	0.768824	0.775014	0.817189
0.981623	0.840999	0.732207	0.791772	0.980939	1.004115	0.988488	0.924331	0.792424	0.842985	0.812049	0.793082	0.751642462	0.757526	0.739496	0.814561
0.993471	0.877124	0.776141	0.813994	1.008787	1.016921	1.012998	0.890952	0.782463	0.845692	0.791859	0.800621	0.75270151	0.774713	0.741461	0.832978
0.973352	0.857334	0.781459	0.778584	0.960475	1.010162	1.012424	0.937227	0.793829	0.826044	0.800835	0.792883	0.746691983	0.795931	0.732626	0.838592
0.933054	0.819672	0.768505	0.768689	1.029425	1.048708	0.987731	0.948976	0.834028	0.803592	0.792626	0.793498	0.772004913	0.796154	0.745483	0.813384
0.933612	0.793916	0.73968	0.75167	1.008547	1.037655	0.978292	0.941994	0.817424	0.820541	0.816407	0.778826	0.770874835	0.802446	0.744951	0.817461
0.869712	0.782866	0.728794	0.757514	0.979587	1.044416	1.06372	0.935154	0.833115	0.788163	0.780116	0.744892	0.782332777	0.780362	0.752529	0.813516
0.88568	0.822807	0.779009	0.783827	0.941707	1.045472	1.022912	0.967731	0.819203	0.785185	0.786482	0.766741	0.789154781	0.79208	0.742192	0.794743
0.914355	0.852919	0.804554	0.789238	0.956901	1.026231	1.024885	1.02073	0.800209	0.784861	0.790703	0.76302	0.772443643	0.760662	0.752203	0.818385
0.910771	0.885865	0.856002	0.786515	0.930649	0.96689	1.055288	1.008841	0.822502	0.832868	0.833369	0.785523	0.781357973	0.758118	0.763321	0.835238
0.892396	0.955726	0.926865	0.826512	0.990151	1.001337	1.052624	1.032446	0.800711	0.820825	0.791323	0.799103	0.761205456	0.786177	0.756893	0.874496
0.853832	0.872713	0.911074	0.835737	0.983985	0.979339	0.988646	1.021873	0.79965	0.771118	0.808173	0.772145	0.744454365	0.797861	0.786497	0.890855
0.851498	0.883126	0.897305	0.849075	0.968679	0.987775	0.938472	1.015776	0.81788	0.792544	0.798071	0.785726	0.776629823	0.779042	0.810006	0.879562
0.863673	0.892433	0.967691	0.833954	0.985072	0.955561	0.891675	0.987328	0.753966	0.728064	0.808065	0.770757	0.7694542	0.78573	0.804948	0.866293
0.884378	0.875897	0.910284	0.857057	1.004795	1.004951	0.924293	1.012778	0.77862	0.740052	0.80913	0.81144	0.771625874	0.783891	0.777184	0.829789
0.859716	0.887008	0.923583	0.864985	0.996602	1.013492	0.982285	0.975861	0.801753	0.725511	0.795561	0.777688	0.755510661	0.805397	0.801932	0.835671
0.794924	0.840287	0.920521	0.847523	0.978491	1.014813	0.966337	0.953618	0.793177	0.748892	0.77524	0.797068	0.757879859	0.819988	0.821421	0.829409
0.794501	0.845521	0.919871	0.841223	0.955263	0.984639	0.916996	1.008905	0.797496	0.764369	0.779922	0.769464	0.758932783	0.82202	0.830388	0.820372
0.798465	0.79801	0.956331	0.823247	1.000393	0.962156	0.940027	1.039883	0.773639	0.802985	0.907508	0.748828	0.772731274	0.829492	0.837091	0.834138
0.779514	0.835038	1.016719	0.845307	1.020251	1.003366	0.949759	1.044017	0.816449	0.816045	0.811373	0.734741	0.764801374	0.809686	0.84489	0.804757
0.750096	0.800101	0.985728	0.784561	0.991059	1.011328	0.913192	1.057986	0.817984	0.809823	0.78314	0.72753	0.759594889	0.791206	0.831518	0.783683
0.741323	0.806028	0.974236	0.785592	1.018624	1.02814	0.917504	1.053505	0.821452	0.793922	0.7761	0.719196	0.802939737	0.763103	0.816883	0.808889
0.802355	0.818944	0.998615	0.793307	1.00962	1.000609	0.894508	1.071066	0.818332	0.847452	0.772484	0.721446	0.808958798	0.790372	0.817546	0.830705
0.814387	0.80241	0.993307	0.849369	0.995131	0.979325	0.884544	1.083695	0.800293	0.823526	0.782422	0.723138	0.813597559	0.805176	0.792337	0.835987
0.742726	0.802938	0.967822	0.809611	1.034497	0.929394	0.855623	1.04551	0.807325	0.836567	0.757302	0.74219	0.825978664	0.797405	0.793131	0.858576
0.747794	0.746633	0.915607	0.808837	1.013356	0.94803	0.846005	1.038157	0.784563	0.817753	0.783422	0.770177	0.807466599	0.788647	0.778418	0.864736
0.766672	0.747896	0.952727	0.819281	1.046746	0.939747	0.846442	1.037999	0.768685	0.817609	0.806907	0.750271	0.778932324	0.790838	0.766334	0.840845
0.731677	0.745526	0.947904	0.814076	0.955436	0.905893	0.824496	0.958917	0.778528	0.807748	0.7996	0.787469	0.751519816	0.766588	0.747884	0.804282
0.745732	0.77767	0.950973	0.833465	1.005774	0.901061	0.77761	0.935688	0.76097	0.779226	0.775786	0.752221	0.759360411	0.768224	0.739548	0.805092
0.705174	0.75856	0.975162	0.862841	0.980399	0.910277	0.764366	0.964277	0.751847	0.762051	0.731262	0.741382	0.748656735	0.736297	0.732799	0.82206
0.742183	0.745036	0.947784	0.839038	0.90125	0.830515	0.712531	0.993521	0.75601	0.764118	0.771128	0.76509	0.766767488	0.786837	0.761787	0.827585
