0.034874	0.034207	0.052547	0.029916	0.024196	0.048422	0.054695	0.039691	0.039937	0.044389	0.055685	0.041992
0.034068	0.038357	0.045323	0.03149	0.029735	0.051126	0.057293	0.03745	0.038497	0.046047	0.04944	0.036195
0.032768	0.03686	0.049201	0.031088	0.030879	0.033604	0.054999	0.037391	0.042282	0.045093	0.03799	0.034627
0.032686	0.037607	0.05168	0.033197	0.028472	0.037124	0.050864	0.0378	0.042714	0.044279	0.037348	0.034725
0.032997	0.037818	0.042239	0.034061	0.031711	0.034686	0.049555	0.040444	0.040198	0.045216	0.037726	0.034919
0.032477	0.040691	0.042467	0.030695	0.035298	0.028624	0.04359	0.037173	0.047474	0.04598	0.040495	0.033373
0.032921	0.038253	0.036444	0.032802	0.030436	0.023465	0.038068	0.034779	0.051857	0.049237	0.042414	0.035214
0.031538	0.033092	0.037143	0.04134	0.023204	0.025485	0.042084	0.041388	0.042914	0.044739	0.044711	0.036592
0.033097	0.035	0.038171	0.039052	0.026089	0.027767	0.044207	0.054147	0.040456	0.043268	0.041869	0.032511
0.043493	0.032414	0.036505	0.040966	0.02755	0.026731	0.045331	0.053228	0.039777	0.044336	0.040187	0.028618
0.038348	0.033722	0.025199	0.048592	0.031101	0.028674	0.04691	0.053142	0.040601	0.044249	0.040981	0.032535
0.035004	0.033545	0.020963	0.049061	0.029795	0.029552	0.049462	0.044487	0.044607	0.044152	0.04329	0.034004
0.033991	0.034378	0.023106	0.043273	0.028597	0.028781	0.045578	0.045703	0.043401	0.054926	0.040528	0.037867
0.0306	0.039504	0.027412	0.045821	0.031064	0.029853	0.045118	0.034682	0.03993	0.063529	0.056223	0.033318
0.034867	0.029631	0.026915	0.035234	0.035003	0.028066	0.048251	0.03416	0.040885	0.062089	0.061102	0.032125
0.035731	0.038127	0.025358	0.026894	0.049165	0.02891	0.040566	0.035198	0.04373	0.06421	0.059181	0.029148
0.035424	0.035562	0.027263	0.026086	0.041	0.029864	0.041683	0.036934	0.041624	0.055673	0.05437	0.030691
0.035669	0.034832	0.030196	0.034742	0.035986	0.029569	0.044159	0.039749	0.041208	0.061043	0.064781	0.030959
0.03524	0.041994	0.025824	0.028147	0.029052	0.034426	0.043965	0.035122	0.04473	0.053253	0.05523	0.030593
0.036905	0.037094	0.02646	0.030133	0.023563	0.033387	0.040425	0.034711	0.053149	0.054488	0.054677	0.033089
0.045939	0.036225	0.021734	0.030061	0.023905	0.0374	0.043525	0.036272	0.05198	0.066081	0.053176	0.034212
0.045353	0.037976	0.029271	0.033207	0.025601	0.029737	0.042975	0.033882	0.061561	0.062642	0.054014	0.033508
0.035628	0.037884	0.028963	0.033005	0.027771	0.024097	0.042978	0.032646	0.04688	0.059404	0.042233	0.03609
0.035752	0.024157	0.032366	0.028805	0.029259	0.027164	0.041018	0.035887	0.042663	0.050631	0.040043	0.042111
0.032167	0.030851	0.02912	0.033636	0.0291	0.032936	0.042621	0.038638	0.041939	0.041574	0.041353	0.043351
0.041042	0.042162	0.027337	0.030997	0.031888	0.031146	0.039747	0.035859	0.045323	0.040657	0.042358	0.035068
0.040121	0.048109	0.030075	0.03532	0.031051	0.031702	0.040185	0.036226	0.041934	0.04299	0.041589	0.029627
0.03787	0.050082	0.02611	0.03859	0.029065	0.027099	0.040557	0.037243	0.041053	0.042934	0.040863	0.028464
0.055976	0.038848	0.029134	0.029119	0.030399	0.027719	0.040055	0.035931	0.051256	0.041123	0.041635	0.035478
0.054122	0.038022	0.042422	0.030917	0.02866	0.032454	0.041682	0.033848	0.055082	0.043159	0.044005	0.03672
0.042425	0.037858	0.0317	0.022766	0.031992	0.038375	0.04329	0.035236	0.043847	0.045555	0.042516	0.033462
0.039752	0.024841	0.028723	0.027536	0.028644	0.035384	0.044156	0.034889	0.038075	0.044327	0.037954	0.03355
0.053698	0.032487	0.031465	0.033987	0.032351	0.02197	0.04658	0.035885	0.046049	0.042597	0.039293	0.036544
0.041994	0.034633	0.029144	0.033262	0.03467	0.029329	0.045522	0.037865	0.039471	0.042561	0.039125	0.042606
0.036729	0.031366	0.031984	0.028983	0.040462	0.027693	0.045633	0.044088	0.041089	0.0453	0.041696	0.042847
0.04501	0.028249	0.036037	0.026258	0.038419	0.030308	0.046562	0.049307	0.04157	0.0562	0.044739	0.047183
0.026304	0.035272	0.032616	0.041432	0.04147	0.03537	0.067162	0.045344	0.047773	0.05706	0.040928	0.053246
0.026383	0.032651	0.030569	0.03297	0.041929	0.031775	0.063175	0.041592	0.048064	0.058188	0.041298	0.054584
0.028196	0.031178	0.030399	0.032593	0.03004	0.029363	0.057408	0.035418	0.040028	0.04952	0.041944	0.048902
0.029619	0.040336	0.037719	0.041115	0.024797	0.031026	0.056658	0.035404	0.036441	0.044304	0.047393	0.040859
0.033422	0.044923	0.04224	0.044242	0.027782	0.032141	0.05369	0.03794	0.041828	0.049226	0.050932	0.041443
0.032872	0.034737	0.034294	0.043131	0.028832	0.032239	0.046662	0.036092	0.044652	0.046314	0.0418	0.037966
0.031212	0.049628	0.041705	0.043697	0.027443	0.025789	0.049113	0.037257	0.042306	0.048948	0.037742	0.03321
0.031681	0.054375	0.033585	0.048671	0.025524	0.032542	0.045992	0.038985	0.042737	0.047304	0.037637	0.027382
0.033097	0.046103	0.036878	0.03194	0.033247	0.02923	0.03585	0.037825	0.04247	0.045946	0.043816	0.028423
0.032803	0.044693	0.031664	0.033633	0.028496	0.024568	0.048456	0.036132	0.044781	0.040569	0.047979	0.035159
0.031923	0.047015	0.023979	0.033599	0.026823	0.029191	0.043851	0.037039	0.039131	0.042376	0.048357	0.034386
0.029699	0.035445	0.026143	0.034145	0.036232	0.036866	0.03904	0.036396	0.052552	0.039114	0.03875	0.033322
0.031004	0.040349	0.026392	0.025948	0.033483	0.028253	0.044468	0.036489	0.039735	0.039339	0.043171	0.03308
0.033366	0.039065	0.03186	0.023938	0.026532	0.023995	0.047068	0.045719	0.039473	0.049818	0.045798	0.036543
0.042593	0.039329	0.025319	0.029393	0.03359	0.024617	0.044742	0.051704	0.04439	0.067645	0.042394	0.034885
0.05223	0.043559	0.024923	0.028937	0.025079	0.033591	0.061172	0.044958	0.043291	0.071922	0.039419	0.033328
0.041376	0.042259	0.024812	0.028898	0.032589	0.033028	0.049192	0.045293	0.043382	0.068192	0.039176	0.029142
0.037295	0.036816	0.034016	0.027609	0.029512	0.033771	0.055284	0.040438	0.042683	0.054402	0.039063	0.032403
0.031464	0.039142	0.0262	0.030185	0.036507	0.03496	0.055848	0.03513	0.051237	0.057187	0.038947	0.041407
0.028323	0.042318	0.021145	0.030982	0.038927	0.043689	0.06508	0.036634	0.059567	0.062636	0.035839	0.040416
0.028932	0.034765	0.026061	0.043725	0.04386	0.048173	0.056111	0.036997	0.067955	0.057044	0.037885	0.032605
0.032488	0.034903	0.026881	0.046409	0.035283	0.040306	0.038484	0.035122	0.068274	0.049634	0.038743	0.031
0.034777	0.034086	0.032419	0.029587	0.039029	0.044438	0.041878	0.03354	0.063326	0.051008	0.039669	0.03407
0.037984	0.03718	0.042315	0.024347	0.039798	0.041784	0.041706	0.036516	0.052923	0.059921	0.040205	0.043535
0.030137	0.039152	0.034655	0.026198	0.031452	0.030407	0.042041	0.03432	0.053252	0.058611	0.03846	0.039303
0.037959	0.039417	0.036168	0.028057	0.023991	0.030981	0.046837	0.036421	0.061635	0.056934	0.03814	0.03903
0.035392	0.03388	0.026703	0.024889	0.020978	0.035371	0.048281	0.043966	0.049705	0.048889	0.049456	0.031049
0.033396	0.032692	0.032273	0.028229	0.021237	0.036563	0.042741	0.050945	0.046584	0.051339	0.053297	0.026519
0.033117	0.034842	0.031349	0.033407	0.032706	0.033991	0.050468	0.05194	0.048726	0.055816	0.05619	0.035647
0.037669	0.036697	0.031182	0.034256	0.032338	0.031204	0.048345	0.045616	0.046619	0.058768	0.054072	0.03486
0.028683	0.034955	0.034525	0.035541	0.02916	0.028984	0.042785	0.039015	0.053768	0.039763	0.050797	0.031972
0.038147	0.032799	0.0281	0.041099	0.026795	0.029156	0.053509	0.032968	0.061918	0.043939	0.049911	0.03187
0.04623	0.034924	0.029746	0.03552	0.025532	0.034644	0.04088	0.033545	0.050719	0.046183	0.043022	0.034792
0.034868	0.034257	0.021325	0.032876	0.026282	0.028375	0.05334	0.034626	0.04299	0.045693	0.045511	0.03516
0.035703	0.034648	0.017115	0.026219	0.026849	0.027333	0.049401	0.034113	0.040915	0.045157	0.045716	0.03003
0.03413	0.036888	0.024913	0.029246	0.027592	0.026665	0.042253	0.034011	0.040787	0.042612	0.036442	0.034816
0.039582	0.030585	0.026812	0.028831	0.039482	0.03102	0.045235	0.036092	0.041914	0.048627	0.035009	0.03863
0.040558	0.033902	0.029932	0.031627	0.027175	0.029897	0.0349	0.03517	0.04051	0.057114	0.03627	0.040695
0.033215	0.036339	0.030938	0.029839	0.026792	0.036679	0.049657	0.039442	0.040797	0.041177	0.038706	0.033811
0.022131	0.040669	0.033343	0.03786	0.025859	0.034146	0.045117	0.039318	0.039548	0.041491	0.037605	0.027673
0.038116	0.042128	0.026128	0.037108	0.031944	0.031092	0.042797	0.039155	0.042221	0.044462	0.04043	0.029241
0.027918	0.039298	0.033507	0.031656	0.028258	0.02986	0.046978	0.038801	0.041631	0.058028	0.043049	0.031769
0.043588	0.036128	0.036808	0.021854	0.034999	0.031013	0.052126	0.042618	0.045961	0.051066	0.043483	0.033267
0.050621	0.03281	0.036129	0.028931	0.030564	0.035385	0.045014	0.038643	0.048475	0.057107	0.048971	0.03183
0.044852	0.034063	0.039687	0.026011	0.046233	0.030265	0.047738	0.032649	0.048869	0.049614	0.036332	0.031399
0.053769	0.038322	0.033271	0.027798	0.037182	0.026358	0.028705	0.034721	0.050737	0.065255	0.035828	0.034704
0.040519	0.037565	0.028487	0.029749	0.036362	0.033825	0.036637	0.035703	0.044867	0.050718	0.036085	0.037989
0.039237	0.038464	0.021206	0.031727	0.041025	0.035938	0.041607	0.033708	0.046205	0.038016	0.040394	0.037619
0.034281	0.033223	0.021956	0.029063	0.032167	0.035581	0.047441	0.034757	0.045439	0.047252	0.036527	0.032348
0.044296	0.03222	0.027199	0.032435	0.033496	0.040598	0.053636	0.034647	0.043373	0.048046	0.036112	0.033089
0.041176	0.026993	0.03557	0.025693	0.026046	0.030384	0.055167	0.035479	0.040591	0.043098	0.036639	0.032213
0.033492	0.032686	0.035582	0.039825	0.0246	0.02723	0.048288	0.035559	0.040556	0.047711	0.036415	0.029039
0.044805	0.0367	0.042943	0.043115	0.02452	0.025786	0.062899	0.035659	0.039008	0.034853	0.037099	0.028423
0.030145	0.030681	0.033339	0.038118	0.029285	0.027181	0.044513	0.034364	0.03642	0.046037	0.035657	0.039986
0.03033	0.035561	0.025422	0.031748	0.031218	0.030745	0.046815	0.034296	0.035907	0.052917	0.03954	0.046505
0.032567	0.033122	0.022	0.032816	0.030507	0.030167	0.046838	0.033312	0.040574	0.042945	0.046146	0.038662
0.033015	0.032828	0.022217	0.042433	0.021674	0.03157	0.046587	0.033186	0.039115	0.041868	0.0487	0.043436
0.035883	0.0345	0.026717	0.030078	0.026658	0.027238	0.047433	0.034825	0.037094	0.04482	0.047462	0.042298
0.0335	0.029552	0.026541	0.029987	0.029323	0.032923	0.028717	0.036728	0.032944	0.045253	0.040083	0.032766
0.034725	0.03761	0.028511	0.02981	0.031204	0.03158	0.042571	0.035588	0.038413	0.045979	0.038678	0.026326
0.034759	0.045125	0.025629	0.026168	0.026714	0.030598	0.047601	0.034978	0.042508	0.042601	0.039076	0.027674
0.033841	0.03796	0.024743	0.032563	0.024947	0.030249	0.035364	0.036241	0.042018	0.036006	0.043118	0.030479
0.03286	0.04105	0.025228	0.032045	0.023953	0.030113	0.040061	0.044331	0.040567	0.04516	0.03945	0.032883
0.035082	0.040031	0.025461	0.033	0.029231	0.031328	0.039043	0.049648	0.046245	0.065495	0.038844	0.031274
0.033193	0.030269	0.027813	0.026815	0.033291	0.02977	0.053241	0.04942	0.040582	0.061995	0.039509	0.030121
0.036159	0.035193	0.03845	0.03376	0.032425	0.026674	0.049174	0.044541	0.045723	0.050079	0.038862	0.037753
0.034915	0.037389	0.031124	0.032929	0.028578	0.02596	0.048746	0.037809	0.048012	0.061712	0.038025	0.045341
0.034235	0.029481	0.03272	0.0244	0.030452	0.027513	0.043048	0.036607	0.055454	0.040287	0.043113	0.057635
0.0381	0.030723	0.031918	0.025532	0.033652	0.033189	0.041824	0.037892	0.058583	0.04368	0.040694	0.053237
0.032375	0.03178	0.024276	0.025517	0.028469	0.032524	0.047233	0.034871	0.050834	0.046494	0.038802	0.042264
0.038118	0.033884	0.029993	0.030381	0.029245	0.034624	0.0405	0.034341	0.037029	0.044047	0.030143	0.039304
0.036569	0.035178	0.041396	0.030292	0.027968	0.032953	0.05083	0.033905	0.038868	0.042693	0.040579	0.033073
0.038921	0.034864	0.049693	0.029924	0.028865	0.031755	0.046127	0.034213	0.040631	0.041153	0.036001	0.026535
0.039189	0.037105	0.042432	0.034465	0.033733	0.031629	0.046311	0.036714	0.039056	0.034864	0.034018	0.025784
0.028964	0.037119	0.031457	0.042472	0.034212	0.024019	0.042053	0.035281	0.049711	0.041612	0.038384	0.028649
0.045515	0.034534	0.030781	0.038571	0.025501	0.026957	0.043238	0.039383	0.038489	0.04169	0.032115	0.029227
0.032361	0.037088	0.031352	0.039991	0.028496	0.031639	0.039913	0.039397	0.044755	0.051945	0.040464	0.030178
0.026957	0.037522	0.034565	0.03946	0.025881	0.033044	0.047042	0.037555	0.04507	0.044956	0.051635	0.030889
0.036862	0.037037	0.029486	0.031156	0.030388	0.031111	0.050067	0.03664	0.040161	0.039336	0.052517	0.033743
0.049123	0.038971	0.029675	0.02504	0.028726	0.034581	0.046551	0.041106	0.041039	0.045235	0.0361	0.035835
0.040292	0.045566	0.03182	0.02615	0.034294	0.035177	0.044824	0.031741	0.04786	0.036831	0.035534	0.045116
0.041387	0.042299	0.027683	0.02886	0.039125	0.033365	0.055693	0.031169	0.045082	0.045254	0.038763	0.036932
0.031515	0.039343	0.036403	0.030202	0.04056	0.039101	0.049897	0.035094	0.036697	0.055062	0.038774	0.034404
0.036402	0.03994	0.030056	0.030308	0.042063	0.043348	0.038016	0.034304	0.048976	0.054689	0.037294	0.035078
0.031669	0.047231	0.03564	0.034531	0.042548	0.033572	0.048474	0.035836	0.053802	0.039572	0.036409	0.034391
0.036908	0.043656	0.037623	0.030974	0.033923	0.034093	0.054902	0.037011	0.04824	0.051511	0.04579	0.041993
0.038765	0.040392	0.038998	0.031466	0.035142	0.035783	0.04421	0.033589	0.058819	0.044819	0.052794	0.043708
0.038878	0.038029	0.031486	0.032045	0.03963	0.030308	0.040886	0.033121	0.061844	0.04267	0.059978	0.034985
0.0394	0.037919	0.034411	0.033751	0.029539	0.031316	0.038593	0.036691	0.061377	0.057193	0.0461	0.035901
0.035829	0.03428	0.039879	0.039196	0.027315	0.031241	0.052118	0.040014	0.06178	0.061514	0.03628	0.046955
0.043059	0.034119	0.044997	0.042482	0.029603	0.033465	0.049884	0.041326	0.055317	0.05854	0.039066	0.03807
0.04311	0.035776	0.051487	0.039507	0.034416	0.035422	0.062106	0.038356	0.055356	0.066065	0.043153	0.043574
0.046206	0.038924	0.047475	0.036282	0.032039	0.039314	0.050625	0.042313	0.052549	0.053774	0.049924	0.046594
0.032762	0.043628	0.036482	0.038001	0.029984	0.035724	0.041725	0.053825	0.042777	0.058453	0.055004	0.039933
0.034176	0.040027	0.030123	0.032396	0.027647	0.031429	0.041658	0.048543	0.049049	0.046896	0.057991	0.033569
0.031132	0.037463	0.028067	0.03312	0.038473	0.037573	0.042318	0.049892	0.046255	0.042313	0.050216	0.037393
0.030829	0.037701	0.027182	0.035016	0.031737	0.044136	0.041927	0.049408	0.052452	0.045906	0.041201	0.040856
0.033634	0.040319	0.028294	0.030811	0.028947	0.043074	0.045813	0.043594	0.049391	0.045583	0.039383	0.046795
0.034102	0.038974	0.031138	0.030163	0.040222	0.045711	0.043897	0.043915	0.050486	0.043909	0.051764	0.050081
0.035856	0.038949	0.046369	0.026916	0.032536	0.036344	0.051362	0.042364	0.046292	0.050246	0.064299	0.044806
0.03327	0.038545	0.045099	0.036919	0.035263	0.042531	0.048219	0.038868	0.0417	0.04642	0.066752	0.037609
0.031086	0.045675	0.046473	0.034212	0.032719	0.032263	0.047763	0.038762	0.045765	0.045539	0.064963	0.036525
0.033013	0.042021	0.049191	0.035033	0.032953	0.029983	0.049765	0.040437	0.047856	0.045002	0.075116	0.043234
0.035653	0.038267	0.043357	0.040834	0.032952	0.039745	0.049302	0.0415	0.052204	0.042756	0.057876	0.044508
0.035386	0.043883	0.045258	0.040126	0.033125	0.044371	0.04632	0.044403	0.057364	0.047016	0.062792	0.056321
0.035227	0.045274	0.037797	0.037666	0.031047	0.045312	0.042658	0.04618	0.063889	0.057288	0.062237	0.069311
0.037702	0.038322	0.032619	0.037676	0.033882	0.047642	0.046041	0.050489	0.067744	0.072239	0.067993	0.049102
0.037239	0.037385	0.038005	0.042792	0.02929	0.038995	0.071321	0.053842	0.059397	0.077255	0.062711	0.045469
0.035086	0.040293	0.027378	0.043511	0.02811	0.051467	0.062818	0.054861	0.055077	0.082277	0.064126	0.042072
0.04413	0.037546	0.03927	0.042554	0.03248	0.041593	0.0557	0.047746	0.055494	0.063461	0.075026	0.037313
0.037015	0.045203	0.04185	0.041804	0.041657	0.043235	0.054937	0.051421	0.052053	0.062722	0.06895	0.032603
0.043384	0.047509	0.046756	0.048518	0.034857	0.043465	0.060313	0.04902	0.05399	0.058792	0.063107	0.031962
0.051284	0.049871	0.043861	0.049509	0.026809	0.031691	0.05151	0.049337	0.065974	0.055146	0.067105	0.031453
0.050426	0.047524	0.046401	0.044756	0.027978	0.027033	0.056297	0.047626	0.046299	0.053997	0.067694	0.047195
0.04684	0.041819	0.04135	0.052329	0.031355	0.031417	0.052798	0.046301	0.051693	0.054136	0.07276	0.056837
0.045575	0.041171	0.052027	0.042349	0.027436	0.029679	0.042455	0.041978	0.055285	0.055709	0.07156	0.057293
0.048449	0.044278	0.043167	0.034599	0.032464	0.0284	0.047022	0.040432	0.062368	0.056947	0.072915	0.052328
0.050818	0.050659	0.030434	0.039289	0.03024	0.03766	0.047327	0.041458	0.076877	0.054469	0.069365	0.047741
0.047153	0.051367	0.043086	0.044478	0.034389	0.049734	0.050511	0.048954	0.073802	0.062157	0.064671	0.048506
0.043675	0.034854	0.040149	0.051701	0.038555	0.052575	0.059191	0.050287	0.070875	0.073345	0.064538	0.045713
0.040339	0.037761	0.02733	0.055122	0.031617	0.044371	0.049686	0.06081	0.069523	0.075317	0.059257	0.039517
0.035425	0.039495	0.026263	0.047666	0.035453	0.048261	0.053668	0.062086	0.068821	0.07335	0.06766	0.047338
0.048591	0.041704	0.029954	0.050172	0.03271	0.056038	0.066129	0.060977	0.072483	0.073806	0.064635	0.051623
0.037131	0.051932	0.033895	0.045656	0.037728	0.047735	0.050824	0.058681	0.074826	0.06829	0.060872	0.042398
0.036327	0.05143	0.039869	0.044816	0.040773	0.045144	0.060673	0.053193	0.075709	0.071192	0.061949	0.04142
0.041187	0.050741	0.04756	0.036187	0.034562	0.03885	0.070742	0.057083	0.092754	0.073422	0.064267	0.035115
0.040594	0.054089	0.033224	0.032909	0.040631	0.033051	0.064785	0.062352	0.075914	0.070013	0.058643	0.033926
0.03859	0.056343	0.030611	0.039414	0.0409	0.026717	0.068147	0.057484	0.073519	0.061901	0.059392	0.03464
0.037557	0.047132	0.034017	0.03771	0.043255	0.023373	0.06633	0.059503	0.071904	0.066565	0.056476	0.035147
0.038037	0.046348	0.043146	0.035263	0.047494	0.026321	0.069464	0.060101	0.066891	0.075749	0.061781	0.036469
0.042001	0.045516	0.037191	0.033664	0.043162	0.033916	0.062833	0.050961	0.0766	0.069631	0.055955	0.038948
0.044445	0.040831	0.031658	0.03027	0.04306	0.035483	0.064925	0.050506	0.085093	0.067851	0.057161	0.045866
0.032727	0.040695	0.041529	0.028254	0.042588	0.029189	0.063874	0.058543	0.070189	0.073353	0.069486	0.048258
0.0323	0.047066	0.037357	0.029732	0.039272	0.030761	0.063095	0.054533	0.072149	0.06618	0.058523	0.050723
0.033914	0.048092	0.039814	0.039493	0.039487	0.0333	0.064617	0.05097	0.071929	0.065109	0.057884	0.057662
0.040854	0.039764	0.041359	0.04352	0.035284	0.034961	0.060056	0.047971	0.06481	0.064174	0.036857	0.046854
0.03822	0.047036	0.056673	0.050176	0.034876	0.032506	0.058569	0.047646	0.06345	0.071356	0.031704	0.047259
0.045556	0.030931	0.047135	0.043966	0.031957	0.034941	0.056274	0.050072	0.073355	0.072115	0.038095	0.039251
0.038026	0.032538	0.039674	0.040629	0.034304	0.036317	0.058824	0.053494	0.073417	0.066789	0.040262	0.031929
0.034339	0.039153	0.046484	0.044454	0.037221	0.028291	0.061295	0.052259	0.072414	0.066722	0.040152	0.031821
0.033432	0.046112	0.0358	0.044646	0.040478	0.029729	0.061345	0.050818	0.066526	0.065492	0.052598	0.040997
0.043519	0.038717	0.020401	0.030178	0.043112	0.030737	0.061052	0.047141	0.068232	0.067804	0.047606	0.048671
0.054575	0.036194	0.022787	0.026482	0.049261	0.035012	0.064101	0.045539	0.066819	0.064765	0.043908	0.053035
0.046443	0.029942	0.023708	0.026492	0.05029	0.038372	0.070414	0.044825	0.063637	0.062081	0.042202	0.051486
0.05067	0.047224	0.028883	0.031666	0.038387	0.032407	0.055192	0.048946	0.076036	0.06447	0.035198	0.046336
0.05248	0.041147	0.029134	0.035757	0.03775	0.031364	0.05742	0.046166	0.069408	0.065087	0.04719	0.041187
0.045333	0.033789	0.033187	0.037377	0.03909	0.029324	0.066539	0.037589	0.070283	0.078205	0.045255	0.032481
0.047582	0.032656	0.03011	0.030857	0.026926	0.033123	0.060208	0.041359	0.074208	0.074201	0.039249	0.029805
0.048553	0.044	0.018725	0.034247	0.02712	0.032016	0.066854	0.045364	0.064028	0.062738	0.040596	0.035732
0.049779	0.043253	0.024901	0.027604	0.043637	0.038489	0.066276	0.052491	0.071112	0.079548	0.040876	0.035277
0.047783	0.037451	0.030875	0.030963	0.037117	0.040392	0.062516	0.047468	0.069297	0.062005	0.044291	0.03581
0.051093	0.033522	0.032788	0.036531	0.030937	0.042003	0.061569	0.048438	0.069567	0.0654	0.04638	0.039646
0.052572	0.043374	0.03893	0.037541	0.025524	0.041279	0.052279	0.053075	0.066172	0.065856	0.053935	0.037702
0.052373	0.031493	0.044014	0.036382	0.030825	0.040897	0.059948	0.047265	0.057371	0.057129	0.065093	0.045431
0.048893	0.029513	0.039821	0.036576	0.037346	0.033951	0.04448	0.048047	0.049459	0.059746	0.071481	0.049556
0.050268	0.030806	0.031785	0.045106	0.032216	0.027483	0.037631	0.04094	0.039188	0.063686	0.066332	0.038531
0.046124	0.03928	0.031308	0.037764	0.031362	0.023914	0.040208	0.03599	0.04241	0.060316	0.059843	0.033821
0.04563	0.037642	0.035722	0.029132	0.040406	0.024722	0.048603	0.034612	0.045339	0.057402	0.061845	0.040084
0.046251	0.04364	0.042563	0.036603	0.031946	0.030399	0.046173	0.037027	0.063263	0.058605	0.059731	0.038965
0.034758	0.043131	0.040308	0.02865	0.029155	0.029208	0.053309	0.038793	0.069988	0.056409	0.056035	0.033874
0.034803	0.031935	0.032832	0.029448	0.025944	0.027796	0.056642	0.04265	0.06606	0.065116	0.049788	0.040149
0.027105	0.033428	0.034048	0.030725	0.033862	0.035175	0.052356	0.050815	0.056618	0.055331	0.038197	0.044884
0.03174	0.036939	0.030151	0.028169	0.041321	0.037036	0.037078	0.043968	0.064232	0.045757	0.035025	0.065639
0.033777	0.031122	0.02947	0.032704	0.028413	0.036115	0.042446	0.041916	0.068135	0.045919	0.037282	0.045867
0.039271	0.040035	0.048586	0.031984	0.03199	0.029119	0.047135	0.043946	0.066266	0.047721	0.038169	0.036513
0.040354	0.039132	0.035712	0.035001	0.045679	0.033647	0.037659	0.040946	0.080942	0.044801	0.040013	0.031545
0.030788	0.039778	0.036361	0.038129	0.041771	0.038122	0.060137	0.043988	0.065205	0.045586	0.040015	0.032117
0.046896	0.038766	0.026242	0.04949	0.037866	0.030867	0.047883	0.046665	0.051012	0.048506	0.038895	0.04137
0.043456	0.049814	0.03519	0.049181	0.029943	0.03972	0.043496	0.043172	0.042209	0.049387	0.043937	0.044842
0.027653	0.042214	0.038622	0.048599	0.028235	0.041864	0.045141	0.03784	0.040019	0.045075	0.050226	0.035412
0.03515	0.041048	0.035858	0.041204	0.033231	0.04026	0.04535	0.038602	0.044654	0.052516	0.049882	0.037358
0.035615	0.031089	0.027302	0.033731	0.028533	0.033418	0.041235	0.043933	0.055585	0.047632	0.041535	0.035192
0.034425	0.040165	0.037628	0.029293	0.027376	0.031258	0.054215	0.04323	0.056014	0.045394	0.042254	0.042025
0.03755	0.045883	0.035455	0.026925	0.031179	0.034316	0.054354	0.043185	0.046537	0.0444	0.046779	0.054754
0.042799	0.048237	0.045725	0.035309	0.02941	0.027835	0.060096	0.044274	0.04438	0.043957	0.057589	0.058471
0.040676	0.049047	0.052686	0.031164	0.035598	0.022247	0.050941	0.043097	0.053081	0.041578	0.062427	0.055241
0.04332	0.046791	0.052157	0.0282	0.031459	0.027603	0.043802	0.043778	0.048144	0.042733	0.063171	0.044272
0.038295	0.052653	0.062841	0.029332	0.036507	0.041625	0.039773	0.048026	0.046884	0.045121	0.0611	0.051914
0.031049	0.057085	0.041387	0.02857	0.035108	0.025245	0.043461	0.052038	0.052987	0.050203	0.051993	0.037447
0.030392	0.043173	0.04177	0.032967	0.030514	0.031789	0.049099	0.054495	0.054061	0.066567	0.057176	0.034169
0.03098	0.047611	0.044516	0.030262	0.025925	0.029875	0.037968	0.055285	0.053492	0.065332	0.058092	0.030103
0.033393	0.056643	0.031713	0.035973	0.024107	0.028892	0.041488	0.051878	0.056613	0.061444	0.055506	0.033252
0.033495	0.056142	0.029735	0.04104	0.025809	0.029321	0.048799	0.051295	0.054646	0.061312	0.053096	0.036429
0.035549	0.058585	0.034744	0.033321	0.030807	0.031562	0.071603	0.045978	0.058256	0.07033	0.052714	0.040984
0.03607	0.044818	0.022731	0.034424	0.034051	0.036229	0.052264	0.040254	0.055943	0.067245	0.040668	0.041008
0.037834	0.031641	0.036392	0.029261	0.038635	0.037531	0.053721	0.032811	0.063801	0.066665	0.041282	0.041513
0.040355	0.029404	0.033927	0.042865	0.040031	0.04331	0.069774	0.03642	0.06614	0.058569	0.04415	0.034673
0.037685	0.031132	0.040293	0.04861	0.035096	0.039531	0.042575	0.039328	0.081639	0.069969	0.042754	0.034638
0.04064	0.035226	0.046713	0.03077	0.026594	0.032555	0.041393	0.040569	0.071363	0.067398	0.039802	0.042124
0.057217	0.033176	0.05098	0.035525	0.030667	0.027975	0.06078	0.040967	0.060138	0.059536	0.042059	0.040032
0.040438	0.03344	0.047481	0.032283	0.035438	0.031849	0.067623	0.040837	0.064184	0.046113	0.051668	0.037601
0.04051	0.034474	0.048572	0.030068	0.030399	0.037377	0.041316	0.041531	0.072357	0.043333	0.047728	0.037505
0.047737	0.029065	0.04422	0.033752	0.035176	0.042669	0.051988	0.045663	0.063867	0.046845	0.056178	0.03743
0.05148	0.031357	0.05459	0.038177	0.03481	0.037374	0.044137	0.045028	0.055904	0.053537	0.060064	0.041504
0.033364	0.034616	0.040136	0.047872	0.033896	0.032635	0.055727	0.037217	0.062317	0.063738	0.055082	0.04593
0.046109	0.055858	0.045271	0.033123	0.027869	0.035358	0.059548	0.038691	0.060404	0.061076	0.055782	0.042572
0.041054	0.043284	0.030154	0.033843	0.03359	0.040558	0.058125	0.040884	0.063572	0.050964	0.061697	0.032416
0.041723	0.041265	0.028502	0.032433	0.036726	0.041733	0.060594	0.041699	0.060879	0.047446	0.042935	0.03548
0.036935	0.034259	0.038519	0.038364	0.042766	0.053496	0.072571	0.045083	0.058215	0.063133	0.038418	0.043057
0.031979	0.032776	0.033377	0.044135	0.042223	0.044756	0.065743	0.039949	0.059369	0.066712	0.037105	0.043236
0.03771	0.038024	0.027074	0.050209	0.041005	0.040952	0.070733	0.041796	0.060072	0.076267	0.040283	0.03676
0.04191	0.042742	0.026853	0.052181	0.040873	0.043993	0.068309	0.042826	0.062815	0.070447	0.053177	0.038293
0.042818	0.039408	0.029005	0.048629	0.029537	0.04265	0.071926	0.045906	0.057883	0.070889	0.072501	0.043355
0.040665	0.057478	0.040866	0.051806	0.024396	0.037609	0.064698	0.045686	0.047459	0.066009	0.059085	0.041085
0.046922	0.046721	0.049986	0.048111	0.029905	0.026276	0.067443	0.03875	0.054181	0.071703	0.055754	0.041305
0.047497	0.050554	0.045449	0.048582	0.052774	0.022796	0.064224	0.038596	0.055706	0.062221	0.055882	0.041879
0.046464	0.058759	0.058892	0.044521	0.038458	0.02566	0.059096	0.042243	0.061675	0.086807	0.051638	0.047342
0.046146	0.05269	0.043228	0.043747	0.045021	0.034361	0.064539	0.041309	0.063449	0.06547	0.042242	0.054487
0.037237	0.040909	0.040374	0.039809	0.047268	0.037148	0.068867	0.038357	0.057119	0.057903	0.036342	0.055121
0.031733	0.04262	0.040148	0.041883	0.033884	0.042452	0.05327	0.048499	0.047412	0.058051	0.040587	0.055411
0.038884	0.043311	0.043547	0.04098	0.030058	0.048216	0.059376	0.053973	0.039657	0.060635	0.040164	0.052235
0.049784	0.038318	0.039549	0.044342	0.040889	0.042274	0.063223	0.067284	0.041797	0.048956	0.049743	0.052301
0.048294	0.027616	0.032129	0.037252	0.038408	0.040825	0.069768	0.05188	0.048971	0.047007	0.064957	0.043987
0.038036	0.029037	0.02636	0.034389	0.041915	0.028624	0.063041	0.061516	0.044923	0.047202	0.064515	0.043954
0.043816	0.031611	0.027573	0.036715	0.044539	0.03619	0.066431	0.055894	0.05338	0.05478	0.061102	0.039731
0.050461	0.034878	0.029739	0.040078	0.050061	0.032424	0.063778	0.049263	0.050862	0.062578	0.064121	0.033271
0.05419	0.040262	0.029225	0.025558	0.047085	0.024034	0.062876	0.047312	0.054406	0.063397	0.063796	0.035698
0.052966	0.037245	0.03025	0.022075	0.050377	0.02894	0.07497	0.04975	0.068866	0.071301	0.061829	0.042005
0.055575	0.039123	0.030373	0.026167	0.04697	0.034926	0.059432	0.042633	0.070074	0.072679	0.071354	0.051116
0.052612	0.046987	0.038583	0.028654	0.045094	0.034042	0.059215	0.040733	0.073458	0.0624	0.048624	0.053848
0.045772	0.048337	0.040819	0.029837	0.043223	0.051833	0.057662	0.037986	0.067582	0.059899	0.052195	0.039852
0.050463	0.045992	0.045152	0.026995	0.050426	0.038827	0.062807	0.036508	0.061425	0.052098	0.052352	0.032797
0.052515	0.043613	0.048242	0.027079	0.043838	0.039895	0.054347	0.036488	0.066624	0.046826	0.049175	0.033341
0.050037	0.040378	0.046402	0.040646	0.038898	0.046714	0.059391	0.039042	0.063502	0.045779	0.05039	0.035035
0.050404	0.042318	0.041339	0.050929	0.035206	0.037645	0.057722	0.043502	0.063269	0.047803	0.037791	0.035911
0.040478	0.032119	0.035373	0.046722	0.033728	0.047454	0.052862	0.049193	0.056885	0.062052	0.032133	0.034053
0.036278	0.027804	0.032954	0.049543	0.025826	0.028152	0.059961	0.037487	0.062353	0.048686	0.039463	0.037866
0.029464	0.035469	0.029314	0.049219	0.023856	0.02574	0.054395	0.038411	0.061067	0.04681	0.045723	0.038771
0.028542	0.044013	0.021993	0.058148	0.024074	0.030803	0.059282	0.038135	0.06914	0.047475	0.037593	0.033916
0.031098	0.042388	0.025395	0.050142	0.031093	0.032027	0.051971	0.037489	0.067839	0.05084	0.038378	0.03134
0.033452	0.046893	0.027147	0.043358	0.030983	0.027466	0.049819	0.04174	0.063195	0.048256	0.036976	0.033729
0.034593	0.048291	0.023631	0.04181	0.02758	0.026847	0.046278	0.040912	0.05622	0.048889	0.037899	0.031981
0.034773	0.052199	0.029186	0.038662	0.030873	0.03068	0.050762	0.041257	0.054114	0.053525	0.035203	0.034697
0.047475	0.042352	0.023889	0.033279	0.02984	0.029022	0.052406	0.037947	0.051293	0.045888	0.035413	0.041355
0.045314	0.043102	0.028753	0.026539	0.026719	0.035402	0.047198	0.034508	0.050235	0.042255	0.040162	0.031633
0.042366	0.033799	0.02589	0.022645	0.028274	0.032892	0.052331	0.037555	0.047783	0.042713	0.050353	0.02897
0.046596	0.038035	0.026601	0.021508	0.037111	0.030258	0.053392	0.041744	0.058064	0.042384	0.054055	0.035465
0.044576	0.039929	0.027741	0.026205	0.036222	0.023828	0.045355	0.046959	0.056273	0.044718	0.048297	0.038274
0.048371	0.040203	0.029424	0.028122	0.037127	0.025251	0.039928	0.039745	0.054507	0.047353	0.037378	0.030031
0.050082	0.041295	0.029631	0.028406	0.037495	0.025455	0.036053	0.035278	0.04728	0.047359	0.040266	0.027381
0.05303	0.035995	0.030218	0.028995	0.030315	0.024898	0.039286	0.03482	0.048372	0.048484	0.044664	0.033522
0.038149	0.033734	0.030419	0.032221	0.032073	0.025785	0.039775	0.034773	0.049811	0.045546	0.038671	0.03086
0.041858	0.039925	0.037887	0.035279	0.025172	0.025847	0.03945	0.036444	0.049272	0.048453	0.040049	0.03086
0.040468	0.034594	0.03439	0.029179	0.021837	0.031666	0.038581	0.042106	0.043927	0.060629	0.037383	0.035476
0.049477	0.03395	0.029707	0.026471	0.023899	0.043272	0.039268	0.039072	0.04344	0.052775	0.040129	0.041719
0.032461	0.037109	0.028396	0.024724	0.028847	0.034915	0.041311	0.039516	0.039824	0.047552	0.038552	0.032126
0.030829	0.034743	0.029736	0.026849	0.02978	0.035423	0.051667	0.034544	0.03707	0.047293	0.047115	0.030139
0.02538	0.03166	0.029371	0.025429	0.029494	0.032004	0.042387	0.034434	0.036059	0.049991	0.052736	0.028992
0.025449	0.033804	0.022033	0.037218	0.030421	0.025557	0.035875	0.037271	0.036179	0.045228	0.048979	0.030539
0.030974	0.036676	0.024429	0.036416	0.033132	0.024834	0.044287	0.039066	0.041421	0.042782	0.050801	0.036036
0.030041	0.03352	0.028059	0.041439	0.028962	0.026758	0.042453	0.042125	0.03944	0.044073	0.044083	0.038091
0.032499	0.033419	0.040975	0.050331	0.033249	0.027203	0.044762	0.035764	0.04387	0.045109	0.036946	0.035353
0.034035	0.038759	0.041437	0.042713	0.033161	0.028039	0.046942	0.033626	0.042217	0.056264	0.03253	0.030636
0.031909	0.035263	0.056366	0.040975	0.026839	0.029275	0.044891	0.037817	0.043524	0.061409	0.029567	0.044692
0.033674	0.039284	0.046123	0.036166	0.033924	0.027561	0.046633	0.037371	0.043828	0.064382	0.034129	0.043384
0.045238	0.03626	0.032461	0.036274	0.025775	0.025193	0.036565	0.04579	0.042535	0.069642	0.03338	0.035289
0.033753	0.033889	0.019786	0.03143	0.024892	0.025515	0.036958	0.057873	0.044846	0.065559	0.036197	0.028777
0.03138	0.035698	0.023111	0.0364	0.038901	0.031033	0.037362	0.044717	0.039195	0.065163	0.039402	0.028129
0.033031	0.03079	0.023555	0.027187	0.043826	0.024771	0.03955	0.039922	0.038414	0.060777	0.03631	0.029317
0.039155	0.034569	0.024552	0.023402	0.037571	0.023698	0.041045	0.031635	0.038464	0.056447	0.035187	0.034946
0.039066	0.042407	0.023679	0.027199	0.041864	0.026895	0.048445	0.028687	0.041023	0.056101	0.035531	0.036293
0.051212	0.039053	0.026077	0.038632	0.040736	0.02715	0.058352	0.031427	0.043411	0.053465	0.036425	0.03179
0.046329	0.046296	0.035254	0.034071	0.04372	0.027712	0.056063	0.035238	0.052225	0.055121	0.036222	0.029577
0.031192	0.042335	0.029312	0.030512	0.029893	0.027767	0.056271	0.037196	0.042893	0.054102	0.043712	0.036532
0.024651	0.035493	0.034734	0.028221	0.028381	0.030043	0.050438	0.03547	0.042051	0.050921	0.040807	0.037298
0.026093	0.03161	0.033398	0.031161	0.025803	0.031459	0.043661	0.038504	0.042027	0.049857	0.049233	0.037319
0.027659	0.032745	0.027815	0.033484	0.027044	0.030579	0.048	0.035903	0.040991	0.055489	0.043463	0.038827
0.026996	0.033861	0.030785	0.029053	0.026189	0.036235	0.048771	0.039392	0.03644	0.055267	0.047665	0.046002
0.030072	0.031519	0.02976	0.028015	0.024431	0.035727	0.04499	0.034349	0.038391	0.061802	0.044027	0.050315
0.032634	0.028699	0.026336	0.02814	0.028828	0.028021	0.045876	0.036787	0.042139	0.056233	0.035582	0.04811
0.030874	0.029522	0.03899	0.023829	0.024541	0.028705	0.040311	0.044112	0.03982	0.048672	0.034149	0.055269
0.030577	0.030848	0.039513	0.022233	0.027905	0.028772	0.036632	0.044267	0.046395	0.039412	0.038145	0.04938
0.030931	0.032421	0.029725	0.037416	0.030507	0.028673	0.038487	0.041834	0.042672	0.057387	0.040634	0.036714
0.03293	0.037476	0.039808	0.026988	0.025727	0.030802	0.042992	0.0416	0.042856	0.0513	0.038422	0.033357
0.031281	0.036194	0.039604	0.034632	0.027827	0.031393	0.039921	0.043431	0.046234	0.045251	0.035335	0.028894
0.032266	0.028536	0.039452	0.0303	0.0297	0.022411	0.039005	0.046512	0.045862	0.038243	0.034495	0.026085
0.034536	0.028715	0.034643	0.023914	0.028271	0.026857	0.04139	0.063772	0.048236	0.040881	0.036698	0.025443
0.030619	0.030519	0.036946	0.025307	0.030969	0.035869	0.04061	0.055065	0.036573	0.054102	0.033912	0.027767
0.030551	0.03459	0.032793	0.024263	0.034486	0.029761	0.037435	0.050053	0.037426	0.048264	0.03552	0.030131
0.033582	0.040961	0.0284	0.030893	0.028717	0.03241	0.036516	0.041252	0.043439	0.052775	0.036151	0.033569
0.032347	0.044097	0.022479	0.031	0.024255	0.031173	0.049011	0.041435	0.043768	0.040656	0.046037	0.031894
0.03064	0.044439	0.023674	0.030201	0.022227	0.0244	0.048545	0.043838	0.042696	0.049406	0.04098	0.032511
0.034642	0.039222	0.029654	0.026275	0.023462	0.026783	0.051496	0.042431	0.040058	0.046693	0.03436	0.031302
0.04403	0.037151	0.02641	0.02644	0.028089	0.026066	0.033826	0.039668	0.039992	0.045807	0.036964	0.028428
0.046401	0.032181	0.024787	0.03218	0.030983	0.025014	0.034791	0.036778	0.037662	0.042719	0.031963	0.030084
0.040571	0.032743	0.027063	0.032186	0.025503	0.025923	0.040257	0.038185	0.037416	0.059942	0.036798	0.029305
0.039941	0.031469	0.024723	0.031807	0.026021	0.024189	0.036891	0.041205	0.042394	0.045259	0.042249	0.035298
0.034672	0.03044	0.028474	0.031196	0.029576	0.025762	0.039229	0.044291	0.059068	0.051543	0.046401	0.040247
0.043393	0.033197	0.031252	0.032338	0.033839	0.028069	0.044013	0.040329	0.07122	0.043166	0.039574	0.038687
0.038233	0.034325	0.036101	0.028246	0.035683	0.031416	0.04146	0.033988	0.068273	0.042876	0.043475	0.031798
0.034208	0.033337	0.033982	0.023155	0.028091	0.03739	0.04165	0.036853	0.056041	0.031193	0.048669	0.027443
0.037675	0.032525	0.039693	0.030431	0.035807	0.052237	0.046769	0.036039	0.057428	0.054633	0.053809	0.029356
0.03401	0.033066	0.041628	0.03375	0.045902	0.042531	0.053745	0.036763	0.054228	0.062481	0.054005	0.032486
0.033077	0.040833	0.041233	0.032378	0.044808	0.03819	0.056071	0.035292	0.062884	0.055314	0.044423	0.030788
0.035133	0.033497	0.044626	0.033603	0.03715	0.030948	0.039951	0.036184	0.045822	0.052247	0.03435	0.030473
0.035565	0.033848	0.045382	0.032355	0.03686	0.024221	0.036752	0.035056	0.047373	0.041801	0.034058	0.033337
0.036145	0.035123	0.045534	0.031535	0.044515	0.024303	0.036347	0.046263	0.047763	0.03902	0.037188	0.030413
0.034144	0.034105	0.038253	0.033245	0.032373	0.027086	0.040122	0.0349	0.052864	0.037333	0.037929	0.029995
0.033842	0.029742	0.038203	0.026236	0.020808	0.027152	0.049246	0.034421	0.04311	0.038965	0.033967	0.033028
0.036123	0.030735	0.02733	0.026936	0.026818	0.027376	0.046654	0.039265	0.041251	0.04453	0.035596	0.028864
0.036104	0.035678	0.027177	0.028087	0.032081	0.025522	0.045155	0.035497	0.045697	0.05535	0.035846	0.028248
0.031327	0.041522	0.032354	0.030197	0.025483	0.026291	0.041729	0.037555	0.037639	0.049624	0.038509	0.035828
0.032301	0.03463	0.025244	0.033621	0.023926	0.027389	0.028519	0.035212	0.0463	0.046379	0.037995	0.030761
0.028474	0.040518	0.029041	0.033785	0.030712	0.029625	0.03575	0.035685	0.04606	0.046859	0.037905	0.030729
0.028986	0.033939	0.029907	0.03176	0.035975	0.032367	0.036556	0.036912	0.0466	0.045063	0.042919	0.030976
0.029608	0.028138	0.034975	0.036122	0.035186	0.030528	0.040021	0.036366	0.038347	0.047581	0.056948	0.036462
0.029583	0.026494	0.030146	0.037384	0.029786	0.032376	0.033355	0.038439	0.037581	0.04434	0.062093	0.033242
0.029206	0.028065	0.029133	0.03738	0.028014	0.032374	0.035059	0.032568	0.040897	0.0432	0.051123	0.030397
0.031221	0.029846	0.029424	0.041635	0.036071	0.030764	0.046695	0.031935	0.037584	0.043633	0.04962	0.036051
0.03897	0.029889	0.056325	0.034806	0.031776	0.031564	0.048473	0.035084	0.051055	0.054416	0.052409	0.041612
0.043344	0.029864	0.033467	0.032393	0.035544	0.028333	0.050651	0.039937	0.044856	0.051517	0.054101	0.04493
0.038633	0.03173	0.027012	0.034683	0.034494	0.041081	0.030181	0.044805	0.043907	0.054597	0.051001	0.036211
0.032275	0.03379	0.026178	0.028507	0.025803	0.03759	0.029043	0.052722	0.040724	0.05165	0.051389	0.031824
0.036868	0.038616	0.034466	0.03408	0.035129	0.033138	0.031918	0.031944	0.035995	0.044927	0.050673	0.034621
0.032333	0.030941	0.033199	0.031057	0.033908	0.042067	0.03638	0.030417	0.037421	0.054457	0.039832	0.032261
0.033282	0.028921	0.028094	0.028172	0.022994	0.037246	0.034997	0.033241	0.043783	0.044142	0.03844	0.031137
0.030515	0.032377	0.029482	0.033937	0.022285	0.038096	0.034959	0.033729	0.046425	0.042422	0.040943	0.032485
0.036258	0.035395	0.027551	0.02622	0.028254	0.040742	0.035268	0.034696	0.042156	0.04282	0.041478	0.03469
0.03447	0.037187	0.032088	0.039283	0.027305	0.035721	0.036033	0.034182	0.049129	0.04974	0.033903	0.031622
0.038302	0.03677	0.03012	0.032494	0.027588	0.031747	0.042295	0.034297	0.04107	0.036039	0.036286	0.034734
0.031802	0.032844	0.030727	0.032882	0.029955	0.035275	0.043373	0.03354	0.043694	0.044236	0.041228	0.041828
0.036667	0.028664	0.034595	0.029717	0.026446	0.030521	0.040603	0.032491	0.048375	0.037955	0.042938	0.038261
0.03702	0.024847	0.037849	0.033493	0.028285	0.035295	0.040744	0.031351	0.04683	0.047521	0.039125	0.036366
0.041374	0.026695	0.030236	0.033847	0.046318	0.03515	0.043283	0.032591	0.043784	0.053228	0.036847	0.037295
0.034904	0.028921	0.041447	0.042339	0.037888	0.02852	0.049887	0.030959	0.044403	0.048742	0.037006	0.039989
0.03402	0.029053	0.040767	0.037066	0.03093	0.030081	0.053638	0.031168	0.033677	0.039509	0.035411	0.044035
0.032704	0.033132	0.035886	0.044561	0.034311	0.033208	0.053565	0.033477	0.03605	0.038856	0.037574	0.042253
0.018029	0.034977	0.035324	0.03378	0.022034	0.035359	0.04942	0.033491	0.039581	0.03923	0.038283	0.030198
0.020612	0.034591	0.032276	0.047365	0.034312	0.02995	0.043778	0.029387	0.041017	0.041095	0.038598	0.029851
0.031317	0.0381	0.026388	0.04316	0.0402	0.031372	0.046617	0.032314	0.041942	0.041854	0.038303	0.034206
0.037988	0.029517	0.024484	0.026507	0.042654	0.030177	0.040003	0.032049	0.054125	0.053076	0.046731	0.029801
0.034665	0.029516	0.03037	0.021523	0.04391	0.027691	0.04099	0.033579	0.051806	0.069631	0.053156	0.030795
0.03236	0.036331	0.031837	0.026325	0.037856	0.03316	0.043572	0.034519	0.05006	0.052312	0.049338	0.035654
0.042978	0.032476	0.030369	0.028907	0.033565	0.034364	0.041778	0.042525	0.044562	0.045592	0.039349	0.043178
0.040442	0.029561	0.026943	0.029535	0.031666	0.026787	0.041459	0.042198	0.050559	0.046995	0.039152	0.042451
0.04289	0.032217	0.025542	0.028949	0.030791	0.035509	0.043169	0.041145	0.048352	0.041311	0.041577	0.045563
0.041781	0.030603	0.031012	0.0345	0.037905	0.037275	0.040682	0.037633	0.041655	0.036117	0.040086	0.037923
0.046538	0.032256	0.033551	0.03033	0.040291	0.032651	0.043343	0.030404	0.040201	0.041079	0.04026	0.030796
0.032879	0.032026	0.033506	0.028232	0.043544	0.031189	0.041631	0.033009	0.036347	0.041047	0.043195	0.031228
0.036397	0.031973	0.031134	0.028017	0.031918	0.031636	0.03193	0.032918	0.040824	0.041687	0.044368	0.031232
0.029097	0.033557	0.033962	0.03072	0.037899	0.03322	0.037895	0.034628	0.03581	0.039655	0.036084	0.033935
0.028575	0.03262	0.035064	0.030492	0.0529	0.031485	0.047978	0.031543	0.040567	0.043784	0.035454	0.033602
0.030975	0.027145	0.030622	0.028541	0.039857	0.031317	0.043793	0.031702	0.041846	0.046305	0.036899	0.034171
0.036419	0.029674	0.029223	0.030001	0.047612	0.032078	0.035492	0.030041	0.042817	0.043463	0.03939	0.033175
0.03481	0.032315	0.025349	0.041229	0.035577	0.029278	0.043718	0.033328	0.040218	0.046144	0.039043	0.033495
0.034114	0.03088	0.033258	0.034756	0.026685	0.032143	0.037896	0.034537	0.043217	0.04735	0.041745	0.034764
0.024335	0.030071	0.039137	0.031457	0.025932	0.037814	0.039519	0.040055	0.041922	0.052954	0.041999	0.03335
0.035037	0.030427	0.030994	0.030978	0.029511	0.036495	0.039173	0.041755	0.03613	0.045063	0.040168	0.036829
0.036151	0.030593	0.033594	0.045846	0.027473	0.0301	0.040494	0.040036	0.038156	0.043	0.040134	0.036728
0.034585	0.032631	0.034126	0.027093	0.026019	0.029467	0.037321	0.032431	0.042267	0.046942	0.041606	0.033656
0.039594	0.033113	0.03272	0.037239	0.028166	0.033137	0.041205	0.028369	0.041242	0.063022	0.043104	0.037852
0.038339	0.035271	0.04064	0.032602	0.030442	0.035503	0.042753	0.03506	0.045035	0.051349	0.054479	0.0399
0.033968	0.041666	0.039329	0.032764	0.031225	0.033165	0.043759	0.041611	0.052738	0.044777	0.054894	0.03087
0.036078	0.038057	0.033244	0.028644	0.03216	0.031849	0.043316	0.040843	0.050344	0.035776	0.059583	0.041873
0.034031	0.032566	0.030942	0.033395	0.031902	0.033604	0.054458	0.040026	0.04527	0.038604	0.048698	0.043873
0.035433	0.028593	0.032858	0.036723	0.025847	0.032572	0.0554	0.040393	0.042665	0.040029	0.042609	0.045238
0.031468	0.030013	0.032436	0.038293	0.027366	0.033349	0.046048	0.034276	0.045249	0.041672	0.037083	0.044974
0.037021	0.030443	0.027654	0.029297	0.039208	0.037508	0.04556	0.033254	0.03958	0.038271	0.041547	0.036043
0.056799	0.030748	0.033194	0.026522	0.037079	0.041624	0.047431	0.034687	0.040589	0.03886	0.036152	0.029632
0.044259	0.031058	0.03146	0.027608	0.028393	0.041629	0.047942	0.041184	0.04069	0.042018	0.039361	0.029724
0.041456	0.031002	0.032563	0.031133	0.028683	0.035631	0.036874	0.04546	0.038224	0.042173	0.036747	0.030772
0.049878	0.030266	0.034449	0.034739	0.031276	0.027968	0.039789	0.054933	0.042477	0.043187	0.040089	0.035747
0.044284	0.030124	0.0373	0.028072	0.02828	0.029164	0.040425	0.047666	0.041466	0.042034	0.042034	0.035676
0.043217	0.030364	0.043088	0.033424	0.024996	0.030764	0.039332	0.046599	0.045348	0.044674	0.041795	0.034036
0.034755	0.029922	0.03534	0.031052	0.028182	0.032183	0.040887	0.037609	0.040498	0.056595	0.039819	0.03505
0.032959	0.03122	0.02934	0.038762	0.032246	0.03492	0.039647	0.04123	0.041598	0.044022	0.039243	0.04439
0.027157	0.031803	0.031847	0.035235	0.031812	0.032193	0.042389	0.042139	0.039441	0.06148	0.041109	0.04517
0.023906	0.033265	0.030447	0.029657	0.027833	0.037786	0.041464	0.037107	0.041395	0.04569	0.038789	0.036957
0.044636	0.033698	0.02746	0.034745	0.028753	0.032823	0.042413	0.034122	0.041504	0.058153	0.045926	0.033344
0.038431	0.034891	0.030392	0.037706	0.031169	0.033204	0.042686	0.036978	0.043566	0.071361	0.055772	0.038543
0.024654	0.03808	0.039771	0.032834	0.028167	0.031998	0.041798	0.04076	0.041018	0.058051	0.062675	0.041623
0.025455	0.04116	0.033565	0.03086	0.030723	0.034554	0.041734	0.038364	0.039534	0.054685	0.07152	0.046746
0.026917	0.042458	0.03654	0.031907	0.031847	0.038397	0.042129	0.042246	0.048747	0.06313	0.056722	0.052293
0.029446	0.042015	0.037537	0.034799	0.03439	0.039064	0.046592	0.038057	0.049874	0.060626	0.052013	0.046146
0.03303	0.031878	0.037578	0.035947	0.03736	0.032793	0.041111	0.03843	0.060061	0.059547	0.04266	0.043433
0.032144	0.028736	0.033892	0.037373	0.039358	0.035899	0.043273	0.041888	0.061097	0.055554	0.036671	0.03394
0.031697	0.032865	0.044242	0.033551	0.024218	0.044593	0.04206	0.043074	0.051255	0.054799	0.037635	0.033444
0.031824	0.032525	0.052868	0.040904	0.023537	0.039642	0.042988	0.03823	0.050569	0.047298	0.040878	0.035532
0.037914	0.035131	0.049896	0.044544	0.02583	0.044512	0.040543	0.039093	0.045297	0.039826	0.053657	0.038283
0.030346	0.034813	0.047682	0.040141	0.026549	0.033044	0.041143	0.04269	0.041626	0.038779	0.061439	0.039541
0.038453	0.033174	0.049246	0.043457	0.027516	0.042358	0.039119	0.034427	0.045208	0.040392	0.07037	0.037992
0.037823	0.035347	0.056542	0.044329	0.030459	0.04246	0.045511	0.038346	0.046287	0.045584	0.06778	0.044223
0.03204	0.038075	0.053343	0.046818	0.035972	0.04519	0.05114	0.044921	0.046402	0.056616	0.065744	0.056492
0.036109	0.040308	0.051903	0.045515	0.035324	0.047753	0.050351	0.046487	0.049068	0.059538	0.072686	0.041825
0.029429	0.033621	0.038992	0.047944	0.037906	0.037182	0.044765	0.044847	0.047304	0.057089	0.04885	0.036151
0.031665	0.033991	0.052279	0.038242	0.033742	0.032659	0.048207	0.045835	0.049029	0.053971	0.035104	0.042975
0.038529	0.039713	0.040859	0.041833	0.024823	0.037721	0.038671	0.043871	0.044155	0.048615	0.05006	0.052379
0.032754	0.042184	0.047141	0.030793	0.031956	0.039858	0.037502	0.037597	0.046002	0.050481	0.066006	0.05021
0.046987	0.04334	0.053539	0.027235	0.03967	0.033244	0.044635	0.040535	0.04166	0.055733	0.065571	0.052473
0.037975	0.045885	0.044778	0.03095	0.034262	0.040026	0.044226	0.03932	0.046318	0.061835	0.057588	0.051103
0.033947	0.045483	0.051177	0.033134	0.032506	0.040702	0.062287	0.042446	0.052776	0.045558	0.05961	0.038393
0.039492	0.03999	0.047734	0.03645	0.030488	0.030224	0.04488	0.049354	0.056724	0.052152	0.065063	0.034571
0.032796	0.041697	0.045324	0.044768	0.039555	0.050366	0.050022	0.045468	0.052315	0.063977	0.061301	0.037292
0.026339	0.042751	0.052119	0.043243	0.037718	0.046767	0.056209	0.038584	0.051988	0.053516	0.060115	0.049493
0.026309	0.044902	0.053119	0.04643	0.031424	0.038402	0.058127	0.040734	0.051211	0.052271	0.06528	0.057872
0.02852	0.040556	0.049616	0.050045	0.035533	0.034484	0.048736	0.043954	0.046316	0.052906	0.062145	0.05105
0.029873	0.036407	0.050485	0.039465	0.035016	0.030931	0.057172	0.050968	0.052232	0.067432	0.060229	0.053794
0.030576	0.032807	0.039151	0.039392	0.030702	0.037491	0.048585	0.058616	0.05689	0.067687	0.064416	0.058595
0.033211	0.034054	0.034886	0.034923	0.037864	0.039718	0.036991	0.058291	0.053729	0.069676	0.056863	0.052395
0.03716	0.041281	0.039035	0.041478	0.034039	0.049886	0.042273	0.059171	0.058171	0.066923	0.058057	0.051754
0.035793	0.034254	0.038388	0.043291	0.034194	0.046817	0.056628	0.051603	0.066587	0.063518	0.061561	0.051964
0.035367	0.031005	0.037882	0.055605	0.038029	0.04775	0.054037	0.051794	0.069918	0.064219	0.068327	0.054147
0.033811	0.032116	0.036275	0.046986	0.031458	0.057664	0.055808	0.04351	0.063528	0.070679	0.061184	0.046629
0.031177	0.035715	0.039776	0.042109	0.039667	0.046833	0.047331	0.036903	0.067229	0.068022	0.062252	0.04638
0.031823	0.040563	0.040071	0.037485	0.038034	0.042798	0.056409	0.038349	0.062692	0.089038	0.054521	0.053788
0.039159	0.042274	0.039616	0.037369	0.037505	0.036795	0.064706	0.048026	0.066481	0.059777	0.05463	0.043532
0.033291	0.049072	0.047618	0.040022	0.04468	0.029046	0.055246	0.052407	0.072125	0.067379	0.057387	0.037864
0.028799	0.052026	0.050767	0.036938	0.045776	0.028916	0.060952	0.040723	0.070478	0.071531	0.05411	0.032286
0.03307	0.049989	0.04352	0.034924	0.043927	0.036731	0.063124	0.035887	0.069342	0.077053	0.054121	0.032195
0.032724	0.045771	0.037692	0.037404	0.043743	0.042688	0.06308	0.037805	0.069612	0.084189	0.049012	0.036219
0.032934	0.043406	0.033024	0.043537	0.047705	0.034737	0.055822	0.041079	0.073525	0.079314	0.04601	0.057076
0.03622	0.047168	0.028447	0.047654	0.040183	0.033389	0.066244	0.056111	0.078624	0.078523	0.04531	0.046347
0.041134	0.044904	0.0253	0.046265	0.045157	0.032988	0.062644	0.05461	0.073354	0.076103	0.054561	0.04462
0.037767	0.039587	0.027319	0.041653	0.034236	0.030209	0.063395	0.048454	0.067235	0.081087	0.045989	0.051625
0.042541	0.040603	0.029612	0.04034	0.031793	0.033139	0.050035	0.050231	0.084373	0.078836	0.049952	0.054903
0.046341	0.041416	0.034321	0.03931	0.034203	0.03262	0.050106	0.05694	0.062393	0.080728	0.045135	0.049084
0.037632	0.030909	0.036628	0.04401	0.038324	0.032547	0.057032	0.05633	0.065786	0.076376	0.038589	0.05074
0.029715	0.028859	0.035211	0.030529	0.034586	0.028743	0.051103	0.056984	0.063892	0.075166	0.044143	0.049681
0.034684	0.031467	0.029682	0.030081	0.040026	0.039573	0.048972	0.065941	0.067972	0.075116	0.047279	0.043313
0.036837	0.031484	0.030701	0.03134	0.041485	0.038095	0.069529	0.052177	0.071555	0.074699	0.049467	0.042805
0.035218	0.033608	0.038233	0.037785	0.037367	0.038796	0.049029	0.04588	0.077232	0.075643	0.045056	0.054709
0.039635	0.038934	0.041943	0.026029	0.035439	0.033513	0.038344	0.040815	0.070588	0.076144	0.040349	0.050092
0.045055	0.042523	0.040717	0.025658	0.028876	0.02919	0.050332	0.034955	0.07654	0.07262	0.038088	0.041749
0.045343	0.036413	0.040845	0.042167	0.029139	0.027911	0.040281	0.036381	0.076218	0.07361	0.046674	0.038467
0.037949	0.028333	0.047773	0.036168	0.039232	0.03034	0.053354	0.036436	0.065599	0.069426	0.059309	0.046769
0.040137	0.029424	0.050253	0.044012	0.041276	0.0389	0.050421	0.038606	0.067363	0.067356	0.065573	0.046783
0.033703	0.035243	0.037226	0.061596	0.043123	0.037136	0.048028	0.042979	0.061408	0.067816	0.070762	0.046093
0.032134	0.03758	0.043402	0.036972	0.044809	0.027403	0.066188	0.040833	0.066864	0.064715	0.056317	0.050369
0.033682	0.035712	0.03066	0.025531	0.044332	0.031557	0.04527	0.033127	0.066136	0.06929	0.057447	0.032918
0.032584	0.031387	0.04814	0.026394	0.04406	0.028149	0.060951	0.037572	0.057618	0.062386	0.056226	0.030175
0.033194	0.03269	0.037945	0.033146	0.03899	0.036105	0.058055	0.034783	0.047885	0.053447	0.047918	0.031603
0.035773	0.036735	0.028211	0.027611	0.040918	0.04109	0.058849	0.035649	0.040398	0.046175	0.046014	0.029041
0.041574	0.036282	0.031831	0.027386	0.037325	0.039492	0.057538	0.044565	0.042377	0.047177	0.039962	0.032913
0.043894	0.037835	0.028121	0.031372	0.039266	0.040045	0.061162	0.043092	0.043046	0.048096	0.039458	0.03775
0.049052	0.038398	0.030375	0.034394	0.046324	0.033278	0.066185	0.043232	0.037488	0.051243	0.043446	0.03748
0.035553	0.042575	0.020281	0.032225	0.053415	0.033319	0.060851	0.050673	0.039262	0.058093	0.0406	0.042871
0.032618	0.029254	0.036552	0.038654	0.046704	0.040391	0.048611	0.052105	0.043983	0.057783	0.043087	0.037376
0.040058	0.026225	0.027257	0.044875	0.042493	0.030873	0.05103	0.054664	0.03886	0.051507	0.048979	0.044824
0.033756	0.030348	0.032381	0.03927	0.039979	0.036719	0.067072	0.055635	0.037278	0.054925	0.046101	0.051875
0.033626	0.037835	0.03773	0.039384	0.034364	0.03154	0.046687	0.063453	0.048568	0.049228	0.04567	0.051406
0.039823	0.038146	0.038771	0.04089	0.040136	0.034063	0.053575	0.05281	0.058523	0.04795	0.048866	0.040323
0.043377	0.038738	0.040337	0.041348	0.038774	0.044404	0.039014	0.047057	0.060028	0.056166	0.054932	0.038281
0.042014	0.043775	0.032118	0.042146	0.040083	0.049024	0.034563	0.045547	0.049064	0.066885	0.059896	0.03999
0.036751	0.035951	0.034115	0.030364	0.028836	0.059172	0.036941	0.045203	0.047826	0.072129	0.067569	0.047195
0.035319	0.030114	0.033453	0.037947	0.032282	0.040131	0.042257	0.038626	0.037268	0.068105	0.069586	0.041813
0.040359	0.035505	0.041787	0.036106	0.040995	0.0432	0.040967	0.045227	0.041199	0.066243	0.059777	0.053176
0.028906	0.042462	0.032093	0.041462	0.037398	0.049581	0.043849	0.04347	0.042638	0.053854	0.063309	0.04128
0.039247	0.036557	0.033161	0.036797	0.029795	0.047003	0.042667	0.033908	0.043521	0.045914	0.053863	0.034515
0.036272	0.030057	0.042645	0.041312	0.029667	0.047884	0.041834	0.033512	0.053403	0.050349	0.054732	0.036648
0.03715	0.037188	0.047652	0.04467	0.042074	0.031928	0.049399	0.040647	0.053319	0.059657	0.056346	0.044428
0.033124	0.041431	0.036008	0.043601	0.041277	0.028478	0.052762	0.04666	0.040826	0.067237	0.050174	0.047303
0.034582	0.035696	0.022085	0.044445	0.036694	0.026184	0.058885	0.046213	0.050828	0.062297	0.045648	0.037468
0.03694	0.032692	0.031946	0.03932	0.028086	0.027532	0.06176	0.039283	0.044062	0.050852	0.046306	0.040471
0.033983	0.038523	0.030913	0.053879	0.029603	0.029169	0.058212	0.038947	0.03929	0.050826	0.053241	0.047291
0.049474	0.044945	0.039039	0.037283	0.035423	0.029311	0.05681	0.040017	0.041608	0.056803	0.052666	0.047125
0.047468	0.047993	0.047922	0.026954	0.035138	0.031179	0.051936	0.04369	0.041162	0.056279	0.052812	0.048364
0.03652	0.04505	0.037605	0.02537	0.038002	0.035613	0.05932	0.047115	0.039517	0.065779	0.04197	0.045691
0.036213	0.044538	0.026759	0.025676	0.039391	0.040703	0.045942	0.042965	0.039626	0.056627	0.036917	0.053955
0.035821	0.048632	0.034344	0.028164	0.021063	0.041343	0.037986	0.034004	0.042212	0.058949	0.044227	0.038838
0.041054	0.045096	0.028391	0.033003	0.027968	0.039414	0.032462	0.035274	0.047701	0.071242	0.04499	0.03406
0.034821	0.057191	0.038417	0.037339	0.046434	0.031468	0.036396	0.044751	0.056061	0.070547	0.052585	0.033403
0.035767	0.048701	0.034469	0.040432	0.03759	0.025764	0.042421	0.044211	0.060689	0.067581	0.047109	0.038387
0.023568	0.04325	0.039192	0.039853	0.037492	0.03099	0.055163	0.046112	0.074619	0.059613	0.040772	0.043236
0.032723	0.046477	0.034651	0.031199	0.03975	0.035956	0.037674	0.045398	0.072387	0.063743	0.040271	0.036806
0.039616	0.04038	0.025311	0.025551	0.024621	0.029236	0.049623	0.048588	0.061519	0.05427	0.048765	0.039044
0.038513	0.040012	0.041928	0.030626	0.046675	0.028374	0.032591	0.042864	0.058324	0.048383	0.053773	0.050154
0.04119	0.035055	0.046677	0.030085	0.036349	0.0297	0.038687	0.038687	0.064498	0.043766	0.068923	0.04152
0.043618	0.036687	0.046334	0.036425	0.03027	0.035579	0.047881	0.040365	0.063592	0.049627	0.068591	0.039293
0.040091	0.038125	0.046864	0.040238	0.02889	0.033399	0.048925	0.048656	0.069549	0.055952	0.07025	0.048199
0.038171	0.033583	0.049849	0.044748	0.030851	0.031494	0.056855	0.052453	0.062532	0.072808	0.059795	0.042355
0.037068	0.039877	0.049221	0.045955	0.027471	0.035715	0.050343	0.044632	0.067557	0.054482	0.071252	0.039305
0.035758	0.045841	0.045964	0.0442	0.030256	0.028627	0.061146	0.044801	0.051309	0.048168	0.055501	0.036072
0.034101	0.043082	0.037176	0.045837	0.024855	0.032615	0.057585	0.03277	0.042498	0.048851	0.066488	0.04463
0.025922	0.040266	0.033115	0.044041	0.03796	0.036326	0.052092	0.032033	0.039165	0.056355	0.050049	0.04096
0.02774	0.032766	0.040299	0.056342	0.0369	0.042733	0.053991	0.034307	0.039286	0.060417	0.05313	0.038517
0.035763	0.033177	0.029591	0.035213	0.037584	0.04369	0.050267	0.03977	0.037885	0.07017	0.045131	0.044814
0.043095	0.033718	0.041413	0.027867	0.030904	0.049362	0.035189	0.037404	0.037893	0.07893	0.053598	0.045654
0.048734	0.035325	0.038028	0.031575	0.031346	0.048696	0.044609	0.039958	0.038976	0.06133	0.050019	0.042792
0.039554	0.030488	0.036916	0.025295	0.046116	0.040105	0.047597	0.049993	0.043556	0.058377	0.041372	0.03941
0.046057	0.030089	0.027431	0.032936	0.040944	0.044546	0.050137	0.052351	0.040909	0.047687	0.044306	0.039168
0.050101	0.035981	0.032897	0.038628	0.042682	0.05152	0.053346	0.05353	0.040939	0.052257	0.045193	0.04618
0.035252	0.041782	0.031279	0.030109	0.035549	0.04325	0.042336	0.054787	0.038947	0.06375	0.047463	0.046397
0.032536	0.043908	0.030046	0.035627	0.039766	0.040949	0.054491	0.043672	0.04071	0.063317	0.048292	0.038517
0.037535	0.036848	0.035256	0.0359	0.036702	0.047288	0.047552	0.034089	0.043199	0.062219	0.066059	0.046343
0.033959	0.026106	0.035319	0.036523	0.032325	0.035443	0.055882	0.034123	0.043679	0.066555	0.057108	0.039926
0.033946	0.032511	0.041025	0.029756	0.028584	0.041696	0.065098	0.032415	0.052443	0.065899	0.048697	0.045291
0.03903	0.042519	0.044252	0.035099	0.032109	0.032447	0.05824	0.035942	0.054315	0.060319	0.052236	0.045724
0.042917	0.040459	0.040497	0.039526	0.041451	0.025425	0.059524	0.033355	0.058668	0.059005	0.046529	0.026318
0.035424	0.036669	0.042016	0.051077	0.037906	0.027904	0.062706	0.033073	0.057558	0.049311	0.054857	0.043462
0.034509	0.039931	0.03766	0.044822	0.029384	0.035322	0.055011	0.039156	0.05202	0.050526	0.055518	0.043262
0.032256	0.038589	0.031474	0.045674	0.037526	0.032906	0.052942	0.044525	0.041159	0.052014	0.057738	0.045421
0.050837	0.043895	0.035072	0.058808	0.040412	0.032732	0.040246	0.046892	0.040585	0.057092	0.060518	0.0417
0.043952	0.045303	0.030608	0.046782	0.035448	0.025696	0.035689	0.052627	0.044386	0.06533	0.047732	0.039655
0.041397	0.049592	0.032656	0.043179	0.031833	0.027448	0.038711	0.043619	0.048868	0.067563	0.03346	0.032732
0.051716	0.053555	0.048553	0.041156	0.025695	0.035227	0.039071	0.036382	0.046721	0.061613	0.034276	0.031157
0.049809	0.04145	0.039699	0.036539	0.037921	0.032779	0.043193	0.03454	0.047459	0.064132	0.064841	0.043953
0.048912	0.044936	0.045413	0.041139	0.057367	0.032984	0.040132	0.033661	0.053822	0.064132	0.058451	0.041789
0.048693	0.043054	0.047898	0.033612	0.04845	0.03188	0.042929	0.040135	0.072141	0.064673	0.044749	0.038484
0.056092	0.049421	0.049653	0.030347	0.042954	0.036513	0.054437	0.045867	0.064982	0.065551	0.047023	0.044236
0.043588	0.043022	0.047295	0.034086	0.043236	0.046593	0.057326	0.055384	0.05898	0.058946	0.054481	0.042745
0.044011	0.03893	0.040856	0.027228	0.049625	0.058266	0.060854	0.044107	0.058278	0.046487	0.055505	0.03349
0.033955	0.043001	0.038714	0.023135	0.039585	0.048558	0.060154	0.034597	0.05539	0.051446	0.056854	0.044276
0.029088	0.036193	0.035003	0.034213	0.028953	0.044333	0.054582	0.042186	0.059356	0.064981	0.059424	0.060849
0.033476	0.031946	0.035249	0.04077	0.029482	0.044765	0.069189	0.050762	0.056738	0.052755	0.048267	0.052886
0.039394	0.027545	0.044798	0.048868	0.031867	0.046697	0.065329	0.048426	0.053797	0.054123	0.047794	0.052091
0.045896	0.029007	0.034651	0.030189	0.033613	0.042563	0.074799	0.057671	0.050722	0.054675	0.052931	0.056518
0.046903	0.032637	0.023151	0.021228	0.028601	0.045614	0.0623	0.070085	0.056106	0.047006	0.050335	0.047989
0.052682	0.036332	0.025746	0.020572	0.035115	0.043544	0.051761	0.055567	0.058875	0.061915	0.047876	0.049783
0.048319	0.036004	0.021959	0.024192	0.039329	0.037013	0.059957	0.043912	0.061091	0.062776	0.042725	0.047709
0.049163	0.042288	0.024356	0.02701	0.043533	0.033947	0.057	0.047408	0.055448	0.061031	0.036651	0.06117
0.059968	0.044801	0.023299	0.027743	0.044816	0.033706	0.055152	0.048638	0.042865	0.062111	0.02721	0.039573
0.04461	0.052003	0.031331	0.029501	0.044513	0.026122	0.057965	0.043189	0.036283	0.069095	0.036261	0.046457
0.047176	0.046392	0.032245	0.02689	0.046351	0.022148	0.035015	0.044035	0.039545	0.064234	0.043133	0.045179
0.049513	0.045552	0.031519	0.038455	0.056444	0.021453	0.03249	0.042214	0.042368	0.059293	0.054364	0.040597
0.036976	0.041911	0.03703	0.03104	0.047747	0.023114	0.037633	0.032758	0.037353	0.055446	0.049224	0.032519
0.031373	0.042656	0.031606	0.020767	0.037478	0.026151	0.048085	0.028545	0.042122	0.05072	0.036438	0.029786
0.030582	0.044487	0.032731	0.022645	0.038776	0.024021	0.041954	0.032183	0.049657	0.044306		
											
											
											
											
											
											
