0.026574	0.028872	0.0276	0.028609	0.026139	0.026641	0.044246	0.030667	0.035055	0.033769	0.032854	0.05471
0.027541	0.028633	0.022382	0.024547	0.02723	0.030689	0.04579	0.028921	0.036261	0.036819	0.032671	0.056171
0.028969	0.02731	0.025848	0.025996	0.035872	0.02826	0.044431	0.032413	0.037085	0.030282	0.032438	0.059475
0.027962	0.026608	0.027728	0.027769	0.027317	0.025876	0.040848	0.032322	0.036726	0.030432	0.034897	0.057459
0.027116	0.027316	0.026628	0.029375	0.025334	0.027283	0.039414	0.030655	0.036517	0.030721	0.028953	0.054117
0.027435	0.026442	0.02911	0.02803	0.027076	0.02372	0.035452	0.038102	0.037298	0.033217	0.028798	0.051099
0.026645	0.025949	0.027964	0.026534	0.032571	0.028245	0.030315	0.044246	0.041006	0.034306	0.028958	0.048422
0.02695	0.024347	0.024758	0.026356	0.03234	0.03457	0.032531	0.035961	0.036028	0.040049	0.030192	0.047536
0.026828	0.026398	0.025379	0.026018	0.041953	0.032429	0.034311	0.033398	0.035469	0.049164	0.031973	0.046795
0.02849	0.034006	0.028156	0.026458	0.038256	0.039325	0.033986	0.03153	0.035625	0.047914	0.041274	0.048533
0.038174	0.032112	0.025895	0.038467	0.025642	0.035599	0.03577	0.032794	0.036416	0.047081	0.0342	0.046695
0.033036	0.02847	0.024894	0.032011	0.020402	0.029233	0.037101	0.036856	0.036681	0.041353	0.033596	0.042337
0.025898	0.027608	0.025237	0.034755	0.021915	0.025638	0.035237	0.035924	0.048006	0.035612	0.033206	0.041202
0.022642	0.023243	0.02504	0.033025	0.022901	0.026927	0.034887	0.03267	0.054584	0.038494	0.033325	0.045395
0.023537	0.026816	0.025166	0.033255	0.0234	0.027053	0.036371	0.031763	0.049883	0.038371	0.030191	0.045959
0.026558	0.027352	0.027142	0.032336	0.025944	0.025097	0.030394	0.034007	0.05088	0.035119	0.032141	0.049763
0.028923	0.026764	0.024948	0.027375	0.027325	0.023291	0.031358	0.032983	0.044692	0.03599	0.03547	0.047202
0.030187	0.027605	0.024902	0.028936	0.025793	0.02368	0.034277	0.033205	0.048393	0.032106	0.033573	0.040535
0.021079	0.026837	0.03274	0.028967	0.025267	0.024384	0.036481	0.037191	0.043359	0.028865	0.038408	0.032689
0.024516	0.028757	0.037656	0.028493	0.024897	0.024825	0.034386	0.045129	0.045017	0.029827	0.034752	0.04479
0.026359	0.035453	0.045202	0.028879	0.026076	0.030286	0.035049	0.043642	0.053464	0.033169	0.035148	0.040196
0.040315	0.035654	0.03528	0.029072	0.024768	0.030166	0.032936	0.051724	0.051393	0.030574	0.038659	0.03703
0.03976	0.028458	0.035523	0.028766	0.025989	0.023258	0.03359	0.03857	0.046317	0.028531	0.03984	0.030817
0.042637	0.030482	0.033464	0.026713	0.02721	0.022405	0.030934	0.035218	0.041689	0.030691	0.042879	0.03291
0.040447	0.028332	0.032339	0.028958	0.024767	0.023338	0.03333	0.036384	0.033806	0.030185	0.030611	0.041099
0.035588	0.035848	0.030436	0.030363	0.024535	0.026922	0.03188	0.04131	0.03212	0.028987	0.031121	0.03775
0.03403	0.034923	0.022344	0.028855	0.026566	0.034217	0.033811	0.034093	0.033878	0.028599	0.034978	0.041275
0.034285	0.034056	0.026108	0.027784	0.025199	0.036386	0.035141	0.033087	0.032748	0.040168	0.035516	0.032313
0.030303	0.047971	0.026431	0.027602	0.025162	0.036209	0.033047	0.04244	0.032433	0.040401	0.034818	0.04011
0.029681	0.0442	0.025204	0.037234	0.02953	0.031899	0.035205	0.045603	0.034272	0.042281	0.032171	0.038121
0.025821	0.034347	0.026332	0.038368	0.036929	0.031454	0.036398	0.036744	0.035458	0.027042	0.031014	0.035555
0.025566	0.032427	0.02496	0.029979	0.036671	0.02762	0.035687	0.030782	0.034522	0.02885	0.030011	0.034575
0.027431	0.042988	0.029319	0.030659	0.032141	0.027021	0.037363	0.036855	0.033588	0.035645	0.029669	0.047298
0.027163	0.033767	0.026716	0.025882	0.031122	0.02689	0.036024	0.032474	0.03272	0.032586	0.035255	0.036301
0.028067	0.029894	0.02594	0.02708	0.026539	0.024884	0.035488	0.034326	0.034777	0.034233	0.049477	0.041504
0.027322	0.035734	0.024833	0.027504	0.035145	0.026902	0.038162	0.03451	0.044303	0.037377	0.057706	0.035172
0.025311	0.019842	0.023654	0.030509	0.031757	0.02808	0.056267	0.042799	0.048372	0.036174	0.05418	0.035788
0.025863	0.019965	0.022018	0.029748	0.028318	0.027117	0.050536	0.038589	0.051026	0.037348	0.044752	0.030699
0.030724	0.021854	0.023728	0.024916	0.028939	0.025796	0.046473	0.032062	0.041655	0.040882	0.045229	0.048965
0.030955	0.022512	0.025474	0.023735	0.025961	0.025793	0.044114	0.031229	0.037062	0.043311	0.044078	0.052896
0.02577	0.024828	0.025308	0.03189	0.02582	0.033513	0.042248	0.034734	0.041254	0.042464	0.049721	0.047349
0.026934	0.024794	0.025152	0.036069	0.025881	0.027532	0.039193	0.036104	0.037218	0.031533	0.037924	0.045878
0.02684	0.023092	0.024178	0.027762	0.026132	0.029348	0.044526	0.033308	0.039897	0.028247	0.039576	0.037882
0.027778	0.024322	0.024593	0.027644	0.028195	0.029809	0.03955	0.034891	0.038443	0.02829	0.041951	0.034775
0.028524	0.025318	0.033277	0.029237	0.025728	0.028288	0.030428	0.033751	0.036967	0.031225	0.044775	0.032781
0.027574	0.025577	0.03826	0.030288	0.026576	0.025273	0.042189	0.038637	0.035301	0.037437	0.036663	0.033639
0.024338	0.024013	0.034298	0.027147	0.027095	0.026296	0.034794	0.030756	0.034748	0.035215	0.034532	0.038278
0.026232	0.023352	0.032182	0.026117	0.026752	0.031449	0.030796	0.044817	0.032819	0.03362	0.03781	0.046868
0.027676	0.024324	0.036393	0.025944	0.022882	0.03496	0.03555	0.030846	0.031176	0.031958	0.029354	0.040877
0.028085	0.025492	0.023089	0.021396	0.024591	0.028702	0.036793	0.032864	0.04147	0.020791	0.036682	0.037453
0.027351	0.033646	0.023742	0.030534	0.024243	0.032925	0.035602	0.037262	0.058218	0.028569	0.035929	0.039121
0.027947	0.041637	0.021869	0.038145	0.024628	0.026804	0.05014	0.037343	0.060086	0.028338	0.036203	0.036551
0.028321	0.033618	0.023872	0.03884	0.026272	0.021181	0.041662	0.035999	0.058018	0.029461	0.02943	0.036418
0.034534	0.030442	0.03078	0.038104	0.027608	0.021363	0.046379	0.036405	0.047268	0.026349	0.02923	0.035651
0.036288	0.025438	0.02925	0.032981	0.026751	0.022645	0.047116	0.045273	0.049677	0.027811	0.032035	0.034701
0.041543	0.021409	0.023839	0.044065	0.029254	0.024069	0.053246	0.051193	0.05541	0.038827	0.030389	0.036008
0.046014	0.023974	0.026843	0.034834	0.03586	0.023908	0.043551	0.056486	0.049884	0.038662	0.040857	0.046502
0.047325	0.025985	0.02896	0.039887	0.037957	0.024521	0.030837	0.056855	0.043856	0.042032	0.035583	0.045874
0.04464	0.027488	0.018021	0.033348	0.03119	0.025077	0.031005	0.050718	0.044824	0.027513	0.03468	0.049682
0.030391	0.029843	0.019447	0.031908	0.027103	0.026582	0.031307	0.044953	0.051055	0.023895	0.032045	0.047548
0.029187	0.022869	0.026214	0.036105	0.031288	0.030352	0.031483	0.044339	0.048883	0.027402	0.026526	0.04
0.043878	0.030322	0.024745	0.03171	0.026751	0.023885	0.035948	0.050276	0.047883	0.030881	0.028925	0.047124
0.03636	0.026499	0.026278	0.028045	0.026272	0.02261	0.036487	0.041021	0.041838	0.03012	0.034194	0.038584
0.029279	0.024143	0.027337	0.029767	0.024199	0.025848	0.034434	0.04008	0.043207	0.028922	0.034701	0.035813
0.023006	0.023411	0.025951	0.030832	0.029196	0.029903	0.04033	0.041685	0.046335	0.031011	0.033514	0.035797
0.024533	0.028149	0.031191	0.028039	0.027221	0.030696	0.038174	0.039036	0.046253	0.033138	0.041374	0.043863
0.027898	0.022278	0.027064	0.025548	0.030106	0.031026	0.035219	0.044266	0.031722	0.036427	0.034222	0.031529
0.033149	0.028133	0.023114	0.025641	0.02498	0.028066	0.043023	0.049256	0.034702	0.037332	0.035637	0.0375
0.035135	0.036232	0.024253	0.02489	0.028033	0.024351	0.034464	0.038717	0.035371	0.035501	0.038984	0.03282
0.033002	0.02803	0.035659	0.027065	0.029679	0.020035	0.042691	0.031611	0.034145	0.03545	0.035935	0.041164
0.028324	0.029759	0.034229	0.026403	0.032886	0.023044	0.038546	0.031188	0.034847	0.037062	0.033614	0.045664
0.03166	0.027788	0.03431	0.027643	0.030237	0.02521	0.033447	0.031898	0.032352	0.041183	0.034196	0.041999
0.029899	0.032776	0.034709	0.02938	0.029418	0.024813	0.034947	0.031382	0.038575	0.044064	0.025606	0.036101
0.030442	0.033353	0.032223	0.029293	0.027836	0.028412	0.028819	0.032588	0.044454	0.043791	0.027564	0.034819
0.029136	0.027402	0.031425	0.031714	0.015776	0.029537	0.040017	0.032406	0.032016	0.042014	0.030416	0.034272
0.030945	0.019379	0.029112	0.034242	0.018265	0.028587	0.03758	0.031228	0.032323	0.037455	0.03191	0.035943
0.02684	0.031076	0.031452	0.035664	0.02649	0.0333	0.036333	0.03234	0.034565	0.041156	0.034125	0.035535
0.025654	0.0246	0.025777	0.025164	0.031396	0.025286	0.037331	0.031902	0.046005	0.035093	0.044151	0.046828
0.028737	0.034448	0.021126	0.023005	0.029469	0.025152	0.041463	0.038202	0.041551	0.033693	0.043591	0.06169
0.030779	0.037683	0.030815	0.028183	0.028078	0.030987	0.036334	0.039136	0.048486	0.036073	0.042086	0.048733
0.037271	0.035484	0.044461	0.028186	0.036883	0.028404	0.039248	0.040428	0.043308	0.034116	0.039484	0.04227
0.033593	0.041343	0.030161	0.031801	0.037287	0.025774	0.02629	0.04051	0.0587	0.033597	0.044603	0.043769
0.036203	0.033127	0.032222	0.033882	0.038165	0.026912	0.030186	0.036667	0.045991	0.035448	0.041042	0.038271
0.038583	0.033125	0.023419	0.033743	0.035823	0.024522	0.036197	0.039574	0.034379	0.0321	0.033644	0.033599
0.043752	0.029861	0.026955	0.027613	0.038531	0.026681	0.040091	0.039664	0.041118	0.03352	0.031214	0.035697
0.037781	0.038293	0.02556	0.024799	0.028476	0.026188	0.047082	0.03807	0.041281	0.032926	0.028978	0.035818
0.040164	0.035269	0.020017	0.019134	0.029818	0.025434	0.047064	0.033835	0.037075	0.024406	0.03217	0.036206
0.032964	0.028159	0.022257	0.022453	0.023429	0.026534	0.041934	0.03255	0.040909	0.029287	0.030471	0.034441
0.030046	0.039172	0.021338	0.02448	0.022456	0.026702	0.053474	0.032573	0.02941	0.038184	0.032211	0.037999
0.029473	0.025788	0.033104	0.02655	0.025646	0.023756	0.037931	0.032014	0.038031	0.037592	0.033458	0.040185
0.030839	0.025816	0.026099	0.032928	0.030481	0.026838	0.040163	0.030795	0.043432	0.030758	0.034635	0.037088
0.029281	0.027464	0.018006	0.026744	0.028051	0.028926	0.038977	0.035399	0.035562	0.038892	0.030982	0.038854
0.028258	0.027636	0.0249	0.027962	0.027904	0.027409	0.037447	0.032779	0.034721	0.032326	0.033243	0.038563
0.026332	0.029244	0.024472	0.028889	0.021399	0.025386	0.038669	0.029019	0.036207	0.033693	0.03331	0.043367
0.029816	0.027331	0.021351	0.025313	0.029016	0.026415	0.023226	0.028449	0.036225	0.033679	0.027502	0.037485
0.028127	0.028005	0.027361	0.02573	0.027883	0.026923	0.03644	0.032639	0.037387	0.034814	0.029451	0.035487
0.029616	0.028449	0.030762	0.033778	0.02749	0.027007	0.039718	0.035055	0.034251	0.031269	0.033079	0.038794
0.030322	0.027813	0.022609	0.025572	0.029888	0.028503	0.030418	0.035938	0.028894	0.033014	0.031176	0.055251
0.027516	0.026134	0.023852	0.023084	0.029132	0.03149	0.033469	0.033856	0.039054	0.035872	0.037295	0.04779
0.027008	0.02679	0.030116	0.023481	0.025775	0.037153	0.033843	0.038268	0.057297	0.038378	0.045952	0.042071
0.034215	0.025565	0.027381	0.024605	0.028328	0.033429	0.042958	0.033038	0.054909	0.040225	0.044427	0.033237
0.028676	0.027522	0.025952	0.018708	0.026456	0.026759	0.041352	0.040762	0.044131	0.049357	0.038336	0.034506
0.039735	0.027017	0.032814	0.020468	0.027526	0.023034	0.03987	0.042059	0.052986	0.049147	0.034805	0.035364
0.027479	0.026355	0.02494	0.022421	0.025559	0.023032	0.03306	0.051127	0.035154	0.040596	0.037605	0.036568
0.022671	0.029361	0.01437	0.022625	0.032674	0.024063	0.033172	0.051338	0.037358	0.040451	0.033734	0.033457
0.026131	0.024661	0.023914	0.023082	0.045128	0.023769	0.036173	0.044059	0.03975	0.042082	0.032952	0.035431
0.041282	0.030219	0.025078	0.029559	0.03899	0.024795	0.033265	0.029711	0.036783	0.040318	0.033882	0.036634
0.026472	0.025971	0.039071	0.030219	0.035114	0.024556	0.040397	0.031256	0.034715	0.030452	0.033401	0.036442
0.029393	0.029743	0.033898	0.0294	0.042268	0.023878	0.035217	0.034671	0.033876	0.03369	0.036522	0.037357
0.030486	0.031037	0.022164	0.027536	0.038718	0.023885	0.036271	0.031684	0.029744	0.034812	0.035805	0.036228
0.031574	0.025244	0.028058	0.027746	0.035798	0.025267	0.033592	0.040498	0.034644	0.033568	0.038934	0.038361
0.027607	0.040083	0.023429	0.029556	0.029243	0.0256	0.035161	0.031419	0.034139	0.034085	0.032345	0.048464
0.029332	0.028595	0.019784	0.033651	0.027212	0.027723	0.031614	0.035834	0.042303	0.033152	0.033678	0.037182
0.026852	0.023188	0.022536	0.034136	0.021559	0.027322	0.038401	0.035265	0.035273	0.034738	0.031608	0.051416
0.028411	0.033686	0.019616	0.031308	0.018955	0.028272	0.049193	0.031676	0.032796	0.033714	0.033609	0.041909
0.03376	0.040986	0.015479	0.029358	0.036958	0.028892	0.040131	0.032631	0.036972	0.034412	0.0315	0.051906
0.027831	0.034145	0.019844	0.036827	0.030685	0.029619	0.038396	0.038923	0.031698	0.034429	0.03428	0.059945
0.025309	0.03354	0.032247	0.023947	0.018258	0.032513	0.048021	0.035205	0.039135	0.033176	0.032393	0.049124
0.03085	0.025283	0.033457	0.021405	0.01871	0.036183	0.043712	0.028992	0.047339	0.032484	0.030224	0.044854
0.028631	0.029083	0.029107	0.026823	0.02	0.034649	0.03297	0.042079	0.046344	0.032027	0.03868	0.051693
0.030596	0.025939	0.03306	0.039375	0.022796	0.0357	0.041798	0.04905	0.032303	0.039734	0.043244	0.050471
0.025834	0.029709	0.028994	0.03701	0.026577	0.025658	0.047198	0.043727	0.04199	0.034965	0.053304	0.050851
0.030151	0.03009	0.027718	0.037771	0.025215	0.024476	0.037778	0.052152	0.036229	0.037591	0.052563	0.049541
0.035774	0.031818	0.02426	0.034458	0.024916	0.027895	0.035479	0.054104	0.035286	0.037566	0.044629	0.048291
0.037155	0.033673	0.024269	0.037893	0.024937	0.027542	0.031929	0.052892	0.049677	0.039722	0.044163	0.041628
0.042775	0.031882	0.024439	0.043044	0.030069	0.029391	0.043795	0.052858	0.054024	0.035546	0.038814	0.033675
0.038531	0.037314	0.02541	0.036417	0.02498	0.028636	0.045443	0.045671	0.053829	0.03698	0.034643	0.032349
0.038291	0.036395	0.024614	0.023207	0.032391	0.02745	0.054636	0.046761	0.057953	0.035098	0.036322	0.03369
0.038813	0.041871	0.029588	0.022387	0.030998	0.028742	0.044937	0.045217	0.046916	0.041842	0.035969	0.03673
0.037509	0.030367	0.023839	0.027962	0.025182	0.032021	0.038665	0.036103	0.049544	0.046377	0.03712	0.046195
0.034838	0.030906	0.028016	0.036505	0.027184	0.034449	0.03619	0.039534	0.040299	0.044033	0.039251	0.051176
0.033266	0.026308	0.026996	0.034255	0.022592	0.027265	0.03678	0.036785	0.034212	0.037142	0.037766	0.051158
0.035536	0.027086	0.025549	0.02456	0.025105	0.026281	0.037299	0.041017	0.036422	0.039234	0.040871	0.04667
0.035874	0.02944	0.028176	0.031499	0.032251	0.030943	0.041647	0.038312	0.035694	0.030863	0.037838	0.042766
0.03579	0.029781	0.031645	0.029876	0.029168	0.034922	0.039109	0.0387	0.035497	0.027632	0.038416	0.045258
0.027108	0.029111	0.029771	0.025127	0.03858	0.036948	0.044851	0.035795	0.041568	0.036534	0.036547	0.050314
0.027742	0.026134	0.033599	0.027654	0.032544	0.038084	0.042394	0.032398	0.039723	0.036324	0.041145	0.055099
0.028231	0.025442	0.029622	0.026349	0.02953	0.03663	0.042469	0.035576	0.038811	0.049018	0.04826	0.039612
0.028887	0.027827	0.031984	0.026097	0.033003	0.032739	0.043502	0.036604	0.038504	0.037483	0.051206	0.043283
0.028846	0.029125	0.031883	0.026665	0.027041	0.03436	0.041117	0.040869	0.036991	0.044161	0.045342	0.055888
0.031063	0.029038	0.035025	0.03444	0.021584	0.037415	0.039834	0.049078	0.043566	0.050058	0.042867	0.047374
0.030513	0.028301	0.040828	0.03797	0.020999	0.038136	0.036226	0.057962	0.05491	0.052998	0.04245	0.045545
0.030307	0.030387	0.042134	0.039521	0.022799	0.034662	0.041116	0.058907	0.067548	0.044162	0.039404	0.047957
0.039984	0.030578	0.041763	0.031152	0.023338	0.029969	0.064928	0.051064	0.067538	0.052092	0.043756	0.062699
0.025548	0.027418	0.038547	0.029294	0.024053	0.0267	0.054689	0.047241	0.068287	0.042423	0.048446	0.062573
0.026112	0.037243	0.030756	0.029942	0.025986	0.027577	0.047963	0.047977	0.055261	0.031399	0.048076	0.062644
0.029099	0.032022	0.034478	0.032634	0.028617	0.033989	0.047727	0.043147	0.054065	0.035138	0.052625	0.060681
0.036566	0.037665	0.028022	0.03445	0.028159	0.029161	0.053181	0.043595	0.050093	0.049116	0.059405	0.057996
0.047869	0.043494	0.025587	0.032276	0.028189	0.027102	0.047405	0.055053	0.048965	0.046339	0.059777	0.058431
0.041612	0.042601	0.030646	0.031737	0.026353	0.02746	0.050496	0.038242	0.045114	0.049541	0.053026	0.063064
0.04286	0.04099	0.033602	0.031965	0.024373	0.030156	0.046339	0.042165	0.045025	0.042393	0.054965	0.061203
0.035374	0.039373	0.03269	0.034605	0.024665	0.034121	0.036714	0.04567	0.044733	0.049739	0.052865	0.077149
0.032214	0.042223	0.029743	0.036415	0.031759	0.036968	0.040437	0.051173	0.049969	0.056631	0.055794	0.054179
0.03246	0.04337	0.035643	0.041262	0.028187	0.042014	0.042736	0.062826	0.051172	0.049466	0.062107	0.061052
0.032529	0.040051	0.042249	0.037511	0.024824	0.044369	0.045671	0.061047	0.056614	0.053472	0.05928	0.063252
0.042054	0.038009	0.041236	0.031613	0.028238	0.042554	0.051409	0.059847	0.064617	0.054515	0.057853	0.068327
0.03375	0.034421	0.04091	0.034875	0.029226	0.038208	0.042579	0.058809	0.066319	0.054513	0.056666	0.072231
0.03818	0.029077	0.041107	0.044675	0.030425	0.035996	0.044827	0.059142	0.065963	0.048235	0.061661	0.069627
0.034254	0.041283	0.040455	0.051864	0.035366	0.039763	0.056507	0.062125	0.065652	0.056468	0.06645	0.067711
0.045283	0.032116	0.043045	0.043991	0.038539	0.03819	0.047626	0.064549	0.060626	0.053114	0.060979	0.065059
0.038977	0.030793	0.03197	0.048118	0.034724	0.033725	0.056182	0.063162	0.06403	0.054514	0.057246	0.06902
0.046801	0.036448	0.019066	0.041999	0.037573	0.03453	0.063956	0.074289	0.064904	0.043709	0.069899	0.068084
0.045375	0.034933	0.023363	0.053416	0.043213	0.036152	0.059261	0.064492	0.063033	0.042862	0.054065	0.068107
0.047867	0.032404	0.028416	0.042127	0.032336	0.027072	0.061567	0.061379	0.056024	0.049434	0.054906	0.063362
0.044742	0.031292	0.030099	0.04003	0.025225	0.024245	0.058576	0.057935	0.05869	0.042651	0.053035	0.06332
0.044247	0.032389	0.047657	0.045692	0.028191	0.025987	0.060723	0.05456	0.066685	0.040522	0.057916	0.063113
0.042364	0.03587	0.033552	0.029116	0.029454	0.026166	0.056267	0.063942	0.061296	0.057348	0.06084	0.063511
0.045182	0.039071	0.036315	0.024648	0.027551	0.027928	0.056712	0.070613	0.0606	0.041286	0.066062	0.063862
0.040046	0.029373	0.029632	0.026556	0.032495	0.032864	0.054007	0.059855	0.065526	0.034167	0.059683	0.064197
0.037982	0.028771	0.027048	0.027612	0.037759	0.037418	0.053197	0.063367	0.060771	0.04318	0.062356	0.060836
0.040896	0.029736	0.023826	0.027804	0.03683	0.032171	0.05468	0.061932	0.060899	0.035872	0.063145	0.062636
0.044521	0.037891	0.029918	0.02921	0.032035	0.024668	0.05088	0.052836	0.056868	0.045607	0.058019	0.058591
0.042135	0.034494	0.030147	0.025706	0.035455	0.024764	0.051111	0.051454	0.061375	0.042653	0.057709	0.05594
0.039023	0.038642	0.028395	0.036187	0.029166	0.028835	0.048132	0.059716	0.061735	0.041819	0.051862	0.055125
0.041099	0.033312	0.029905	0.042015	0.028679	0.030375	0.050229	0.061756	0.058807	0.058507	0.057919	0.053924
0.038228	0.03061	0.030283	0.03948	0.029275	0.029555	0.054092	0.060375	0.058622	0.042267	0.057078	0.057235
0.03961	0.029661	0.030636	0.03973	0.027959	0.026646	0.054194	0.055776	0.058024	0.05509	0.049014	0.052288
0.040646	0.037829	0.033636	0.039174	0.02851	0.027663	0.052481	0.058714	0.060703	0.051818	0.040599	0.045288
0.033316	0.046982	0.038154	0.042778	0.032908	0.03208	0.053625	0.057176	0.057901	0.05166	0.034419	0.038371
0.032492	0.040204	0.038398	0.047534	0.038414	0.030944	0.057148	0.054239	0.055663	0.049904	0.036878	0.039817
0.033824	0.043051	0.036121	0.036623	0.03881	0.03216	0.046607	0.061965	0.057831	0.053537	0.036169	0.039714
0.034345	0.044166	0.024612	0.034925	0.042759	0.032673	0.047692	0.056426	0.059741	0.057963	0.031983	0.041894
0.033612	0.038787	0.026748	0.034285	0.032099	0.037685	0.055215	0.057502	0.07071	0.053859	0.032429	0.048894
0.031724	0.041744	0.030072	0.031	0.028758	0.025452	0.050453	0.061497	0.065138	0.043038	0.03737	0.051197
0.035562	0.042377	0.019687	0.025567	0.035598	0.023243	0.058076	0.053204	0.056019	0.045361	0.03309	0.04557
0.04213	0.044175	0.02454	0.028729	0.030293	0.02674	0.058452	0.061095	0.070244	0.055579	0.031575	0.048157
0.045109	0.043422	0.034864	0.029607	0.030182	0.032288	0.055051	0.058439	0.055269	0.040693	0.041957	0.043201
0.049625	0.046398	0.042652	0.025551	0.035014	0.032267	0.053786	0.058358	0.05622	0.04671	0.050582	0.042224
0.047607	0.047026	0.032675	0.029952	0.039211	0.033339	0.045788	0.057697	0.057484	0.033744	0.05202	0.049162
0.052298	0.046464	0.034876	0.028133	0.036675	0.039028	0.049932	0.049155	0.049266	0.030124	0.041599	0.059378
0.044445	0.043082	0.028524	0.029656	0.032654	0.032299	0.038124	0.042022	0.052145	0.031572	0.04087	0.06315
0.037426	0.043357	0.030926	0.027385	0.029968	0.027065	0.032641	0.032568	0.053031	0.035839	0.031396	0.059613
0.036209	0.040222	0.032036	0.036398	0.033703	0.030656	0.034854	0.033693	0.050168	0.035101	0.034799	0.0565
0.036048	0.040904	0.036997	0.039209	0.026271	0.036391	0.042425	0.034794	0.048623	0.038218	0.035051	0.046899
0.036828	0.03964	0.036085	0.029448	0.0356	0.032619	0.038355	0.049648	0.05241	0.037013	0.036501	0.039071
0.032063	0.029407	0.027181	0.028705	0.031795	0.026914	0.043842	0.058166	0.051019	0.035513	0.047025	0.0423
0.029333	0.030633	0.037912	0.031681	0.032667	0.030604	0.047763	0.0555	0.058407	0.041948	0.049243	0.050671
0.029121	0.024861	0.04434	0.029153	0.029298	0.033367	0.045988	0.049232	0.048689	0.04703	0.035912	0.056644
0.02423	0.027058	0.040589	0.02889	0.032529	0.029879	0.032368	0.055542	0.038846	0.053551	0.044235	0.055541
0.033055	0.028828	0.038319	0.038892	0.034951	0.025845	0.035774	0.058142	0.03829	0.054733	0.037515	0.044018
0.033965	0.03431	0.043404	0.026632	0.029681	0.030223	0.039464	0.057915	0.039466	0.05098	0.03384	0.044349
0.042319	0.035029	0.037206	0.035543	0.041629	0.037656	0.031209	0.068812	0.037906	0.051036	0.035925	0.048888
0.031238	0.027301	0.033991	0.038274	0.041778	0.039607	0.051037	0.057852	0.038151	0.047545	0.036849	0.048649
0.029512	0.040338	0.02596	0.041157	0.032017	0.036608	0.038377	0.044301	0.038474	0.052977	0.034277	0.057661
0.033023	0.038454	0.023094	0.03788	0.031928	0.036307	0.035903	0.036902	0.038243	0.041554	0.034348	0.049917
0.034648	0.024817	0.02407	0.043235	0.032359	0.039633	0.037603	0.035809	0.036343	0.034056	0.035817	0.051461
0.034637	0.030681	0.021829	0.044615	0.034774	0.038284	0.037389	0.038048	0.042195	0.030481	0.039385	0.06145
0.030459	0.030174	0.023756	0.037718	0.028985	0.048118	0.036267	0.046319	0.040013	0.034604	0.047584	0.060801
0.03233	0.028563	0.025058	0.036573	0.030954	0.04256	0.047818	0.046659	0.039178	0.038861	0.053356	0.05913
0.03181	0.031414	0.028283	0.034079	0.02105	0.03553	0.049762	0.03965	0.038396	0.049347	0.063175	0.052087
0.031388	0.034753	0.034045	0.03438	0.02993	0.038761	0.054672	0.036902	0.038372	0.034038	0.062531	0.05517
0.03438	0.03485	0.022672	0.027377	0.035504	0.035133	0.04741	0.04388	0.036835	0.042668	0.053984	0.045193
0.041645	0.038249	0.025609	0.031218	0.034066	0.035109	0.038099	0.042845	0.038463	0.028853	0.051356	0.041093
0.030308	0.032214	0.034873	0.025696	0.034167	0.030207	0.0341	0.040481	0.039226	0.034125	0.055279	0.036802
0.033705	0.025582	0.031956	0.035191	0.039085	0.031343	0.036536	0.044453	0.04279	0.041855	0.056505	0.041756
0.030585	0.026684	0.028092	0.047551	0.036486	0.03102	0.039871	0.046354	0.058565	0.043048	0.062129	0.046415
0.03847	0.028914	0.035595	0.034254	0.032751	0.027518	0.032665	0.046351	0.060133	0.050244	0.053929	0.061106
0.041528	0.030225	0.022623	0.033124	0.031751	0.034222	0.033924	0.0479	0.055089	0.044753	0.057934	0.047255
0.045705	0.029539	0.030681	0.025391	0.029429	0.037961	0.041171	0.045712	0.054512	0.054804	0.044579	0.041157
0.045279	0.030265	0.043296	0.029156	0.03081	0.037784	0.059456	0.047836	0.062851	0.051633	0.037572	0.042802
0.04438	0.029771	0.037597	0.030173	0.02182	0.034321	0.047452	0.047486	0.060154	0.046133	0.034564	0.04797
0.042101	0.031587	0.042205	0.024917	0.023812	0.027536	0.04798	0.056835	0.05914	0.045825	0.033502	0.051888
0.033158	0.031987	0.040712	0.021811	0.029783	0.028179	0.059388	0.058254	0.052368	0.043186	0.032621	0.060255
0.031095	0.030238	0.044527	0.027231	0.03723	0.028531	0.036837	0.070013	0.063337	0.030911	0.033107	0.066551
0.031379	0.032279	0.038667	0.029402	0.04426	0.029963	0.036306	0.061096	0.058329	0.038919	0.033986	0.053074
0.034812	0.046502	0.043255	0.033598	0.034794	0.024823	0.051084	0.050558	0.051713	0.041439	0.036977	0.04995
0.04067	0.035002	0.021042	0.032227	0.039603	0.025287	0.055182	0.05573	0.041368	0.043736	0.035759	0.040594
0.040111	0.035133	0.020503	0.039354	0.043802	0.030466	0.03641	0.06155	0.038872	0.047186	0.034802	0.044044
0.02582	0.041526	0.021997	0.030038	0.029221	0.034523	0.046839	0.054734	0.041826	0.038443	0.032361	0.054111
0.028767	0.045217	0.027842	0.03013	0.027226	0.037025	0.039048	0.047885	0.046678	0.050405	0.032626	0.053853
0.027018	0.028648	0.026794	0.035815	0.031706	0.031722	0.050353	0.050188	0.054847	0.042877	0.034383	0.052786
0.026052	0.039194	0.026476	0.038904	0.030669	0.022148	0.055318	0.050844	0.055093	0.04828	0.034514	0.055939
0.031647	0.03515	0.026323	0.031388	0.027372	0.026719	0.052211	0.053104	0.046697	0.056716	0.043338	0.055401
0.029392	0.035269	0.025627	0.031135	0.033741	0.036533	0.055673	0.050135	0.041818	0.051061	0.047035	0.050818
0.03016	0.031617	0.02818	0.025673	0.037598	0.034209	0.062295	0.048798	0.054728	0.052509	0.050468	0.051051
0.030466	0.026474	0.031064	0.027268	0.029273	0.029822	0.058029	0.049036	0.05879	0.054633	0.047935	0.043389
0.043815	0.031855	0.038718	0.033546	0.030475	0.032753	0.061709	0.050431	0.065457	0.047752	0.044777	0.044731
0.040323	0.035326	0.041389	0.039938	0.029516	0.032527	0.05753	0.053068	0.061464	0.047341	0.036109	0.045788
0.041536	0.035377	0.034806	0.044445	0.045745	0.039066	0.060879	0.047928	0.062739	0.03617	0.034113	0.048558
0.047551	0.033894	0.033163	0.040596	0.040108	0.040303	0.056456	0.039211	0.056769	0.032224	0.037581	0.056626
0.043654	0.038834	0.032916	0.044618	0.037077	0.043975	0.059368	0.045524	0.061903	0.034849	0.039979	0.059448
0.041164	0.039769	0.036218	0.047981	0.046701	0.048208	0.05658	0.046175	0.05447	0.035943	0.037103	0.054817
0.044933	0.040462	0.025755	0.045624	0.04458	0.037312	0.051562	0.053846	0.074621	0.038876	0.03798	0.056304
0.044574	0.038274	0.023438	0.035294	0.042944	0.039405	0.055784	0.055431	0.057661	0.035801	0.04646	0.055454
0.041533	0.031376	0.024491	0.036508	0.04352	0.03759	0.05999	0.048763	0.052038	0.038644	0.064073	0.056854
0.037663	0.02813	0.028332	0.043653	0.049145	0.04222	0.046899	0.040606	0.049991	0.047205	0.056046	0.057965
0.039339	0.034294	0.032137	0.050207	0.038328	0.038235	0.051572	0.033018	0.05134	0.051386	0.053133	0.05333
0.042332	0.043993	0.024375	0.037927	0.038124	0.034515	0.054713	0.035918	0.042365	0.053354	0.051383	0.04161
0.041108	0.041357	0.026387	0.036566	0.03027	0.03614	0.058084	0.040474	0.040462	0.05322	0.048791	0.045242
0.036084	0.035212	0.022517	0.030368	0.026531	0.030091	0.053568	0.037765	0.039342	0.046868	0.051933	0.058143
0.03869	0.039481	0.03562	0.026941	0.029252	0.026729	0.055504	0.045093	0.046389	0.058473	0.050067	0.047409
0.043074	0.044787	0.042688	0.027693	0.035415	0.02361	0.054947	0.040714	0.049718	0.057371	0.047624	0.047417
0.040439	0.047678	0.039638	0.035116	0.041868	0.025544	0.054838	0.046272	0.054833	0.062586	0.046333	0.047712
0.027896	0.044007	0.040775	0.035797	0.04248	0.028685	0.062165	0.059209	0.063154	0.053713	0.050352	0.0417
0.025894	0.045563	0.042776	0.033371	0.045366	0.03144	0.05081	0.059022	0.064438	0.044536	0.051245	0.051409
0.03026	0.043297	0.042231	0.039148	0.042284	0.031581	0.051818	0.062547	0.055012	0.051019	0.052838	0.05377
0.030161	0.038264	0.038403	0.043078	0.0418	0.037047	0.049843	0.057258	0.054265	0.049051	0.047977	0.053592
0.028166	0.041299	0.041083	0.03904	0.049395	0.039603	0.05346	0.051513	0.045296	0.04717	0.036357	0.05393
0.030495	0.045225	0.036016	0.044846	0.039267	0.044205	0.04681	0.057178	0.040861	0.050135	0.030503	0.058742
0.032985	0.042868	0.031717	0.04673	0.04073	0.041055	0.049728	0.054652	0.03939	0.02914	0.033053	0.054027
0.038129	0.043196	0.028586	0.039336	0.04229	0.040357	0.048114	0.05445	0.04073	0.027472	0.036357	0.050487
0.047308	0.034938	0.022867	0.034381	0.033668	0.036306	0.043917	0.048466	0.052745	0.030597	0.031176	0.046449
0.046896	0.03239	0.021651	0.033927	0.028503	0.037645	0.047879	0.051587	0.041225	0.03858	0.034133	0.04389
0.045372	0.025353	0.020562	0.038962	0.027172	0.037279	0.045614	0.050341	0.038234	0.035079	0.042364	0.038292
0.045624	0.024279	0.021712	0.031782	0.030995	0.032027	0.050585	0.059281	0.039361	0.02676	0.03103	0.037789
0.051636	0.031098	0.022805	0.031086	0.029119	0.028054	0.025395	0.031093	0.032027	0.028708	0.027736	0.040192
0.043333	0.033452	0.023799	0.026845	0.028369	0.023279	0.027147	0.030983	0.027466	0.036163	0.02778	0.038962
0.044493	0.034593	0.023099	0.039169	0.025848	0.02199	0.023631	0.02758	0.026847	0.028412	0.033747	0.036672
0.04532	0.034773	0.022687	0.022665	0.024644	0.024784	0.029186	0.030873	0.03068	0.042638	0.034662	0.035851
0.041142	0.047475	0.022551	0.023656	0.030473	0.026628	0.023889	0.02984	0.029022	0.032894	0.035082	0.036457
0.038997	0.045314	0.023564	0.01978	0.027971	0.026137	0.028753	0.026719	0.035402	0.034568	0.03233	0.037695
0.047262	0.042366	0.0239	0.025593	0.028409	0.027445	0.02589	0.028274	0.032892	0.033404	0.034356	0.034356
0.030961	0.046596	0.030685	0.018854	0.026642	0.029803	0.026601	0.037111	0.030258	0.029974	0.030849	0.036694
0.028206	0.044576	0.029446	0.021126	0.026502	0.027187	0.027741	0.036222	0.023828	0.029212	0.037422	0.037146
0.030803	0.048371	0.026082	0.025839	0.024026	0.027532	0.029424	0.037127	0.025251	0.030433	0.052341	0.038191
0.033395	0.050082	0.02005	0.035073	0.024714	0.025495	0.029631	0.037495	0.025455	0.029862	0.05686	0.03856
0.03452	0.05303	0.018698	0.030043	0.034585	0.025592	0.030218	0.030315	0.024898	0.032649	0.047833	0.036395
0.033448	0.038149	0.019074	0.028952	0.032041	0.025928	0.030419	0.032073	0.025785	0.035489	0.045152	0.044804
0.033068	0.041858	0.028742	0.030222	0.037	0.026197	0.037887	0.025172	0.025847	0.033977	0.052488	0.037807
0.033776	0.040468	0.040602	0.026559	0.037237	0.031124	0.03439	0.021837	0.031666	0.034455	0.050627	0.039302
0.034438	0.049477	0.030554	0.042574	0.045047	0.025856	0.029707	0.023899	0.043272	0.032742	0.049806	0.040493
0.035976	0.032461	0.019526	0.027687	0.032186	0.022701	0.028396	0.028847	0.034915	0.027653	0.050129	0.037538
0.034712	0.030829	0.021083	0.022934	0.030573	0.031292	0.029736	0.02978	0.035423	0.036399	0.039685	0.03524
0.036123	0.02538	0.019283	0.022665	0.032105	0.028895	0.029371	0.029494	0.032004	0.031522	0.031411	0.03707
0.041035	0.025449	0.024359	0.025456	0.030302	0.023782	0.022033	0.030421	0.025557	0.038332	0.030091	0.03756
0.037319	0.030974	0.026579	0.026592	0.029676	0.022263	0.024429	0.033132	0.024834	0.031234	0.033254	0.039577
0.038983	0.030041	0.037536	0.028601	0.024064	0.02801	0.028059	0.028962	0.026758	0.045302	0.035035	0.038681
0.049504	0.032499	0.03979	0.027069	0.02041	0.031084	0.040975	0.033249	0.027203	0.041266	0.036267	0.041288
0.041964	0.034035	0.042399	0.024271	0.020326	0.039544	0.041437	0.033161	0.028039	0.035982	0.036067	0.04989
0.036205	0.031909	0.036428	0.025073	0.025437	0.040926	0.056366	0.026839	0.029275	0.037523	0.037397	0.044773
0.030372	0.033674	0.038038	0.025189	0.025734	0.027671	0.046123	0.033924	0.027561	0.034459	0.032545	0.03441
0.030565	0.045238	0.041332	0.02734	0.024773	0.032099	0.032461	0.025775	0.025193	0.03689	0.035768	0.033596
0.03146	0.033753	0.033881	0.027736	0.028208	0.030111	0.019786	0.024892	0.025515	0.039213	0.040559	0.033806
0.035677	0.03138	0.032941	0.024654	0.028989	0.024392	0.023111	0.038901	0.031033	0.043478	0.037235	0.035344
0.033367	0.033031	0.02762	0.026009	0.025125	0.019331	0.023555	0.043826	0.024771	0.04644	0.032817	0.035843
0.031978	0.039155	0.027951	0.034866	0.020491	0.020558	0.024552	0.037571	0.023698	0.044233	0.02798	0.036973
0.032298	0.039066	0.02817	0.03199	0.02271	0.022657	0.023679	0.041864	0.026895	0.061282	0.029423	0.035818
0.032803	0.051212	0.028077	0.033631	0.023351	0.022144	0.026077	0.040736	0.02715	0.05455	0.029887	0.034322
0.032772	0.046329	0.018521	0.037519	0.026576	0.023638	0.035254	0.04372	0.027712	0.052019	0.02677	0.035237
0.049012	0.031192	0.014786	0.04017	0.02547	0.024	0.029312	0.029893	0.027767	0.048442	0.029024	0.036843
0.038309	0.024651	0.016604	0.036041	0.025295	0.023488	0.034734	0.028381	0.030043	0.042699	0.027426	0.034764
0.04124	0.026093	0.019905	0.036489	0.027692	0.023741	0.033398	0.025803	0.031459	0.048333	0.028279	0.048329
0.04223	0.027659	0.019386	0.029113	0.031332	0.022696	0.027815	0.027044	0.030579	0.045399	0.034153	0.053721
0.041389	0.026996	0.018697	0.022527	0.039308	0.023476	0.030785	0.026189	0.036235	0.030053	0.037634	0.05412
0.039247	0.030072	0.019265	0.022109	0.033502	0.024478	0.02976	0.024431	0.035727	0.02359	0.03601	0.050276
0.031885	0.032634	0.021676	0.029198	0.028761	0.023916	0.026336	0.028828	0.028021	0.030316	0.034976	0.056687
0.034145	0.030874	0.018689	0.023001	0.023339	0.027562	0.03899	0.024541	0.028705	0.029472	0.02919	0.048533
0.033366	0.030577	0.018786	0.024093	0.018186	0.027085	0.039513	0.027905	0.028772	0.028733	0.032069	0.048118
0.033465	0.030931	0.016511	0.024917	0.019256	0.031621	0.029725	0.030507	0.028673	0.033501	0.031713	0.047347
0.033316	0.03293	0.021843	0.026585	0.021567	0.024251	0.039808	0.025727	0.030802	0.034072	0.031656	0.048372
0.034355	0.031281	0.02126	0.026371	0.02269	0.01952	0.039604	0.027827	0.031393	0.028134	0.030301	0.037666
0.033933	0.032266	0.024598	0.023503	0.023314	0.021977	0.039452	0.0297	0.022411	0.029627	0.031052	0.035135
0.032355	0.034536	0.021306	0.025327	0.022949	0.025645	0.034643	0.028271	0.026857	0.034403	0.037609	0.035379
0.035142	0.030619	0.020182	0.024106	0.026066	0.025137	0.036946	0.030969	0.035869	0.032414	0.04769	0.037055
0.038068	0.030551	0.022871	0.027911	0.024827	0.024866	0.032793	0.034486	0.029761	0.030988	0.047198	0.036357
0.037502	0.033582	0.020105	0.031623	0.023552	0.021742	0.0284	0.028717	0.03241	0.041676	0.043408	0.036143
0.035595	0.032347	0.022093	0.023135	0.024668	0.022208	0.022479	0.024255	0.031173	0.035833	0.040362	0.035409
0.035293	0.03064	0.033304	0.025607	0.023433	0.027085	0.023674	0.022227	0.0244	0.043127	0.036233	0.036387
0.04562	0.034642	0.02445	0.018771	0.026472	0.033353	0.029654	0.023462	0.026783	0.041096	0.027639	0.034935
0.045794	0.04403	0.021325	0.021662	0.022701	0.030593	0.02641	0.028089	0.026066	0.027216	0.027062	0.032086
0.037747	0.046401	0.023444	0.026645	0.025697	0.018859	0.024787	0.030983	0.025014	0.024576	0.026696	0.032132
0.039152	0.040571	0.021451	0.027027	0.029707	0.025347	0.027063	0.025503	0.025923	0.030643	0.031172	0.032804
0.033846	0.039941	0.023284	0.022672	0.033908	0.02431	0.024723	0.026021	0.024189	0.028719	0.028675	0.0349
0.03573	0.034672	0.026265	0.020731	0.031822	0.027136	0.028474	0.029576	0.025762	0.036532	0.027977	0.036346
0.036474	0.043393	0.024406	0.032153	0.036602	0.031994	0.031252	0.033839	0.028069	0.040987	0.029526	0.033814
0.039625	0.038233	0.024148	0.027095	0.036347	0.028312	0.036101	0.035683	0.031416	0.035652	0.02974	0.033484
0.038792	0.034208	0.025619	0.028142	0.026263	0.026433	0.033982	0.028091	0.03739	0.03132	0.029736	0.034321
0.033526	0.037675	0.031838	0.034842	0.021982	0.026475	0.039693	0.035807	0.052237	0.035024	0.028757	0.0414
0.031298	0.03401	0.035448	0.036907	0.023582	0.02566	0.041628	0.045902	0.042531	0.030447	0.027147	0.043659
0.041431	0.033077	0.028696	0.035748	0.025001	0.026736	0.041233	0.044808	0.03819	0.03216	0.028788	0.036111
0.0464	0.035133	0.031676	0.036828	0.023805	0.020602	0.044626	0.03715	0.030948	0.029354	0.031291	0.030655
0.037154	0.035565	0.026478	0.040144	0.021562	0.02838	0.045382	0.03686	0.024221	0.044132	0.032541	0.031053
0.037539	0.036145	0.029449	0.027642	0.027462	0.024972	0.045534	0.044515	0.024303	0.03491	0.031478	0.036534
0.038332	0.034144	0.025431	0.02858	0.023476	0.020818	0.038253	0.032373	0.027086	0.025293	0.03548	0.041304
0.036884	0.033842	0.019568	0.027794	0.022475	0.024735	0.038203	0.020808	0.027152	0.025987	0.037885	0.043014
0.036136	0.036123	0.021395	0.026878	0.030882	0.032214	0.02733	0.026818	0.027376	0.030512	0.039684	0.034002
0.035178	0.036104	0.021284	0.020461	0.026719	0.024031	0.027177	0.032081	0.025522	0.029612	0.038222	0.036439
0.033791	0.031327	0.025911	0.019753	0.022348	0.020523	0.032354	0.025483	0.026291	0.04701	0.029841	0.036989
0.027716	0.032301	0.019575	0.023359	0.027121	0.021264	0.025244	0.023926	0.027389	0.034344	0.029379	0.035728
0.038371	0.028474	0.019772	0.023107	0.020102	0.029267	0.029041	0.030712	0.029625	0.025697	0.028784	0.033065
0.047302	0.028986	0.019287	0.023343	0.025891	0.028647	0.029907	0.035975	0.032367	0.039646	0.029814	0.033964
0.049572	0.029608	0.026335	0.022435	0.025765	0.028597	0.034975	0.035186	0.030528	0.042026	0.034159	0.033223
0.047246	0.029583	0.020552	0.023752	0.032198	0.029521	0.030146	0.029786	0.032376	0.045632	0.035806	0.032432
0.037657	0.029206	0.016162	0.024736	0.03408	0.037358	0.029133	0.028014	0.032374	0.029372	0.03428	0.031002
0.050837	0.031221	0.019515	0.03356	0.036337	0.041112	0.029424	0.036071	0.030764	0.026945	0.030586	0.031774
0.039702	0.03897	0.01968	0.035906	0.029911	0.034857	0.056325	0.031776	0.031564	0.028957	0.029935	0.031649
0.046782	0.043344	0.024781	0.023694	0.033238	0.038446	0.033467	0.035544	0.028333	0.030837	0.029024	0.03336
0.040356	0.038633	0.034481	0.019559	0.03164	0.035506	0.027012	0.034494	0.041081	0.029146	0.03759	0.033977
0.036303	0.032275	0.028881	0.02278	0.025599	0.025906	0.026178	0.025803	0.03759	0.030593	0.043538	0.033055
0.041233	0.036868	0.029959	0.024008	0.019679	0.02583	0.034466	0.035129	0.033138	0.034146	0.035751	0.031817
0.035894	0.032333	0.019849	0.022006	0.016599	0.030828	0.033199	0.033908	0.042067	0.029502	0.032197	0.043378
0.033666	0.033282	0.025763	0.024799	0.01686	0.029253	0.028094	0.022994	0.037246	0.029902	0.03336	0.048548
0.038576	0.030515	0.023131	0.028118	0.026164	0.027267	0.029482	0.022285	0.038096	0.045454	0.035888	0.050957
0.039659	0.036258	0.023643	0.029373	0.026604	0.024444	0.027551	0.028254	0.040742	0.034439	0.036312	0.049618
0.035697	0.03447	0.026674	0.029828	0.023148	0.022697	0.032088	0.027305	0.035721	0.040703	0.029997	0.046456
0.032564	0.038302	0.021203	0.032988	0.021376	0.022412	0.03012	0.027588	0.031747	0.046642	0.031039	0.043316
0.033214	0.031802	0.021335	0.028378	0.022145	0.027384	0.030727	0.029955	0.035275	0.039348	0.032929	0.038106
0.032441	0.036667	0.015705	0.025778	0.019616	0.021724	0.034595	0.026446	0.030521	0.040011	0.028554	0.04029
0.034812	0.03702	0.012505	0.019781	0.02001	0.021035	0.037849	0.028285	0.035295	0.036219	0.027831	0.04051
0.034147	0.041374	0.018105	0.022429	0.022825	0.019964	0.030236	0.046318	0.03515	0.035317	0.02985	0.031697
0.035606	0.034904	0.019894	0.022098	0.032284	0.025108	0.041447	0.037888	0.02852	0.033536	0.031915	0.02975
0.036671	0.03402	0.022112	0.024115	0.022329	0.023196	0.040767	0.03093	0.030081	0.033563	0.032328	0.031157
0.034854	0.032704	0.02299	0.023163	0.02303	0.029343	0.035886	0.034311	0.033208	0.040364	0.039318	0.03349
0.03589	0.018029	0.025569	0.030664	0.022044	0.028186	0.035324	0.022034	0.035359	0.0397	0.043387	0.032921
0.039023	0.020612	0.019507	0.03004	0.028237	0.027118	0.032276	0.034312	0.02995	0.035726	0.039221	0.034932
0.039393	0.031317	0.026386	0.025101	0.024681	0.026191	0.026388	0.0402	0.031372	0.029064	0.038928	0.036359
0.031005	0.037988	0.028447	0.018554	0.030531	0.028645	0.024484	0.042654	0.030177	0.03264	0.033612	0.036139
0.027893	0.034665	0.030786	0.02409	0.027208	0.030487	0.03037	0.04391	0.027691	0.028878	0.030006	0.041281
0.034037	0.03236	0.034253	0.02119	0.039907	0.028277	0.031837	0.037856	0.03316	0.034887	0.030817	0.032288
0.033469	0.042978	0.02682	0.021363	0.03198	0.024786	0.030369	0.033565	0.034364	0.035338	0.03199	0.031742
0.038438	0.040442	0.022119	0.02235	0.031945	0.031864	0.026943	0.031666	0.026787	0.036771	0.032882	0.031586
0.041584	0.04289	0.01779	0.023762	0.035981	0.034553	0.025542	0.030791	0.035509	0.037914	0.035719	0.037307
0.043601	0.041781	0.017003	0.022536	0.027914	0.03208	0.031012	0.037905	0.037275	0.036415	0.035059	0.03484
0.035576	0.046538	0.02151	0.024855	0.027994	0.0364	0.033551	0.040291	0.032651	0.032141	0.028349	0.033259
0.031973	0.032879	0.028947	0.021292	0.021932	0.026082	0.033506	0.043544	0.031189	0.030798	0.032269	0.032545
0.025414	0.036397	0.029408	0.034631	0.023201	0.022985	0.031134	0.031918	0.031636	0.028151	0.040519	0.032346
0.030584	0.029097	0.035912	0.038115	0.022481	0.021379	0.033962	0.037899	0.03322	0.033155	0.040915	0.03255
0.031644	0.028575	0.025697	0.033737	0.026762	0.022613	0.035064	0.0529	0.031485	0.033999	0.04536	0.03221
0.031745	0.030975	0.019335	0.027278	0.028423	0.024955	0.030622	0.039857	0.031317	0.030589	0.035824	0.035938
0.039314	0.036419	0.017122	0.027762	0.027419	0.025149	0.029223	0.047612	0.032078	0.031532	0.032629	0.042549
0.034021	0.03481	0.018071	0.035102	0.020187	0.025141	0.025349	0.035577	0.029278	0.029642	0.030471	0.044587
0.03589	0.034114	0.021858	0.025075	0.023667	0.021657	0.033258	0.026685	0.032143	0.034655	0.031768	0.042422
0.036943	0.024335	0.021241	0.023593	0.025077	0.02709	0.039137	0.025932	0.037814	0.039097	0.035286	0.03496
0.031737	0.035037	0.021767	0.023921	0.026804	0.027536	0.030994	0.029511	0.036495	0.035477	0.038882	0.033255
0.032974	0.036151	0.019862	0.020594	0.022831	0.028092	0.033594	0.027473	0.0301	0.039976	0.035174	0.03346
0.044704	0.034585	0.018629	0.02519	0.021109	0.026363	0.034126	0.026019	0.029467	0.028865	0.037187	0.037563
0.034321	0.039594	0.018467	0.023755	0.02035	0.026375	0.03272	0.028166	0.033137	0.031602	0.029635	0.03408
0.030277	0.038339	0.018935	0.024938	0.024146	0.028256	0.04064	0.030442	0.035503	0.031262	0.027355	0.033774
0.031309	0.033968	0.020299	0.021192	0.028194	0.026705	0.039329	0.031225	0.033165	0.031497	0.033387	0.034046
0.031341	0.036078	0.029115	0.025525	0.02927	0.025505	0.033244	0.03216	0.031849	0.032259	0.035506	0.033454
0.025171	0.034031	0.023294	0.02574	0.025672	0.02307	0.030942	0.031902	0.033604	0.035113	0.032084	0.033534
0.026772	0.035433	0.023059	0.019641	0.027043	0.024151	0.032858	0.025847	0.032572	0.034274	0.032457	0.037883
0.029773	0.031468	0.022858	0.021387	0.02931	0.029956	0.032436	0.027366	0.033349	0.036223	0.035825	0.03515
0.030889	0.037021	0.01782	0.021115	0.025206	0.02893	0.027654	0.039208	0.037508	0.039096	0.031615	0.033207
0.030405	0.056799	0.02287	0.026332	0.026505	0.029519	0.033194	0.037079	0.041624	0.045069	0.032028	0.02631
0.038469	0.044259	0.0309	0.025435	0.024443	0.026538	0.03146	0.028393	0.041629	0.045558	0.032868	0.035001
0.037146	0.041456	0.039509	0.02609	0.025334	0.025681	0.032563	0.028683	0.035631	0.053377	0.025957	0.030821
0.034285	0.049878	0.032307	0.031153	0.031952	0.026023	0.034449	0.031276	0.027968	0.035426	0.026646	0.029491
0.032544	0.044284	0.024766	0.0376	0.030425	0.019364	0.0373	0.02828	0.029164	0.026315	0.028491	0.032528
0.031708	0.043217	0.027383	0.034007	0.023321	0.021707	0.043088	0.024996	0.030764	0.030241	0.027694	0.027292
0.034348	0.034755	0.024835	0.032658	0.025102	0.024791	0.03534	0.028182	0.032183	0.031865	0.02895	0.033065
0.039302	0.032959	0.027372	0.032893	0.023615	0.025146	0.02934	0.032246	0.03492	0.032483	0.02806	0.044918
0.040037	0.027157	0.022712	0.026465	0.027029	0.024351	0.031847	0.031812	0.032193	0.030824	0.02785	0.046914
0.037607	0.023906	0.023415	0.022006	0.024547	0.026622	0.030447	0.027833	0.037786	0.0311	0.026905	0.032983
0.033265	0.044636	0.023233	0.022994	0.031217	0.028793	0.02746	0.028753	0.032823	0.030729	0.044243	0.03213
0.041793	0.038431	0.021174	0.024514	0.035439	0.029169	0.030392	0.031169	0.033204	0.029109	0.042224	0.034485
0.025579	0.024654	0.027979	0.026106	0.034712	0.034976	0.039771	0.028167	0.031998	0.030109	0.040934	0.034156
0.023135	0.025455	0.021932	0.024274	0.035893	0.038172	0.033565	0.030723	0.034554	0.032777	0.039796	0.032644
0.029639	0.026917	0.028273	0.027572	0.035583	0.029442	0.03654	0.031847	0.038397	0.031666	0.033877	0.03149
0.043109	0.029446	0.027851	0.024876	0.030061	0.028564	0.037537	0.03439	0.039064	0.028585	0.032364	0.039981
0.042443	0.03303	0.028868	0.024947	0.030783	0.030346	0.037578	0.03736	0.032793	0.031895	0.030005	0.046582
0.046746	0.032144	0.021708	0.024442	0.03481	0.024685	0.033892	0.039358	0.035899	0.029919	0.032767	0.050759
0.040565	0.031697	0.026569	0.027188	0.025349	0.024322	0.044242	0.024218	0.044593	0.04592	0.032121	0.038197
0.043858	0.031824	0.032414	0.033671	0.0229	0.024132	0.052868	0.023537	0.039642	0.038347	0.030923	0.02965
0.051377	0.037914	0.036934	0.036515	0.026143	0.02587	0.049896	0.02583	0.044512	0.043314	0.031499	0.03092
0.043889	0.030346	0.040028	0.031938	0.027358	0.027264	0.047682	0.026549	0.033044	0.04777	0.033282	0.035963
0.028141	0.038453	0.036943	0.029305	0.025614	0.031576	0.049246	0.027516	0.042358	0.043624	0.037471	0.042151
0.027069	0.037823	0.029096	0.031484	0.023874	0.029024	0.056542	0.030459	0.04246	0.035297	0.042238	0.046508
0.035471	0.03204	0.023836	0.026843	0.021498	0.025691	0.053343	0.035972	0.04519	0.020807	0.034665	0.049843
0.044338	0.036109	0.021517	0.027108	0.030445	0.031213	0.051903	0.035324	0.047753	0.033571	0.035492	0.044016
0.040755	0.029429	0.022416	0.028262	0.027444	0.037184	0.038992	0.037906	0.037182	0.035298	0.036701	0.036333
0.031559	0.031665	0.02256	0.023553	0.024648	0.037747	0.052279	0.033742	0.032659	0.042116	0.040094	0.035333
0.04137	0.038529	0.024953	0.023517	0.033696	0.038845	0.040859	0.024823	0.037721	0.0397	0.04207	0.047371
0.037673	0.032754	0.03683	0.020435	0.026873	0.028989	0.047141	0.031956	0.039858	0.032565	0.040004	0.057748
0.031651	0.046987	0.037027	0.028257	0.028434	0.034743	0.053539	0.03967	0.033244	0.029762	0.046065	0.05748
0.036146	0.037975	0.037955	0.025943	0.02757	0.026601	0.044778	0.034262	0.040026	0.032842	0.050585	0.054776
0.035139	0.033947	0.039904	0.028157	0.02905	0.025055	0.051177	0.032506	0.040702	0.031643	0.054285	0.061691
0.034324	0.039492	0.034433	0.034193	0.02959	0.034553	0.047734	0.030488	0.030224	0.032585	0.053305	0.050349
0.034594	0.032796	0.035715	0.033568	0.02621	0.03766	0.045324	0.039555	0.050366	0.03987	0.05603	0.052424
0.043246	0.026339	0.028055	0.030886	0.026454	0.037906	0.052119	0.037718	0.046767	0.047912	0.050038	0.052099
0.045088	0.026309	0.025072	0.031096	0.02836	0.039719	0.053119	0.031424	0.038402	0.044328	0.042021	0.057672
0.046616	0.02852	0.028963	0.037935	0.02551	0.032736	0.049616	0.035533	0.034484	0.037708	0.049904	0.053631
0.03702	0.029873	0.022342	0.038511	0.026448	0.043525	0.050485	0.035016	0.030931	0.044382	0.055296	0.056029
0.035356	0.030576	0.031455	0.038077	0.029958	0.035848	0.039151	0.030702	0.037491	0.051433	0.05746	0.064741
0.038686	0.033211	0.033743	0.037218	0.037298	0.037724	0.034886	0.037864	0.039718	0.054232	0.061245	0.060038
0.042405	0.03716	0.038169	0.043716	0.030323	0.037192	0.039035	0.034039	0.049886	0.055356	0.05953	0.055032
0.041141	0.035793	0.035942	0.043268	0.023583	0.02633	0.038388	0.034194	0.046817	0.051669	0.057167	0.057518
0.037288	0.035367	0.038222	0.038667	0.024334	0.023032	0.037882	0.038029	0.04775	0.049397	0.064776	0.057265
0.03812	0.033811	0.033219	0.042338	0.027964	0.026911	0.036275	0.031458	0.057664	0.047752	0.055757	0.061639
0.038401	0.031177	0.040801	0.03614	0.02431	0.024446	0.039776	0.039667	0.046833	0.053501	0.059863	0.061437
0.04165	0.031823	0.033749	0.030034	0.028074	0.023475	0.040071	0.038034	0.042798	0.052885	0.061837	0.062072
0.044587	0.039159	0.024889	0.033809	0.025885	0.031573	0.039616	0.037505	0.036795	0.052826	0.059151	0.059317
0.047014	0.033291	0.035155	0.038422	0.028907	0.042656	0.047618	0.04468	0.029046	0.05529	0.057838	0.05436
0.043519	0.028799	0.031436	0.04399	0.032396	0.045145	0.050767	0.045776	0.028916	0.049992	0.060793	0.054307
0.036868	0.03307	0.021889	0.0457	0.027388	0.038557	0.04352	0.043927	0.036731	0.061327	0.063565	0.053606
0.040186	0.032724	0.021157	0.039328	0.031589	0.041257	0.037692	0.043743	0.042688	0.060234	0.067349	0.058192
0.050393	0.032934	0.024687	0.040952	0.027937	0.046787	0.033024	0.047705	0.034737	0.059471	0.067243	0.055108
0.059581	0.03622	0.029028	0.037612	0.031075	0.04168	0.028447	0.040183	0.033389	0.053219	0.059391	0.051808
0.051843	0.041134	0.03312	0.035497	0.0331	0.039191	0.0253	0.045157	0.032988	0.045594	0.063416	0.052575
0.058483	0.037767	0.037694	0.029047	0.027886	0.033839	0.027319	0.034236	0.030209	0.043978	0.065253	0.054756
0.050743	0.042541	0.026389	0.026899	0.034263	0.029213	0.029612	0.031793	0.033139	0.047398	0.055084	0.050453
0.067018	0.046341	0.023278	0.033561	0.034901	0.024287	0.034321	0.034203	0.03262	0.049319	0.057347	0.051378
0.049063	0.037632	0.025854	0.029781	0.0356	0.020409	0.036628	0.038324	0.032547	0.033853	0.051158	0.05047
0.048613	0.029715	0.031553	0.027391	0.037737	0.022803	0.035211	0.034586	0.028743	0.040651	0.046929	0.054472
0.056263	0.034684	0.027284	0.026334	0.03603	0.028783	0.029682	0.040026	0.039573	0.042395	0.054933	0.049019
0.035487	0.036837	0.024179	0.024551	0.037757	0.031796	0.030701	0.041485	0.038095	0.030614	0.056589	0.05135
0.031174	0.035218	0.031322	0.022467	0.036929	0.025214	0.038233	0.037367	0.038796	0.028672	0.055046	0.058324
0.03448	0.039635	0.030551	0.025145	0.034565	0.025266	0.041943	0.035439	0.033513	0.031563	0.046046	0.047803
0.035661	0.045055	0.033398	0.033475	0.034628	0.027775	0.040717	0.028876	0.02919	0.032643	0.040042	0.047969
0.036333	0.045343	0.034976	0.03599	0.032268	0.028932	0.040845	0.029139	0.027911	0.043043	0.032738	0.030942
0.038442	0.037949	0.043563	0.042652	0.03268	0.027287	0.047773	0.039232	0.03034	0.04668	0.030954	0.027152
0.033831	0.040137	0.039356	0.038383	0.029653	0.030451	0.050253	0.041276	0.0389	0.052129	0.033669	0.032059
0.046012	0.033703	0.033506	0.0343	0.031996	0.031148	0.037226	0.043123	0.037136	0.048226	0.033048	0.033572
0.051075	0.032134	0.037275	0.036286	0.034475	0.025186	0.043402	0.044809	0.027403	0.047753	0.033794	0.032742
0.047275	0.033682	0.029784	0.037437	0.035811	0.025217	0.03066	0.044332	0.031557	0.04949	0.039758	0.043882
0.046592	0.032584	0.016861	0.024833	0.038011	0.027264	0.04814	0.04406	0.028149	0.046282	0.048396	0.041448
0.045969	0.033194	0.018187	0.0218	0.042672	0.031859	0.037945	0.03899	0.036105	0.050013	0.048406	0.038866
0.047454	0.035773	0.019457	0.021711	0.043517	0.034241	0.028211	0.040918	0.04109	0.040629	0.048057	0.038448
0.054038	0.041574	0.023092	0.025485	0.032914	0.02916	0.031831	0.037325	0.039492	0.031394	0.041097	0.031847
0.041552	0.043894	0.02274	0.027982	0.032477	0.028164	0.028121	0.039266	0.040045	0.030697	0.032988	0.043489
0.040917	0.049052	0.024707	0.029723	0.032269	0.026258	0.030375	0.046324	0.033278	0.032668	0.032607	0.042093
0.041196	0.035553	0.023819	0.023145	0.023101	0.02879	0.020281	0.053415	0.033319	0.030657	0.035174	0.037026
0.035948	0.032618	0.014772	0.026496	0.023842	0.028095	0.036552	0.046704	0.040391	0.033895	0.046032	0.038911
0.031419	0.040058	0.019396	0.021912	0.036358	0.035192	0.027257	0.042493	0.030873	0.037621	0.048292	0.039203
0.036212	0.033756	0.023908	0.023963	0.030596	0.03587	0.032381	0.039979	0.036719	0.044108	0.040697	0.041162
0.035664	0.033626	0.024513	0.029391	0.028469	0.037349	0.03773	0.034364	0.03154	0.043565	0.037863	0.041662
0.031654	0.039823	0.028488	0.030779	0.022546	0.034604	0.038771	0.040136	0.034063	0.047187	0.039143	0.049095
0.039924	0.043377	0.034163	0.030779	0.027373	0.033871	0.040337	0.038774	0.044404	0.042626	0.037418	0.060051
0.036077	0.042014	0.032395	0.030069	0.031794	0.028076	0.032118	0.040083	0.049024	0.041801	0.040097	0.063768
0.039726	0.036751	0.025424	0.039016	0.028948	0.02221	0.034115	0.028836	0.059172	0.049909	0.037686	0.059192
0.034022	0.035319	0.024461	0.031302	0.028067	0.019905	0.033453	0.032282	0.040131	0.056225	0.046629	0.053324
0.043829	0.040359	0.028543	0.024051	0.035543	0.020217	0.041787	0.040995	0.0432	0.034388	0.051244	0.054792
0.047066	0.028906	0.034783	0.030981	0.028111	0.024079	0.032093	0.037398	0.049581	0.032194	0.051359	0.052259
0.035001	0.039247	0.033457	0.02327	0.025552	0.023403	0.033161	0.029795	0.047003	0.031406	0.054451	0.050698
0.034667	0.036272	0.026736	0.023491	0.023419	0.02302	0.042645	0.029667	0.047884	0.036347	0.053593	0.044207
0.038701	0.03715	0.027689	0.024238	0.029648	0.030041	0.047652	0.042074	0.031928	0.036208	0.054316	0.036191
0.035668	0.033124	0.024671	0.022365	0.035996	0.032459	0.036008	0.041277	0.028478	0.046965	0.053028	0.033686
0.03426	0.034582	0.023908	0.025907	0.025472	0.03005	0.022085	0.036694	0.026184	0.036381	0.059226	0.035359
0.05097	0.03694	0.040983	0.025802	0.028356	0.024186	0.031946	0.028086	0.027532	0.031809	0.057348	0.036269
0.033244	0.033983	0.029936	0.027397	0.040656	0.028135	0.030913	0.029603	0.029169	0.037857	0.054334	0.036672
0.04186	0.049474	0.030183	0.030505	0.036657	0.033262	0.039039	0.035423	0.029311	0.048336	0.044135	0.035701
0.04478	0.047468	0.02179	0.040947	0.035346	0.026139	0.047922	0.035138	0.031179	0.043968	0.048011	0.034909
0.049152	0.03652	0.029761	0.040366	0.027039	0.033731	0.037605	0.038002	0.035613	0.042691	0.041641	0.039058
0.04654	0.036213	0.031926	0.03985	0.02518	0.035974	0.026759	0.039391	0.040703	0.047554	0.036467	0.044339
0.055509	0.035821	0.029212	0.034317	0.029045	0.033627	0.034344	0.021063	0.041343	0.05127	0.033258	0.044887
0.053993	0.041054	0.022876	0.028715	0.02484	0.028764	0.028391	0.027968	0.039414	0.059651	0.029473	0.036567
0.044286	0.034821	0.031705	0.025824	0.024201	0.028034	0.038417	0.046434	0.031468	0.037775	0.031956	0.036498
0.042411	0.035767	0.030323	0.023898	0.027487	0.030303	0.034469	0.03759	0.025764	0.042068	0.034074	0.041819
0.039787	0.023568	0.038282	0.028891	0.025707	0.02508	0.039192	0.037492	0.03099	0.035654	0.036786	0.050985
0.040049	0.032723	0.043157	0.025524	0.030496	0.020463	0.034651	0.03975	0.035956	0.036256	0.036309	0.057275
0.031478	0.039616	0.042402	0.022964	0.026339	0.023379	0.025311	0.024621	0.029236	0.037538	0.043564	0.055576
0.03564	0.038513	0.051444	0.024493	0.031911	0.035179	0.041928	0.046675	0.028374	0.037151	0.036655	0.052127
0.029666	0.04119	0.032644	0.022679	0.031377	0.021611	0.046677	0.036349	0.0297	0.03754	0.034149	0.045347
0.041011	0.043618	0.032469	0.026575	0.02527	0.0274	0.046334	0.03027	0.035579	0.033388	0.037423	0.049482
0.057538	0.040091	0.036448	0.025662	0.021439	0.025604	0.046864	0.02889	0.033399	0.033596	0.037122	0.051629
0.041617	0.038171	0.026324	0.029969	0.021481	0.023561	0.049849	0.030851	0.031494	0.038269	0.037941	0.049626
0.040569	0.037068	0.02505	0.036371	0.02295	0.023707	0.049221	0.027471	0.035715	0.036477	0.043472	0.0486
0.029848	0.035758	0.028108	0.029656	0.026139	0.025941	0.045964	0.030256	0.028627	0.03595	0.045544	0.047913
0.035255	0.034101	0.018554	0.029297	0.028762	0.030491	0.037176	0.024855	0.032615	0.040716	0.032632	0.037218
0.036472	0.025922	0.029875	0.025469	0.031875	0.032125	0.033115	0.03796	0.036326	0.038322	0.033293	0.03691
0.033139	0.02774	0.029132	0.037245	0.035036	0.037791	0.040299	0.0369	0.042733	0.039208	0.033745	0.038769
0.027785	0.035763	0.034384	0.04375	0.031107	0.03535	0.029591	0.037584	0.04369	0.031986	0.037889	0.038046
0.03445	0.043095	0.038857	0.026953	0.022898	0.028392	0.041413	0.030904	0.049362	0.043807	0.0423	0.035068
0.037538	0.048734	0.041994	0.03118	0.02594	0.024276	0.038028	0.031346	0.048696	0.038087	0.032866	0.036455
0.041803	0.039554	0.039253	0.028512	0.030569	0.027269	0.036916	0.046116	0.040105	0.032313	0.042559	0.04709
0.039668	0.046057	0.038552	0.027152	0.025149	0.032051	0.027431	0.040944	0.044546	0.029799	0.0383	0.04285
0.047924	0.050101	0.034924	0.031502	0.03002	0.036275	0.032897	0.042682	0.05152	0.028205	0.029532	0.050393
0.037326	0.035252	0.044312	0.033404	0.029967	0.031062	0.031279	0.035549	0.04325	0.035207	0.031454	0.052232
0.036749	0.032536	0.032714	0.041691	0.030925	0.02728	0.030046	0.039766	0.040949	0.05126	0.048809	0.049224
0.043319	0.037535	0.036606	0.028188	0.023796	0.029478	0.035256	0.036702	0.047288	0.048508	0.04394	0.049069
0.045808	0.033959	0.024714	0.02772	0.028964	0.03367	0.035319	0.032325	0.035443	0.047939	0.041685	0.052174
0.038211	0.033946	0.022453	0.026939	0.032776	0.035697	0.041025	0.028584	0.041696	0.045726	0.046639	0.037884
0.03776	0.03903	0.029342	0.031949	0.037853	0.045128	0.044252	0.032109	0.032447	0.043086	0.054089	0.033334
0.031837	0.042917	0.026129	0.037431	0.03861	0.037689	0.040497	0.041451	0.025425	0.04978	0.051064	0.03238
0.035094	0.035424	0.020555	0.041929	0.036613	0.034523	0.042016	0.037906	0.027904	0.053437	0.057897	0.035017
0.040567	0.034509	0.020045	0.042881	0.035715	0.036873	0.03766	0.029384	0.035322	0.043564	0.050821	0.046958
0.04769	0.032256	0.022704	0.040107	0.025808	0.035474	0.031474	0.037526	0.032906	0.039742	0.046776	0.063039
0.055293	0.050837	0.032578	0.042113	0.022439	0.031032	0.035072	0.040412	0.032732	0.033986	0.04719	0.051694
0.049194	0.043952	0.04135	0.039948	0.027238	0.022663	0.030608	0.035448	0.025696	0.039802	0.046628	0.048787
0.054159	0.041397	0.036146	0.039462	0.04479	0.020114	0.032656	0.031833	0.027448	0.042774	0.046366	0.049538
0.056143	0.051716	0.047387	0.037831	0.033542	0.022067	0.048553	0.025695	0.035227	0.030951	0.04615	0.046086
0.053778	0.049809	0.036908	0.036525	0.039786	0.03069	0.039699	0.037921	0.032779	0.046174	0.047723	0.038285
0.042731	0.048912	0.033776	0.033708	0.040188	0.034306	0.045413	0.057367	0.032984	0.048083	0.040816	0.033136
0.044925	0.048693	0.033605	0.033959	0.030086	0.035867	0.047898	0.04845	0.03188	0.047931	0.035671	0.035108
0.052992	0.056092	0.035692	0.033074	0.02631	0.040381	0.049653	0.042954	0.036513	0.048178	0.029633	0.033609
0.059994	0.043588	0.032945	0.036043	0.034678	0.036176	0.047295	0.043236	0.046593	0.054287	0.03116	0.043483
0.043847	0.044011	0.026215	0.030164	0.032773	0.034554	0.040856	0.049625	0.058266	0.04989	0.042923	0.057173
0.042129	0.033955	0.021574	0.02768	0.036918	0.02499	0.038714	0.039585	0.048558	0.061339	0.051034	0.058204
0.037111	0.029088	0.022498	0.03006	0.039325	0.031135	0.035003	0.028953	0.044333	0.061072	0.049308	0.054422
0.03145	0.033476	0.024468	0.032689	0.044604	0.029258	0.035249	0.029482	0.044765	0.043209	0.046103	0.056904
0.031573	0.039394	0.023858	0.02212	0.039391	0.020795	0.044798	0.031867	0.046697	0.04515	0.048073	0.056303
0.037919	0.045896	0.024833	0.019214	0.041186	0.025182	0.034651	0.033613	0.042563	0.04321	0.048893	0.05489
0.039378	0.046903	0.024965	0.022921	0.03935	0.032022	0.023151	0.028601	0.045614	0.029801	0.044798	0.060559
0.037544	0.052682	0.033115	0.025425	0.03865	0.031384	0.025746	0.035115	0.043544	0.029957	0.048162	0.043561
0.04587	0.048319	0.034921	0.025567	0.037492	0.045516	0.021959	0.039329	0.037013	0.036398	0.047757	0.046408
0.053158	0.049163	0.038187	0.023168	0.042337	0.035044	0.024356	0.043533	0.033947	0.03749	0.042496	0.046277
0.047304	0.059968	0.040672	0.022726	0.036586	0.034168	0.023299	0.044816	0.033706	0.03992	0.041136	0.044104
0.054286	0.04461	0.038589	0.033396	0.035127	0.040213	0.031331	0.044513	0.026122	0.039019	0.047329	0.045382
0.054294	0.047176	0.034439	0.042998	0.032241	0.03272	0.032245	0.046351	0.022148	0.032503	0.044233	0.033682
0.047343	0.049513	0.028863	0.039929	0.030151	0.041658	0.031519	0.056444	0.021453	0.035113	0.046077	0.029132
0.040672	0.036976	0.027045	0.042384	0.023028	0.025029	0.03703	0.047747	0.023114	0.032102	0.044257	0.033464
0.040671	0.031373	0.023395	0.041574	0.021059	0.022191	0.031606	0.037478	0.026151	0.028068	0.054211	0.038894
0.046806	0.030582	0.016778	0.047225	0.021867	0.026238	0.032731	0.038776	0.024021	0.028586	0.038119	0.03223
											
											
											
											
											
											
