0.743557	0.827887	0.805079	0.806883	0.811318	0.840076	0.808962	0.843357	0.767873	0.789723	0.88781	0.907339	0.855674
0.763771	0.840469	0.803781	0.80374	0.796206	0.855468	0.799223	0.858356	0.751255	0.787481	0.853438	0.919877	0.830204
0.770977	0.833442	0.788243	0.773126	0.810255	0.833394	0.807851	0.864981	0.76659	0.822409	0.82802	0.945519	0.83626
0.758368	0.814044	0.818818	0.799769	0.823555	0.870106	0.803077	0.854563	0.756707	0.82942	0.849896	0.93061	0.815028
0.766046	0.827822	0.813797	0.802127	0.814305	0.889542	0.795364	0.83589	0.76261	0.807599	0.845198	0.913106	0.859493
0.767806	0.814188	0.834119	0.775679	0.803186	0.821248	0.813301	0.835652	0.802594	0.81118	0.805205	0.904065	0.860248
0.754651	0.788211	0.832104	0.757885	0.792895	0.825496	0.796334	0.863541	0.853238	0.832828	0.842738	0.935159	0.854926
0.751363	0.771995	0.824765	0.752516	0.843382	0.883075	0.772997	0.865469	0.837968	0.805289	0.876188	0.919347	0.829304
0.749208	0.797589	0.82797	0.737986	0.819155	0.870503	0.776149	0.880672	0.825544	0.819733	0.847894	0.981291	0.813591
0.747071	0.78189	0.832713	0.769142	0.820945	0.847593	0.749743	0.838385	0.792682	0.803538	0.837146	0.97952	0.796936
0.804826	0.837392	0.822461	0.734992	0.772117	0.854494	0.762517	0.85536	0.807713	0.822974	0.851098	0.969933	0.78162
0.793128	0.813342	0.803041	0.705363	0.818772	0.854827	0.750093	0.854075	0.826234	0.83078	0.838895	0.946372	0.799775
0.767738	0.81223	0.836202	0.718609	0.832858	0.88454	0.773123	0.85156	0.827719	0.874021	0.824989	0.906752	0.793911
0.750951	0.759596	0.838967	0.726162	0.79635	0.89145	0.773241	0.81665	0.818185	0.85919	0.798688	0.931116	0.773155
0.732513	0.769079	0.830648	0.720275	0.826267	0.895134	0.753797	0.785477	0.776875	0.803411	0.83681	0.925629	0.800178
0.762934	0.765501	0.834493	0.737319	0.837633	0.799511	0.749254	0.823609	0.777644	0.792395	0.835879	0.91165	0.814942
0.777229	0.755539	0.833298	0.70665	0.847573	0.817123	0.752302	0.838861	0.792402	0.802758	0.859564	0.900857	0.862076
0.781282	0.773935	0.845335	0.717837	0.840424	0.799235	0.776226	0.853134	0.805777	0.792773	0.853365	0.871117	0.83833
0.738501	0.761551	0.807309	0.723701	0.817189	0.803352	0.829773	0.838417	0.831466	0.81421	0.831252	0.88856	0.843483
0.753755	0.77923	0.840763	0.709964	0.79955	0.771804	0.850619	0.830488	0.849096	0.826188	0.814866	0.862856	0.809495
0.781145	0.771728	0.83331	0.759682	0.828885	0.805527	0.805273	0.80885	0.839581	0.809066	0.808871	0.88152	0.820587
0.816321	0.786156	0.797695	0.746234	0.800574	0.842403	0.766413	0.822389	0.840195	0.820425	0.791582	0.887707	0.822281
0.808163	0.798756	0.798429	0.73403	0.799011	0.817046	0.78157	0.832349	0.822736	0.779702	0.774317	0.886079	0.816588
0.844225	0.852574	0.857472	0.75999	0.815927	0.796837	0.754158	0.837856	0.825496	0.823376	0.771865	0.905682	0.821908
0.861293	0.880775	0.853417	0.731669	0.752977	0.788646	0.781995	0.842769	0.867541	0.813155	0.760511	0.888025	0.817423
0.874718	0.873436	0.877187	0.738279	0.777683	0.817424	0.802079	0.851484	0.911458	0.790006	0.776045	0.897134	0.851762
0.887167	0.870458	0.862977	0.76044	0.790247	0.799565	0.841377	0.869345	0.813012	0.788053	0.77742	0.890637	0.864639
0.884895	0.899307	0.809352	0.770022	0.819467	0.810336	0.866454	0.858144	0.805967	0.762741	0.849702	0.91917	0.883263
0.842429	0.856983	0.818956	0.758334	0.794507	0.811463	0.825053	0.852155	0.827994	0.788701	0.827509	0.868742	0.869947
0.847537	0.816671	0.816577	0.785049	0.828242	0.817597	0.844598	0.872289	0.827914	0.794084	0.834609	0.84783	0.876887
0.827902	0.809606	0.794139	0.771296	0.824497	0.827473	0.840792	0.861171	0.837992	0.77835	0.85396	0.864274	0.86147
0.803312	0.81574	0.772812	0.742444	0.786677	0.792513	0.808211	0.847848	0.808468	0.778817	0.891267	0.839661	0.867741
0.799104	0.800541	0.815905	0.74508	0.783969	0.794304	0.802118	0.864187	0.800326	0.78851	0.837063	0.842383	0.855134
0.777397	0.8041	0.777894	0.736022	0.812555	0.856841	0.791358	0.868218	0.822745	0.768765	0.840898	0.895688	0.894121
0.7815	0.813919	0.74095	0.728012	0.782232	0.838022	0.777689	0.884648	0.835406	0.767712	0.840157	0.909192	0.859455
0.767486	0.793924	0.787307	0.728836	0.7895	0.828289	0.819594	0.89858	0.830159	0.788317	0.805916	0.957823	0.879938
0.743694	0.754344	0.747083	0.748282	0.776046	0.882595	0.837782	0.874752	0.895871	0.847741	0.809725	0.893652	0.875684
0.758037	0.756738	0.742168	0.789949	0.821792	0.866876	0.799948	0.85953	0.802866	0.876921	0.81461	0.861156	0.868132
0.772925	0.775086	0.768593	0.842772	0.863454	0.874264	0.80952	0.856679	0.800982	0.841175	0.884251	0.882785	0.851384
0.788802	0.760049	0.759458	0.84407	0.847435	0.886499	0.778611	0.849632	0.856974	0.83653	0.818794	0.867552	0.810649
0.771474	0.742879	0.781351	0.839201	0.834209	0.848831	0.786885	0.813665	0.830421	0.838049	0.868561	0.873725	0.813182
0.775866	0.754248	0.800097	0.836787	0.828816	0.867102	0.839926	0.812039	0.808557	0.803613	0.86746	0.923285	0.845751
0.816237	0.739842	0.788229	0.759533	0.842799	0.867449	0.906607	0.833584	0.7873	0.815099	0.808259	0.879019	0.792538
0.823522	0.767707	0.788826	0.788379	0.824813	0.844768	0.859932	0.826827	0.816425	0.812668	0.874512	0.911402	0.78373
0.814028	0.764957	0.819796	0.798534	0.865451	0.825998	0.848753	0.809968	0.794709	0.804562	0.841223	0.877734	0.766972
0.808774	0.779696	0.848384	0.803151	0.849753	0.82382	0.870669	0.837492	0.862796	0.870163	0.816796	0.842729	0.806863
0.788302	0.752208	0.814712	0.816041	0.827225	0.837927	0.793471	0.801458	0.78598	0.819978	0.84636	0.833035	0.85072
0.770471	0.786276	0.843586	0.818373	0.787185	0.852353	0.788847	0.810379	0.852816	0.839077	0.922675	0.844276	0.892916
0.778438	0.784543	0.80124	0.806489	0.788536	0.798013	0.799459	0.828358	0.776282	0.792508	0.841404	0.840532	0.880222
0.807511	0.76403	0.84042	0.813281	0.8252	0.842285	0.781707	0.86683	0.832552	0.832428	0.797752	0.866734	0.877065
0.770273	0.789955	0.852427	0.773165	0.794736	0.807405	0.795709	0.86876	0.839426	0.860643	0.804697	0.863695	0.899251
0.777557	0.797182	0.855964	0.7933	0.798511	0.801555	0.819667	0.885971	0.86259	0.835443	0.893027	0.872658	0.879058
0.743129	0.812503	0.853263	0.777317	0.807782	0.794471	0.846929	0.857737	0.829814	0.850803	0.917046	0.921238	0.868622
0.75362	0.816252	0.857038	0.774208	0.812609	0.87306	0.838927	0.854172	0.852922	0.868868	0.89191	0.87684	0.888011
0.777342	0.808479	0.840027	0.784444	0.786893	0.881964	0.843635	0.823538	0.883586	0.868671	0.874324	0.894784	0.858895
0.826863	0.755878	0.833796	0.764346	0.798422	0.875483	0.818158	0.830392	0.859408	0.884631	0.95031	0.900745	0.867782
0.851434	0.828642	0.809775	0.74882	0.767526	0.828474	0.776158	0.834894	0.831217	0.874486	0.943527	0.87659	0.822334
0.86655	0.799818	0.80417	0.732106	0.773679	0.847748	0.8013	0.859602	0.832752	0.883585	0.872697	0.826087	0.806851
0.844002	0.790411	0.814885	0.764411	0.800833	0.851627	0.740368	0.834209	0.800902	0.878771	0.863508	0.813083	0.805674
0.85014	0.785659	0.809893	0.81485	0.803337	0.795021	0.750659	0.839353	0.849397	0.852038	0.846698	0.829598	0.84352
0.8112	0.758848	0.806546	0.833407	0.869532	0.813886	0.748851	0.83977	0.832629	0.834014	0.835244	0.860578	0.877747
0.806189	0.798824	0.832792	0.828351	0.855711	0.820284	0.767503	0.864419	0.815705	0.841031	0.832144	0.900738	0.913574
0.816457	0.748732	0.844536	0.743342	0.884163	0.791257	0.755711	0.912651	0.825281	0.855761	0.827873	0.903561	0.900398
0.78296	0.722918	0.862141	0.798269	0.878508	0.793906	0.805646	0.912831	0.860383	0.841596	0.825787	0.892063	0.875868
0.760953	0.70693	0.846431	0.737858	0.841674	0.799972	0.79912	0.883961	0.855504	0.830149	0.87692	0.937876	0.888304
0.78041	0.747269	0.847343	0.758234	0.857452	0.822677	0.789615	0.844608	0.83735	0.787051	0.887265	0.915654	0.884361
0.808066	0.776695	0.848335	0.772615	0.839257	0.793838	0.82316	0.845066	0.823274	0.797784	0.892098	0.905122	0.852804
0.794571	0.737496	0.843071	0.754541	0.802644	0.797765	0.804036	0.8665	0.795514	0.78978	0.867853	0.864804	0.831539
0.738401	0.783736	0.848815	0.717239	0.798932	0.867351	0.843044	0.835766	0.763365	0.765887	0.894585	0.879492	0.821739
0.787007	0.803911	0.814494	0.73644	0.784119	0.746367	0.800358	0.862226	0.735307	0.747278	0.849719	0.892763	0.823212
0.786463	0.833523	0.825279	0.730626	0.754462	0.745272	0.780266	0.890441	0.76226	0.771679	0.84474	0.931226	0.81579
0.863245	0.814173	0.826611	0.726734	0.766909	0.827229	0.791597	0.880756	0.78207	0.759225	0.848405	0.917212	0.83235
0.776212	0.828052	0.844622	0.742	0.76647	0.817694	0.772573	0.851213	0.748728	0.793274	0.850832	0.905877	0.843764
0.763815	0.822348	0.843509	0.738753	0.762492	0.821684	0.825748	0.833679	0.804437	0.778337	0.84921	0.89934	0.86338
0.757164	0.824999	0.82108	0.743088	0.776268	0.859609	0.805873	0.840272	0.794325	0.777542	0.883885	0.930476	0.875244
0.766231	0.875628	0.858638	0.76687	0.809922	0.852468	0.832945	0.858663	0.78962	0.779045	0.86429	0.975477	0.87331
0.744848	0.815317	0.873903	0.746593	0.809532	0.883954	0.848958	0.849641	0.765963	0.777406	0.851258	0.979715	0.88617
0.738584	0.881135	0.843221	0.787482	0.792933	0.873407	0.794643	0.834715	0.766297	0.79281	0.834552	0.958589	0.904055
0.748047	0.790313	0.805583	0.772849	0.848981	0.872338	0.795436	0.849799	0.831189	0.813677	0.885352	0.912856	0.883192
0.745501	0.744424	0.793477	0.852119	0.832699	0.890207	0.807182	0.855486	0.807339	0.849038	0.85986	0.885708	0.839581
0.804025	0.791133	0.801292	0.863088	0.814631	0.863175	0.82216	0.894301	0.827277	0.872899	0.88041	0.930572	0.876873
0.838142	0.768901	0.822672	0.806111	0.768516	0.860104	0.915854	0.84926	0.798425	0.899549	0.866597	0.938398	0.875215
0.863162	0.817571	0.810901	0.776447	0.751285	0.878529	0.823906	0.87775	0.817226	0.906799	0.881778	0.878644	0.864796
0.905297	0.844251	0.807429	0.838896	0.748971	0.877056	0.869976	0.919117	0.856488	0.904322	0.862502	0.878119	0.847685
0.867215	0.871091	0.761166	0.774435	0.775416	0.86778	0.845071	0.886028	0.872897	0.870189	0.850536	0.911184	0.829291
0.882378	0.864475	0.844662	0.790859	0.766283	0.835735	0.877799	0.888576	0.877719	0.859202	0.856763	0.889437	0.842987
0.858783	0.856546	0.81102	0.813779	0.82873	0.842047	0.853134	0.873941	0.833568	0.860264	0.807875	0.874525	0.805647
0.887687	0.840755	0.793239	0.826496	0.869583	0.943133	0.868415	0.864936	0.802609	0.857434	0.80796	0.91009	0.828329
0.83537	0.874275	0.808945	0.836265	0.88403	0.916816	0.850159	0.911014	0.835022	0.843821	0.817279	0.920849	0.8707
0.805494	0.855444	0.786476	0.770765	0.885084	0.913842	0.852132	0.899883	0.879011	0.826102	0.801332	0.941123	0.947332
0.829875	0.851168	0.769998	0.760568	0.859208	0.910496	0.857902	0.908394	0.857638	0.820746	0.829439	0.91618	0.95013
0.828589	0.843317	0.791679	0.778268	0.846001	0.898789	0.832174	0.89009	0.872456	0.828063	0.805619	0.864263	0.882559
0.80808	0.83708	0.809149	0.813381	0.827237	0.931403	0.803799	0.881701	0.838019	0.829307	0.83199	0.869329	0.890135
0.789015	0.814982	0.788636	0.818143	0.833662	0.887811	0.815237	0.879906	0.782302	0.807831	0.868379	0.87447	0.899152
0.767071	0.81585	0.820829	0.800307	0.78677	0.855195	0.808795	0.865302	0.863556	0.800507	0.893468	0.880293	0.910991
0.794992	0.806488	0.843655	0.763463	0.802426	0.858987	0.855982	0.901917	0.849701	0.813128	0.904218	0.882991	0.922107
0.774585	0.818466	0.897756	0.774956	0.786968	0.854652	0.834386	0.892333	0.824667	0.803996	0.939699	0.860441	0.877399
0.846575	0.82188	0.891543	0.752912	0.773588	0.846175	0.860144	0.896537	0.855306	0.802477	0.914634	0.857977	0.871237
0.773232	0.795304	0.880658	0.732017	0.741311	0.849572	0.835468	0.89758	0.834574	0.864799	0.938933	0.805945	0.858237
0.764445	0.76362	0.862701	0.743685	0.755679	0.826027	0.866816	0.864008	0.827508	0.874841	0.909952	0.81774	0.828621
0.790995	0.770181	0.849367	0.729826	0.790281	0.846906	0.806857	0.871908	0.814098	0.8857	0.88027	0.806831	0.81204
0.846852	0.761146	0.799376	0.757212	0.756084	0.902693	0.840929	0.878639	0.891494	0.881226	0.853236	0.836431	0.817716
0.827223	0.773782	0.792642	0.748409	0.781682	0.898309	0.817907	0.873689	0.876009	0.858595	0.836969	0.877965	0.877399
0.782776	0.769819	0.800298	0.70474	0.804962	0.888071	0.767977	0.864408	0.921978	0.872585	0.841413	0.845649	0.840119
0.802102	0.770621	0.818547	0.716129	0.837668	0.870966	0.79314	0.841699	0.876331	0.855253	0.88984	0.885876	0.893353
0.84461	0.761722	0.794098	0.734066	0.827489	0.885375	0.765842	0.851582	0.866728	0.854943	0.92525	0.881216	0.848795
0.86814	0.79278	0.829883	0.762526	0.866711	0.906303	0.821367	0.858355	0.802358	0.83508	0.967181	0.908773	0.853846
0.86959	0.710208	0.826745	0.746451	0.839686	0.873954	0.794752	0.871676	0.804146	0.813126	0.906415	0.902634	0.810952
0.84749	0.764199	0.807609	0.795066	0.871864	0.877661	0.763488	0.847057	0.853306	0.823158	0.870688	0.912216	0.77783
0.843725	0.791967	0.819886	0.761397	0.903907	0.947222	0.783206	0.8817	0.811248	0.853144	0.876554	0.891756	0.791333
0.817092	0.871557	0.79883	0.787282	0.885297	0.889316	0.798802	0.863323	0.814656	0.832544	0.846299	0.863433	0.761706
0.784599	0.880646	0.84695	0.889613	0.881671	0.914498	0.813204	0.827561	0.816295	0.818887	0.85668	0.884589	0.819916
0.76788	0.88362	0.784383	0.792142	0.816634	0.880883	0.792082	0.81601	0.800673	0.814382	0.847462	0.843957	0.790133
0.767689	0.860172	0.827453	0.7919	0.833574	0.912456	0.816305	0.819601	0.782448	0.784614	0.829135	0.829362	0.783894
0.772973	0.91384	0.854911	0.770257	0.849447	0.889462	0.982539	0.858438	0.788723	0.833736	0.792681	0.808452	0.791188
0.791124	0.834352	0.871373	0.789053	0.878843	0.854505	0.862074	0.863906	0.795114	0.817318	0.832428	0.808716	0.815188
0.804871	0.847432	0.893389	0.730136	0.879313	0.910262	0.856605	0.862565	0.813265	0.860619	0.841571	0.78755	0.888825
0.780912	0.810386	0.875936	0.764865	0.849398	0.905805	0.862247	0.87552	0.78091	0.864782	0.839082	0.804181	0.900307
0.77394	0.802247	0.885452	0.76859	0.864375	0.85581	0.876052	0.857858	0.790043	0.859754	0.847665	0.816401	0.895752
0.779527	0.798936	0.885166	0.72971	0.800907	0.853326	0.867253	0.862989	0.859179	0.847413	0.872172	0.81644	0.890796
0.801631	0.819087	0.864307	0.793288	0.798468	0.836305	0.862284	0.879796	0.911676	0.816323	0.859164	0.806309	0.833819
0.801437	0.804939	0.860767	0.740273	0.80313	0.886165	0.859677	0.864089	0.906462	0.815177	0.84263	0.859258	0.860088
0.829268	0.776228	0.843916	0.740253	0.792835	0.87597	0.854506	0.855226	0.886649	0.808335	0.88934	0.914629	0.848603
0.842793	0.818417	0.847931	0.689446	0.762732	0.878381	0.86775	0.858168	0.874847	0.826952	0.857645	0.860788	0.840435
0.820795	0.854643	0.843262	0.772113	0.805566	0.858152	0.827328	0.845668	0.861758	0.868581	0.871783	0.858965	0.816772
0.813213	0.889849	0.816234	0.8128	0.859054	0.838371	0.840316	0.863664	0.85559	0.878229	0.894093	0.875796	0.813679
0.825779	0.866575	0.809595	0.820815	0.859547	0.883109	0.910978	0.834736	0.825618	0.919528	0.937372	0.902251	0.816423
0.836524	0.844255	0.851503	0.777433	0.808431	0.794904	0.879724	0.849599	0.84473	0.877206	0.880584	0.94139	0.888002
0.865167	0.906169	0.822412	0.778159	0.807686	0.79947	0.887657	0.908388	0.860464	0.872463	0.868628	0.916816	0.871836
0.871895	0.926898	0.776653	0.797539	0.828508	0.796216	0.92665	0.876656	0.843983	0.847587	0.847475	0.879013	0.838105
0.861486	0.904315	0.778708	0.791291	0.828606	0.77757	0.868749	0.873501	0.806017	0.859332	0.782035	0.810704	0.82218
0.887839	0.84505	0.767533	0.766626	0.818488	0.791317	0.869143	0.895822	0.795277	0.808534	0.774242	0.828465	0.823459
0.912115	0.878606	0.78117	0.824646	0.807096	0.864729	0.889619	0.874462	0.781994	0.793403	0.826001	0.851839	0.83836
0.893681	0.875307	0.799618	0.797347	0.764451	0.851485	0.909078	0.869947	0.775695	0.783046	0.855929	0.874391	0.860061
0.89164	0.873298	0.796988	0.801376	0.779665	0.837747	0.890913	0.852081	0.766557	0.808418	0.868841	0.875254	0.868469
0.854613	0.811883	0.79492	0.794268	0.759194	0.825939	0.873243	0.837014	0.773257	0.82728	0.832738	0.834185	0.831997
0.840611	0.785519	0.823176	0.821011	0.765383	0.806347	0.879209	0.847691	0.776946	0.855728	0.828507	0.857968	0.878014
0.824563	0.818446	0.830596	0.816701	0.758314	0.842627	0.889159	0.870847	0.777368	0.852249	0.86107	0.87394	0.892357
0.854071	0.842897	0.822217	0.811209	0.803711	0.881556	0.874149	0.851597	0.764868	0.855608	0.872643	0.870614	0.87648
0.838586	0.816899	0.864653	0.794158	0.837365	0.89799	0.833992	0.842914	0.782867	0.865156	0.842843	0.873071	0.85591
0.817959	0.820606	0.89842	0.789156	0.836567	0.791243	0.859981	0.838983	0.855566	0.926616	0.830835	0.919498	0.840307
0.795095	0.803386	0.895937	0.742271	0.819994	0.852051	0.849205	0.83251	0.90722	0.95848	0.886218	0.857083	0.853112
0.812932	0.805988	0.871622	0.76865	0.825356	0.837025	0.893024	0.845403	0.86956	0.935073	0.920584	0.879932	0.872121
0.81037	0.821117	0.827648	0.762088	0.886497	0.870958	0.910358	0.917104	0.8597	0.874217	0.896764	0.886172	0.873721
0.803287	0.781458	0.792941	0.816069	0.885094	0.940883	0.870598	0.842024	0.857732	0.829955	0.910599	0.890291	0.871187
0.807796	0.84395	0.836943	0.800981	0.8948	0.922342	0.861096	0.848137	0.86455	0.870788	0.901319	0.921189	0.849857
0.799856	0.865112	0.827068	0.806294	0.8903	0.895359	0.86876	0.887812	0.828908	0.861969	0.915532	0.939926	0.843561
0.805798	0.868189	0.878056	0.816355	0.901016	0.869935	0.881748	0.904493	0.807454	0.852031	0.890235	0.947561	0.845216
0.844835	0.848098	0.849829	0.819446	0.873952	0.879675	0.920302	0.865823	0.83446	0.887902	0.862075	0.952929	0.838311
0.8778	0.844819	0.833368	0.82374	0.863955	0.869751	0.896964	0.889389	0.825977	0.835484	0.82133	0.935649	0.804446
0.910704	0.875105	0.829835	0.803364	0.809072	0.891844	0.877679	0.900979	0.815673	0.831693	0.82687	0.893097	0.844685
0.899512	0.863923	0.858438	0.784218	0.853387	0.886053	0.864779	0.855998	0.826079	0.802975	0.841232	0.896568	0.876299
0.894785	0.871495	0.905701	0.781823	0.868064	0.864765	0.859967	0.841513	0.820504	0.877462	0.848771	0.904112	0.858489
0.894334	0.853427	0.892988	0.817806	0.860539	0.855978	0.902999	0.856716	0.817224	0.939469	0.865655	0.900184	0.85991
0.890393	0.849381	0.835493	0.815938	0.86385	0.840591	0.904184	0.872019	0.827181	0.910828	0.894418	0.893449	0.854969
0.86636	0.87028	0.862771	0.782976	0.85085	0.840249	0.86853	0.882877	0.844413	0.881006	0.90633	0.919627	0.863843
0.891297	0.853292	0.837709	0.800928	0.82908	0.866234	0.856957	0.865865	0.845887	0.880531	0.88514	0.952551	0.867024
0.836475	0.820803	0.829169	0.805584	0.825082	0.891009	0.835258	0.840362	0.85935	0.899301	0.91014	0.954575	0.87034
0.875813	0.849606	0.870399	0.82415	0.816233	0.854101	0.854492	0.875077	0.85709	0.889531	0.906835	0.939335	0.856403
0.879638	0.864941	0.844021	0.856425	0.823805	0.823657	0.937079	0.861301	0.862644	0.887782	0.868133	0.921254	0.869465
0.869688	0.847655	0.840029	0.830723	0.792053	0.81182	0.925982	0.885931	0.83427	0.899403	0.891854	0.91668	0.867125
0.87365	0.884942	0.872479	0.792567	0.802701	0.806825	0.90407	0.913133	0.800922	0.883995	0.902414	0.935532	0.874993
0.839505	0.860554	0.872531	0.794281	0.817385	0.843284	0.914724	0.88712	0.849537	0.900301	0.856868	0.94558	0.858811
0.848706	0.839703	0.822892	0.76043	0.851505	0.85334	0.903451	0.923147	0.834882	0.905049	0.843401	0.952873	0.854154
0.848417	0.833186	0.83132	0.760014	0.789728	0.82303	0.883094	0.916765	0.805721	0.881695	0.906471	0.898188	0.844097
0.864226	0.851503	0.856209	0.731318	0.776764	0.794564	0.874158	0.89912	0.815649	0.88034	0.856428	0.900388	0.827004
0.831003	0.854021	0.854141	0.733609	0.782242	0.834768	0.895506	0.907465	0.834748	0.8803	0.883443	0.909045	0.833185
0.877143	0.879077	0.862569	0.76376	0.811083	0.876838	0.873498	0.894136	0.82983	0.893126	0.927417	0.904663	0.880205
0.841306	0.897526	0.829132	0.754218	0.795188	0.867132	0.845526	0.892767	0.85276	0.893302	0.893785	0.895549	0.85824
0.835688	0.890736	0.841768	0.817796	0.84571	0.880125	0.843136	0.911778	0.878278	0.918268	0.871866	0.917419	0.866322
0.837337	0.876815	0.845245	0.838855	0.847601	0.876962	0.846221	0.899884	0.86101	0.935344	0.871865	0.880509	0.874789
0.845946	0.927471	0.854157	0.845681	0.826977	0.914541	0.84722	0.918008	0.815254	0.886154	0.919343	0.905808	0.905145
0.849873	0.902511	0.833723	0.768682	0.850046	0.93705	0.872661	0.902508	0.810944	0.860122	0.914085	0.911371	0.879891
0.8786	0.848242	0.851034	0.834969	0.873018	0.927914	0.85531	0.883748	0.814071	0.856062	0.934314	0.920528	0.896818
0.888758	0.876036	0.845327	0.844537	0.844219	0.932726	0.853883	0.901585	0.841168	0.880486	0.920176	0.965169	0.85104
0.875594	0.891383	0.820264	0.801887	0.816255	0.926225	0.882486	0.907229	0.833752	0.878603	0.888862	0.945086	0.816845
0.89329	0.887194	0.794983	0.83196	0.838524	0.884703	0.883443	0.893705	0.838412	0.885972	0.858563	0.921919	0.822838
0.884158	0.86926	0.848877	0.826449	0.822906	0.881681	0.859617	0.876111	0.860505	0.895272	0.897962	0.939873	0.900373
0.880382	0.860863	0.878338	0.798131	0.823205	0.86624	0.836579	0.883709	0.855682	0.894018	0.899932	0.924921	0.922958
0.873649	0.865652	0.892229	0.820693	0.819562	0.865319	0.811598	0.905712	0.85232	0.896613	0.927167	0.908455	0.900517
0.850338	0.849639	0.90683	0.799487	0.8048	0.857411	0.844454	0.894823	0.814941	0.897024	0.921292	0.872911	0.900712
0.834278	0.841587	0.89176	0.78052	0.782544	0.860312	0.830586	0.877429	0.812957	0.917867	0.894504	0.866362	0.899078
0.85947	0.855593	0.873538	0.744474	0.79523	0.82551	0.829805	0.900631	0.818145	0.904165	0.895526	0.881945	0.862381
0.870748	0.877297	0.846096	0.791069	0.750072	0.857928	0.837985	0.90772	0.828707	0.877849	0.917085	0.924405	0.867809
0.842457	0.872793	0.826335	0.788897	0.773661	0.879126	0.868701	0.895383	0.830955	0.892901	0.899625	0.915578	0.87701
0.868381	0.887408	0.843773	0.778932	0.793817	0.833195	0.881947	0.892645	0.859138	0.883043	0.908556	0.924868	0.941167
0.844537	0.908729	0.850935	0.774338	0.77393	0.824304	0.880582	0.898757	0.843313	0.891366	0.905352	0.918796	0.930355
0.833656	0.908119	0.912773	0.747625	0.804529	0.920216	0.873587	0.912352	0.838871	0.859639	0.902836	0.901471	0.883419
0.857536	0.894506	0.876651	0.731782	0.819881	0.883319	0.875833	0.886783	0.871919	0.872876	0.90961	0.887543	0.896775
0.857115	0.88716	0.823309	0.776179	0.845995	0.888032	0.832919	0.910045	0.856786	0.862366	0.924218	0.883708	0.913774
0.843618	0.881138	0.888403	0.813511	0.822098	0.85134	0.857099	0.839948	0.849635	0.872781	0.896545	0.893909	0.90436
0.871513	0.862533	0.885508	0.799859	0.865003	0.898556	0.867399	0.874173	0.831073	0.832695	0.869638	0.92494	0.909296
0.853419	0.872044	0.90443	0.781296	0.828884	0.894915	0.866855	0.891441	0.794464	0.831752	0.847684	0.958696	0.907219
0.888953	0.896425	0.897474	0.799042	0.825575	0.879654	0.87288	0.896567	0.767428	0.847052	0.886012	0.896981	0.916167
0.846836	0.857061	0.830662	0.817212	0.846398	0.879964	0.830692	0.880762	0.784792	0.8943	0.89561	0.89536	0.885642
0.81627	0.846066	0.775858	0.830045	0.812209	0.876414	0.822404	0.897331	0.831077	0.904439	0.904385	0.891171	0.898593
0.791908	0.880188	0.85393	0.814344	0.797736	0.902684	0.843252	0.877089	0.840145	0.896964	0.892785	0.900582	0.903599
0.792138	0.917228	0.898845	0.813231	0.788859	0.875563	0.878357	0.873633	0.869552	0.879965	0.929429	0.922399	0.896497
0.802756	0.852509	0.90262	0.818242	0.793958	0.871136	0.872963	0.85876	0.864712	0.848963	0.920392	0.8854	0.915439
0.806702	0.853486	0.866297	0.811276	0.792174	0.8965	0.842822	0.850291	0.853331	0.833852	0.903528	0.894251	0.904451
0.831371	0.873664	0.821634	0.843516	0.806693	0.886395	0.837264	0.834753	0.873969	0.827009	0.900185	0.882974	0.901618
0.839243	0.868048	0.835567	0.838273	0.782751	0.890048	0.828722	0.864302	0.850135	0.846093	0.917493	0.917283	0.893866
0.876781	0.886762	0.84551	0.830073	0.800054	0.877572	0.848682	0.916726	0.887228	0.836913	0.906656	0.943613	0.866921
0.877115	0.860144	0.881452	0.83035	0.827369	0.933434	0.801481	0.924236	0.868438	0.793195	0.902593	0.895006	0.882158
0.847285	0.884891	0.897954	0.845706	0.820762	0.903016	0.825427	0.901343	0.874259	0.774348	0.891325	0.882669	0.89002
0.837533	0.897466	0.878914	0.826621	0.819972	0.891777	0.833019	0.915012	0.894808	0.806283	0.868632	0.905338	0.871454
0.817621	0.872866	0.857126	0.814662	0.832842	0.874049	0.824456	0.88572	0.852074	0.803477	0.826983	0.889162	0.867093
0.815581	0.847234	0.863638	0.837902	0.85129	0.870549	0.879526	0.855216	0.833298	0.840052	0.819958	0.934378	0.866522
0.801543	0.829714	0.857073	0.842584	0.881572	0.884013	0.88201	0.903397	0.832988	0.863065	0.871316	0.923244	0.853532
0.80263	0.836614	0.87657	0.855266	0.88756	0.881568	0.915524	0.888312	0.852003	0.864784	0.900167	0.93018	0.873343
0.802945	0.812011	0.889702	0.837206	0.818234	0.874082	0.909734	0.886394	0.83149	0.872937	0.871209	0.882013	0.859329
0.835777	0.856775	0.879896	0.819134	0.819028	0.856661	0.930682	0.885646	0.826672	0.885944	0.840178	0.864944	0.838819
0.856397	0.882953	0.877836	0.812973	0.814334	0.837223	0.869796	0.861363	0.889942	0.900084	0.853974	0.848688	0.85936
0.830448	0.84122	0.852329	0.818632	0.835021	0.874088	0.857351	0.864612	0.863425	0.869335	0.858686	0.851551	0.894881
0.822086	0.82393	0.821958	0.788751	0.793789	0.893725	0.840655	0.89134	0.838944	0.852346	0.868403	0.867971	0.868436
0.848759	0.877982	0.827033	0.777317	0.806109	0.828136	0.812065	0.857635	0.857452	0.879792	0.877949	0.890884	0.859942
0.89123	0.933306	0.837321	0.818769	0.847987	0.826981	0.860322	0.848808	0.866503	0.92042	0.855644	0.901958	0.837989
0.881787	0.905139	0.839182	0.830059	0.833092	0.891072	0.817683	0.889565	0.846083	0.896583	0.842663	0.892724	0.858058
0.870674	0.881897	0.824185	0.842431	0.886249	0.889225	0.843699	0.902516	0.836509	0.889092	0.839969	0.863814	0.873917
0.840196	0.851374	0.801829	0.809019	0.890024	0.848465	0.830352	0.878837	0.821139	0.893666	0.880886	0.860955	0.884654
0.845087	0.825358	0.826177	0.816271	0.851047	0.844696	0.907939	0.873504	0.848836	0.894542	0.89144	0.871552	0.877182
0.854014	0.834874	0.852491	0.820906	0.870416	0.82502	0.893124	0.901264	0.890827	0.887114	0.91884	0.895184	0.873264
0.84347	0.792632	0.86552	0.858645	0.868886	0.875241	0.851143	0.908861	0.880764	0.89413	0.940537	0.889026	0.832352
0.829742	0.802374	0.873358	0.853345	0.900014	0.886338	0.865218	0.899059	0.857586	0.90521	0.918837	0.882735	0.848933
0.811119	0.794268	0.861671	0.831818	0.875954	0.861006	0.877108	0.861931	0.856128	0.865444	0.931454	0.887263	0.87136
0.841744	0.812745	0.869765	0.823748	0.877701	0.845873	0.840479	0.876239	0.840707	0.868613	0.888176	0.917104	0.869683
0.850598	0.865561	0.859514	0.826712	0.883204	0.8626	0.816024	0.896258	0.868288	0.897086	0.880037	0.890467	0.820599
0.827684	0.867286	0.829861	0.793711	0.903039	0.827277	0.881261	0.844853	0.85064	0.897052	0.898225	0.888398	0.838144
0.807187	0.869887	0.860744	0.789774	0.933335	0.853432	0.900958	0.895111	0.856992	0.892843	0.872613	0.886246	0.797714
0.840996	0.878337	0.86171	0.811716	0.874975	0.860878	0.884696	0.885839	0.856555	0.871879	0.847571	0.902435	0.816213
0.835514	0.858664	0.804577	0.815068	0.87087	0.912333	0.903556	0.861684	0.805366	0.860515	0.853054	0.925682	0.815606
0.817197	0.850023	0.853229	0.808604	0.851024	0.853847	0.928958	0.866215	0.841729	0.902044	0.889078	0.929175	0.862313
0.803058	0.856197	0.850079	0.819575	0.819092	0.862276	0.898253	0.874593	0.835329	0.916269	0.906259	0.912447	0.87819
0.800985	0.845318	0.819836	0.78777	0.830579	0.892435	0.918785	0.912953	0.82352	0.881378	0.886773	0.936196	0.864545
0.787473	0.856031	0.827706	0.761747	0.832769	0.88513	0.858404	0.917104	0.83823	0.866872	0.902728	0.906268	0.880605
0.762158	0.827861	0.838271	0.782858	0.848105	0.914421	0.882661	0.881449	0.82596	0.881258	0.895812	0.939858	0.874476
0.773097	0.84475	0.841893	0.759208	0.835089	0.892893	0.872422	0.871962	0.839506	0.858271	0.852417	0.933467	0.874535
0.796052	0.842913	0.83774	0.746477	0.82177	0.873803	0.842209	0.886959	0.844828	0.872492	0.884143	0.925393	0.85485
0.802358	0.826211	0.871495	0.782764	0.824759	0.873736	0.846416	0.907714	0.828016	0.885042	0.910777	0.895774	0.876533
0.844962	0.833511	0.825299	0.797184	0.812902	0.919778	0.8726	0.897698	0.8262	0.860026	0.864787	0.898671	0.874624
0.860101	0.827635	0.862301	0.827229	0.830318	0.910828	0.880267	0.897094	0.840224	0.863322	0.856513	0.939266	0.900532
0.865217	0.837284	0.864314	0.79531	0.812286	0.848707	0.88098	0.885055	0.828906	0.875421	0.850608	0.922769	0.881169
0.864901	0.870818	0.837674	0.804633	0.849727	0.872187	0.872505	0.879688	0.873064	0.859617	0.868143	0.908329	0.898581
0.845547	0.829408	0.843349	0.853799	0.834927	0.883731	0.864344	0.866069	0.873628	0.880722	0.862174	0.900023	0.934313
0.85646	0.842616	0.830665	0.836569	0.846739	0.850217	0.871094	0.885923	0.853715	0.898705	0.886482	0.918911	0.994815
0.829884	0.886447	0.831412	0.837027	0.810801	0.887903	0.880393	0.871435	0.856442	0.86116	0.883862	0.91395	0.944976
0.840892	0.88194	0.829736	0.819613	0.807075	0.875314	0.868563	0.909891	0.832596	0.84671	0.911943	0.912152	0.889165
0.860407	0.883676	0.869512	0.833024	0.812838	0.848097	0.865399	0.89531	0.859338	0.865372	0.886383	0.895622	0.863108
0.866445	0.856367	0.902522	0.815931	0.809744	0.853269	0.83253	0.877922	0.82649	0.860777	0.864375	0.868792	0.894357
0.91842	0.925751	0.891012	0.81842	0.804916	0.880796	0.84973	0.856944	0.840672	0.833468	0.815032	0.896117	0.895688
0.872594	0.901079	0.872771	0.815947	0.81874	0.882929	0.835513	0.887588	0.844747	0.846826	0.877857	0.902933	0.903658
0.875097	0.887556	0.861607	0.822764	0.815635	0.890994	0.861534	0.888147	0.800474	0.794491	0.857513	0.88806	0.886499
0.858547	0.879829	0.856906	0.816347	0.865487	0.8366	0.872153	0.874592	0.850493	0.864912	0.820157	0.874118	0.870377
0.850883	0.830842	0.867256	0.82093	0.870361	0.817561	0.829191	0.884671	0.859767	0.88574	0.856194	0.890873	0.8793
0.872172	0.819858	0.869392	0.821927	0.875955	0.837781	0.854938	0.885054	0.842272	0.886611	0.891036	0.881338	0.895876
0.858192	0.822952	0.856094	0.858281	0.887305	0.857117	0.875075	0.874482	0.851466	0.881605	0.894395	0.851683	0.896612
0.824872	0.835982	0.881219	0.855491	0.856899	0.867411	0.864404	0.872779	0.847235	0.905943	0.92209	0.8585	0.855403
0.82314	0.818396	0.885737	0.845727	0.858218	0.839585	0.851166	0.8768	0.838642	0.869448	0.899158	0.890354	0.868384
0.823386	0.861178	0.878807	0.84307	0.839234	0.834561	0.861323	0.867874	0.858229	0.872621	0.900296	0.899271	0.859492
0.816889	0.856726	0.867178	0.831612	0.821633	0.90306	0.8373	0.867194	0.860635	0.860426	0.934266	0.894709	0.860344
0.823596	0.856999	0.83895	0.833089	0.844265	0.915776	0.833546	0.842284	0.860606	0.852038	0.894856	0.89643	0.86444
0.840935	0.863126	0.8354	0.815957	0.854618	0.893941	0.830783	0.841804	0.852001	0.850018	0.896626	0.922045	0.861707
0.85608	0.892826	0.829252	0.820694	0.855501	0.89168	0.798511	0.885232	0.827346	0.846748	0.851139	0.898274	0.857886
0.856742	0.860461	0.825846	0.798103	0.844669	0.882769	0.838576	0.899611	0.824346	0.816785	0.834395	0.887814	0.848154
0.837693	0.850635	0.852403	0.762857	0.812143	0.908338	0.853292	0.89858	0.857402	0.82909	0.895253	0.91491	0.834494
0.828774	0.845705	0.86488	0.784877	0.78448	0.907882	0.8376	0.892243	0.854075	0.814849	0.888815	0.94027	0.820123
0.805376	0.823397	0.836246	0.837478	0.79645	0.858637	0.834082	0.874635	0.82971	0.827634	0.861583	0.923763	0.808544
0.790209	0.831101	0.800316	0.793429	0.756801	0.835683	0.821955	0.855697	0.822296	0.820903	0.845593	0.914947	0.811266
0.781326	0.81305	0.768482	0.815745	0.765925	0.819426	0.82473	0.868358	0.795109	0.837252	0.815893	0.936028	0.805218
0.883183	0.80846	0.782076	0.753553	0.777644	0.799295	0.782975	0.873727	0.783045	0.857659	0.816499	0.910877	0.813194
0.843186	0.871259	0.812656	0.790379	0.788293	0.817419	0.827925	0.894062	0.801799	0.827578	0.842006	0.883227	0.817163
0.862926	0.876372	0.829807	0.746438	0.772771	0.800796	0.834171	0.895212	0.828879	0.825895	0.840035	0.92458	0.801009
0.867213	0.845482	0.830611	0.732101	0.765426	0.779908	0.839958	0.87757	0.795172	0.824095	0.853479	0.887695	0.827555
0.842845	0.83171	0.805705	0.781716	0.777213	0.836008	0.824382	0.888179	0.793106	0.825027	0.827268	0.902479	0.833086
0.805747	0.838983	0.813826	0.750681	0.753651	0.853373	0.798265	0.898294	0.796834	0.83923	0.830097	0.885716	0.735801
0.796252	0.825099	0.831099	0.767559	0.761199	0.844725	0.795226	0.879007	0.786529	0.816163	0.82588	0.907049	0.788897
0.792533	0.841097	0.889431	0.776666	0.765758	0.85031	0.795532	0.8979	0.78773	0.799764	0.84689	0.898586	0.818048
0.792109	0.878073	0.858001	0.784838	0.788821	0.85475	0.775309	0.899423	0.789603	0.819186	0.818992	0.880195	0.799254
0.791849	0.846709	0.864122	0.843904	0.794197	0.870549	0.802742	0.862852	0.765707	0.814919	0.807458	0.89268	0.74354
0.777652	0.803914	0.841225	0.835497	0.7796	0.85049	0.78927	0.864207	0.759531	0.824991	0.810638	0.916652	0.813198
0.774918	0.817334	0.847897	0.824391	0.762418	0.848301	0.766337	0.875579	0.754704	0.878479	0.813445	0.931638	0.857186
0.77809	0.819849	0.813591	0.814696	0.740793	0.806859	0.764198	0.862355	0.760543	0.871475	0.812328	0.961804	0.869474
0.77408	0.826262	0.783503	0.811359	0.777671	0.810605	0.774281	0.901408	0.738545	0.841441	0.82143	0.961806	0.873146
0.760851	0.850551	0.789012	0.851044	0.831184	0.79469	0.787519	0.906974	0.749976	0.838789	0.800443	0.932306	0.867992
0.771572	0.855046	0.799663	0.778842	0.770465	0.841055	0.806721	0.878531	0.760043	0.834225	0.804903	0.941294	0.871292
0.759109	0.858367	0.786745	0.76033	0.830913	0.817874	0.769309	0.886978	0.78578	0.869471	0.786272	0.938912	0.845461
0.796633	0.843845	0.777531	0.771123	0.831347	0.806672	0.754499	0.868633	0.777347	0.863497	0.77917	0.908653	0.825222
0.819698	0.859047	0.778841	0.751596	0.84122	0.855073	0.756674	0.87285	0.785641	0.862227	0.78316	0.891635	0.838657
0.795841	0.843096	0.775102	0.774624	0.881915	0.783091	0.755354	0.876212	0.760318	0.869333	0.816999	0.903559	0.8761
0.79019	0.81916	0.755487	0.803483	0.917852	0.845629	0.752243	0.863981	0.754859	0.890919	0.782576	0.908797	0.82352
0.808214	0.808649	0.781213	0.735003	0.88474	0.827222	0.78954	0.882945	0.745443	0.872467	0.803591	0.916788	0.857639
0.850507	0.792961	0.779369	0.773264	0.850037	0.814925	0.828181	0.878462	0.762631	0.854013	0.776958	0.869518	0.878857
0.882676	0.809324	0.763544	0.71578	0.807557	0.861459	0.823427	0.907364	0.77816	0.876447	0.788006	0.868247	0.919243
0.823375	0.807327	0.764263	0.702114	0.812476	0.887949	0.822265	0.845755	0.73869	0.830483	0.80615	0.860079	0.91188
0.840046	0.819696	0.77036	0.750545	0.812107	0.863917	0.839887	0.849406	0.749668	0.840765	0.75534	0.884624	0.866889
0.829767	0.831862	0.817064	0.742611	0.836879	0.910773	0.835803	0.883592	0.752853	0.857846	0.797149	0.881929	0.864455
0.816047	0.827844	0.815204	0.760883	0.787911	0.902639	0.826683	0.843722	0.73598	0.847334	0.831795	0.88389	0.891843
0.793163	0.819217	0.830385	0.743119	0.817224	0.89498	0.84254	0.841472	0.736537	0.875237	0.814216	0.900439	0.852313
0.807328	0.825743	0.849443	0.737769	0.831909	0.887225	0.854639	0.854266	0.790308	0.880474	0.782529	0.888565	0.857198
0.78484	0.822087	0.840905	0.728995	0.77499	0.857995	0.836677	0.856186	0.797349	0.863079	0.785991	0.827809	0.812931
0.835595	0.827617	0.823609	0.745671	0.839629	0.816217	0.819868	0.864612	0.798935	0.831416	0.802203	0.849263	0.838638
0.842767	0.839872	0.811054	0.739228	0.770896	0.797159	0.81565	0.807441	0.790111	0.826413	0.833052	0.872571	0.823378
0.782032	0.827972	0.822345	0.725882	0.746869	0.829184	0.801955	0.821956	0.81299	0.818104	0.86442	0.878245	0.844357
0.803457	0.866777	0.798965	0.718776	0.761445	0.82706	0.78676	0.865342	0.828501	0.831568	0.877874	0.841184	0.828817
0.823909	0.862723	0.796257	0.703472	0.755398	0.815986	0.78061	0.877903	0.837221	0.805208	0.859921	0.833748	0.829294
0.858536	0.837318	0.811558	0.666925	0.759332	0.82071	0.784505	0.897694	0.841737	0.839409	0.82255	0.851594	0.816222
0.847452	0.835426	0.802113	0.779825	0.780121	0.779572	0.796455	0.864931	0.843102	0.832805	0.857793	0.809055	0.830286
0.86815	0.826338	0.79048	0.83006	0.779262	0.723695	0.787977	0.862395	0.82784	0.829405	0.853979	0.806474	0.79873
0.851411	0.804916	0.765713	0.778051	0.774386	0.770278	0.774993	0.84679	0.814407	0.780503	0.886358	0.831833	0.824946
0.866822	0.791841	0.808134	0.762764	0.838927	0.791886	0.771528	0.855368	0.82014	0.783549	0.835063	0.831178	0.835229
0.846206	0.791815	0.833448	0.748648	0.860803	0.794287	0.765858	0.891857	0.836164	0.81831	0.896261	0.852761	0.910007
0.847731	0.80544	0.815033	0.794515	0.825028	0.798043	0.731472	0.914138	0.868693	0.805819	0.843383	0.854214	0.820779
0.825629	0.787865	0.780257	0.791129	0.79229	0.770471	0.741513	0.824176	0.888942	0.805013	0.890757	0.875248	0.849322
0.82402	0.808861	0.764676	0.822108	0.813951	0.807005	0.743287	0.822365	0.836969	0.759664	0.92291	0.83474	0.839879
0.797606	0.803095	0.778317	0.821233	0.814881	0.8175	0.774328	0.857903	0.831535	0.782159	0.893839	0.812671	0.847991
0.769416	0.791087	0.835361	0.840045	0.820266	0.868785	0.783173	0.833738	0.805227	0.782107	0.876124	0.814557	0.867266
0.780564	0.779018	0.825129	0.803369	0.796587	0.872414	0.819567	0.876521	0.811471	0.794775	0.846348	0.788899	0.851698
0.782088	0.821204	0.814793	0.755866	0.785763	0.859307	0.832245	0.895937	0.815496	0.811841	0.783762	0.753159	0.83341
0.816168	0.852428	0.813294	0.769209	0.78602	0.828579	0.821066	0.88756	0.80311	0.81642	0.802285	0.74859	0.825058
0.837857	0.838732	0.846641	0.765918	0.80533	0.836672	0.799421	0.827566	0.775509	0.776195	0.817967	0.788664	0.833818
0.7942	0.790304	0.85826	0.773018	0.815961	0.833597	0.829245	0.821419	0.796847	0.809357	0.79338	0.802909	0.80951
0.783075	0.792218	0.825233	0.770856	0.822681	0.844738	0.88545	0.817559	0.792933	0.789064	0.766739	0.866573	0.848485
0.76469	0.779199	0.854489	0.7659	0.803027	0.848439	0.883312	0.825253	0.831592	0.802063	0.809471	0.845581	0.887761
0.757901	0.765446	0.817464	0.73561	0.760397	0.813669	0.872658	0.803402	0.83764	0.805232	0.785766	0.844587	0.81796
0.754071	0.809917	0.810374	0.758814	0.767332	0.838642	0.849238	0.825003	0.810242	0.814809	0.818101	0.847121	0.819824
0.769931	0.830632	0.818062	0.752075	0.761514	0.811168	0.872496	0.85316	0.793573	0.834692	0.87036	0.827119	0.822268
0.766873	0.827818	0.813444	0.756649	0.761686	0.774856	0.896719	0.852023	0.798558	0.984167	0.883949	0.753741	0.837827
0.743184	0.768124	0.793115	0.817549	0.804402	0.849789	0.874138	0.818599	0.787571	0.89624	0.892841	0.759246	0.819788
0.758379	0.763344	0.780059	0.790191	0.828166	0.831023	0.805855	0.829981	0.812829	0.846582	0.871723	0.80493	0.863692
0.769708	0.780588	0.820731	0.78812	0.841371	0.824136	0.757328	0.815846	0.790674	0.856005	0.873049	0.783103	0.846048
0.777356	0.736669	0.821912	0.794419	0.857458	0.820142	0.789311	0.792958	0.827631	0.878101	0.875975	0.80706	0.841331
0.747211	0.734761	0.86706	0.793476	0.856834	0.802714	0.768604	0.79585	0.835415	0.906235	0.818241	0.827535	0.833997
0.736406	0.780068	0.848705	0.746916	0.833841	0.823937	0.778325	0.835718	0.87831	0.891209	0.823045	0.824035	0.802771
0.762737	0.753507	0.829446	0.767628	0.828666	0.842222	0.778265	0.832665	0.84699	0.878077	0.824962	0.773758	0.800393
0.821187	0.785313	0.849726	0.758739	0.824268	0.856758	0.760214	0.900774	0.850447	0.863306	0.845761	0.781938	0.824859
0.751239	0.750076	0.855558	0.709327	0.766827	0.79052	0.754824	0.872192	0.83711	0.859591	0.848734	0.781091	0.790135
0.742419	0.740949	0.881482	0.717166	0.777335	0.858301	0.744541	0.856411	0.827422	0.846759	0.875901	0.816639	0.823612
0.767761	0.730414	0.841971	0.677033	0.799418	0.793015	0.765863	0.847068	0.779884	0.823736	0.843355	0.81617	0.807114
0.771961	0.761296	0.828828	0.738694	0.762726	0.787907	0.729024	0.834779	0.792276	0.807537	0.818999	0.805585	0.762707
0.795758	0.85141	0.8126	0.710722	0.763778	0.778353	0.799132	0.852574	0.78004	0.83486	0.826901	0.823595	0.764138
0.806417	0.849652	0.789771	0.719506	0.771296	0.757391	0.77519	0.812902	0.776889	0.811097	0.810726	0.826091	0.759401
0.783505	0.887349	0.752771	0.744006	0.818149	0.755326	0.736138	0.826578	0.767482	0.765399	0.817436	0.825867	0.809331
0.806496	0.933245	0.806338	0.739785	0.837353	0.744575	0.78995	0.858206	0.77778	0.804036	0.81785	0.848578	0.791384
0.875807	0.915965	0.806892	0.728982	0.842695	0.797714	0.793258	0.850122	0.783313	0.803256	0.863499	0.878188	0.819593
0.866786	0.936983	0.80645	0.741982	0.815991	0.799834	0.831503	0.876624	0.808549	0.825246	0.811565	0.910486	0.830216
0.877385	0.920195	0.799914	0.743708	0.876895	0.771472	0.797593	0.8801	0.800262	0.854564	0.790569	0.893677	0.878317
0.852614	0.875718	0.821103	0.787013	0.845663	0.777137	0.829839	0.893866	0.793264	0.890467	0.7471	0.910405	0.900034
0.826339	0.807325	0.790339	0.788141	0.848748	0.802822	0.911607	0.912796	0.789842	0.909992	0.803376	0.875387	0.892662
0.878948	0.839765	0.786698	0.799829	0.81647	0.875664	0.822753	0.865265	0.786891	0.920581	0.85046	0.872576	0.831844
0.875627	0.848654	0.785999	0.81276	0.813319	0.832136	0.858496	0.858366	0.736937	0.890346	0.795989	0.868827	0.802237
0.883438	0.827372	0.771935	0.825816	0.811152	0.871468	0.848848	0.859486	0.772974	0.865331	0.824855	0.909563	0.79704
0.833026	0.789399	0.781787	0.747584	0.821572	0.839442	0.860668	0.882171	0.780988	0.874075	0.819134	0.896406	0.833799
0.771629	0.793019	0.798342	0.75601	0.842137	0.845155	0.827296	0.880754	0.747471	0.844199	0.829125	0.873255	0.828438
0.77743	0.805245	0.844847	0.742104	0.76504	0.821168	0.87929	0.880326	0.795008	0.835988	0.840662	0.861269	0.795089
0.785455	0.789679	0.825451	0.772423	0.819436	0.877501	0.919669	0.880197	0.842152	0.881845	0.823569	0.893312	0.802765
0.784545	0.786012	0.843772	0.725076	0.803773	0.873303	0.861276	0.879388	0.83325	0.874863	0.800741	0.877148	0.802409
0.771997	0.785499	0.854537	0.79982	0.789973	0.885308	0.860712	0.866208	0.815602	0.847727	0.830805	0.876312	0.839642
0.767231	0.764522	0.849534	0.810197	0.818144	0.876873	0.874335	0.879437	0.805853	0.864705	0.832566	0.899122	0.874341
0.777462	0.801695	0.80632	0.864947	0.875482	0.846496	0.87006	0.88555	0.767357	0.866241	0.8727	0.874437	0.869159
0.77323	0.794844	0.863256	0.842322	0.838059	0.84416	0.856262	0.858605	0.767718	0.857887	0.862054	0.887169	0.864529
0.776359	0.866279	0.871669	0.835069	0.842448	0.919517	0.825521	0.868762	0.770135	0.86166	0.829356	0.887569	0.819074
0.801186	0.864729	0.854083	0.835568	0.853045	0.818478	0.821521	0.900937	0.760358	0.913763	0.797563	0.93671	0.805075
0.840448	0.851162	0.857519	0.800461	0.878238	0.824854	0.817541	0.884715	0.764587	0.896124	0.763621	0.892197	0.782987
0.883635	0.875029	0.844471	0.801264	0.919992	0.856178	0.850137	0.849023	0.768454	0.873632	0.790324	0.842273	0.791882
0.877481	0.886105	0.826416	0.785501	0.854851	0.935148	0.855568	0.875592	0.777963	0.874627	0.780572	0.836051	0.78688
0.905352	0.845848	0.874012	0.752879	0.80641	0.887583	0.882858	0.855177	0.813626	0.849023	0.818401	0.848976	0.785604
0.811608	0.826471	0.856659	0.776338	0.778408	0.858642	0.877276	0.835002	0.815713	0.882282	0.775525	0.851277	0.751307
0.824766	0.850098	0.852178	0.780469	0.74182	0.801352	0.821976	0.82834	0.841433	0.885958	0.768323	0.847502	0.750463
0.827994	0.867659	0.852891	0.758391	0.745843	0.83169	0.827891	0.858069	0.840719	0.931594	0.780806	0.824073	0.793993
0.842139	0.85817	0.874632	0.764197	0.782658	0.839292	0.816589	0.878536	0.886044	0.927132	0.769361	0.853525	0.845605
0.827321	0.921978	0.87189	0.727978	0.760002	0.813586	0.810363	0.896178	0.882189	0.931357	0.727659	0.886498	0.896247
0.814766	0.889827	0.835348	0.756081	0.74508	0.832211	0.821151	0.881712	0.848815	0.926394	0.861968	0.865958	0.86948
0.7739	0.857407	0.801291	0.772434	0.765544	0.812904	0.789045	0.860808	0.807695	0.930277	0.857342	0.880369	0.890875
0.776168	0.827935	0.827151	0.76911	0.759883	0.83248	0.773365	0.86242	0.776459	0.868981	0.839546	0.856432	0.836684
0.77564	0.866077	0.817713	0.761398	0.736785	0.821554	0.790898	0.882489	0.797243	0.872614	0.84603	0.906408	0.830803
0.752903	0.819245	0.795492	0.75032	0.771956	0.850315	0.764377	0.848545	0.788019	0.868521	0.825863	0.893054	0.810086
0.734154	0.805203	0.790714	0.76874	0.78765	0.847432	0.772831	0.872991	0.850909	0.86852	0.749452	0.891515	0.809083
0.773597	0.785882	0.818564	0.778624	0.791381	0.841375	0.795879	0.882504	0.794015	0.867888	0.783599	0.904742	0.787928
0.83636	0.827971	0.875175	0.778771	0.785278	0.818106	0.858417	0.874587	0.799534	0.867837	0.773824	0.887274	0.813125
0.837557	0.836941	0.904422	0.779153	0.770248	0.800487	0.866617	0.883425	0.808927	0.853311	0.757474	0.835637	0.824535
0.78611	0.805836	0.895137	0.695129	0.789477	0.820537	0.889618	0.876806	0.77034	0.842022	0.804186	0.835223	0.846628
0.779117	0.817966	0.887577	0.755893	0.836898	0.831329	0.853023	0.831689	0.769209	0.814431	0.764449	0.857912	0.837036
0.781995	0.87936	0.84421	0.74313	0.829195	0.823457	0.85259	0.837905	0.794562	0.818946	0.819783	0.839776	0.791036
0.797575	0.828167	0.868146	0.719636	0.827041	0.798006	0.859747	0.840943	0.761194	0.831843	0.813766	0.816787	0.797321
0.780293	0.771295	0.880044	0.72171	0.846818	0.788225	0.859722	0.899773	0.77186	0.825289	0.814587	0.864678	0.800969
0.755601	0.794863	0.827657	0.740343	0.895509	0.818307	0.837836	0.907031	0.782629	0.826422	0.851754	0.817251	0.775196
0.745087	0.754855	0.860762	0.74638	0.838006	0.77438	0.801217	0.881874	0.755937	0.8767	0.933453	0.863753	0.841459
0.762406	0.759871	0.892793	0.788123	0.810715	0.771723	0.839065	0.894482	0.828135	0.930694	0.916494	0.872768	0.80489
0.749986	0.758801	0.89168	0.811742	0.807349	0.74237	0.877019	0.88163	0.871328	0.939552	0.903248	0.825166	0.733129
0.78508	0.785188	0.87838	0.804562	0.772052	0.726316	0.928646	0.901995	0.882461	0.929028	0.875154	0.877778	0.826247
0.743241	0.777415	0.8217	0.79185	0.799671	0.765798	0.906327	0.891812	0.846831	0.893831	0.952253	0.874175	0.846016
0.764542	0.776844	0.805593	0.784956	0.81511	0.827558	0.887137	0.860517	0.815763	0.883464	0.90078	0.889326	0.877012
0.753071	0.812213	0.767404	0.761742	0.805352	0.846539	0.88159	0.855263	0.831059	0.877521	0.897677	0.908728	0.882894
0.73245	0.882585	0.790446	0.768962	0.757122	0.776504	0.887869	0.89688	0.85229	0.874217	0.878545	0.900087	0.871543
0.759169	0.794521	0.773033	0.757802	0.753383	0.760333	0.887219	0.905394	0.811858	0.911769	0.840305	0.851829	0.857906
0.768383	0.880951	0.798344	0.745486	0.766718	0.78103	0.840965	0.940763	0.832676	0.871861	0.818351	0.863279	0.838841
0.813536	0.847016	0.792088	0.742452	0.760946	0.744556	0.825844	0.930163	0.873832	0.864113	0.800094	0.873735	0.819374
0.857539	0.847427	0.788946	0.735748	0.78158	0.751448	0.846727	0.884443	0.859809	0.86499	0.764144	0.843335	0.81074
0.846096	0.874309	0.792887	0.781416	0.774539	0.704138	0.861147	0.866019	0.863496	0.861867	0.742441	0.827571	0.79473
0.875036	0.828338	0.832122	0.860317	0.770575	0.780739	0.853453	0.883501	0.858561	0.858678	0.776128	0.857905	0.804123
0.860495	0.841399	0.855539	0.818001	0.762444	0.76762	0.833636	0.871572	0.79867	0.85633	0.769286	0.816408	0.752345
0.856203	0.825643	0.88798	0.791459	0.790422	0.753653	0.836188	0.875165	0.809607	0.844616	0.783207	0.842541	0.78922
0.852624	0.793868	0.859097	0.777348	0.788719	0.765425	0.819511	0.878677	0.8014	0.836309	0.828488	0.838728	0.789588
0.832493	0.792895	0.849898	0.72882	0.752511	0.751288	0.813109	0.869264	0.811917	0.917253	0.824449	0.830122	0.781412
0.882549	0.827983	0.85737	0.767353	0.750552	0.747553	0.811366	0.851759	0.758952	0.892571	0.810481	0.805482	0.780999
0.88116	0.798452	0.848893	0.766095	0.74002	0.756361	0.806568	0.836133	0.786863	0.840029	0.819761	0.789921	0.807282
0.936198	0.740555	0.853806	0.78074	0.808566	0.780379	0.793733	0.843394	0.789715	0.846217	0.827549	0.828123	0.836629
0.925258	0.735022	0.879082	0.732042	0.842089	0.792067	0.778366	0.837566	0.764505	0.820231	0.805689	0.871169	0.85405
0.904999	0.74302	0.816073	0.770677	0.845456	0.820417	0.7602	0.800562	0.793481	0.818834	0.874293	0.883963	0.876482
0.91338	0.774178	0.849704	0.779814	0.826957	0.828429	0.852805	0.806321	0.867066	0.832491	0.894809	0.886625	0.845265
0.871987	0.804636	0.804879	0.766402	0.802644	0.831784	0.85049	0.828961	0.887491	0.853971	0.876617	0.881168	0.836728
0.808009	0.784441	0.851748	0.806848	0.811694	0.817948	0.868692	0.815892	0.860319	0.891764	0.889606	0.854891	0.835892
0.849454	0.786047	0.84879	0.835048	0.873003	0.810971	0.893155	0.832213	0.870725	0.881244	0.913826	0.851835	0.797571
0.863977	0.783578	0.846785	0.818617	0.89852	0.825086	0.924017	0.827974	0.873313	0.880119	0.889133	0.862775	0.776763
0.837813	0.793082	0.836613	0.783081	0.872552	0.860019	0.876746	0.811766	0.85687	0.845552	0.876095	0.85833	0.753747
0.829758	0.823188	0.822567	0.773855	0.845103	0.841334	0.898802	0.860094	0.832257	0.834179	0.853793	0.84409	0.80544
0.824676	0.842365	0.827461	0.765657	0.855137	0.865554	0.897203	0.845088	0.803445	0.834091	0.854497	0.870525	0.815808
0.82705	0.819552	0.813131	0.707585	0.842494	0.855565	0.919384	0.850203	0.777094	0.805775	0.896071	0.892694	0.817386
0.788323	0.785944	0.841011	0.785294	0.843124	0.884032	0.90687	0.858421	0.799975	0.815935	0.856776	0.926061	0.816947
0.823342	0.752824	0.854646	0.695591	0.833062	0.889099	0.87453	0.901008	0.799919	0.859537	0.831009	0.875921	0.796829
0.840514	0.767679	0.810965	0.750708	0.799967	0.886267	0.82973	0.893362	0.798353	0.896121	0.802579	0.832878	0.816499
0.778218	0.792844	0.773152	0.759143	0.840317	0.877671	0.813866	0.872869	0.833592	0.864738	0.852912	0.872273	0.822108
0.761398	0.837058	0.779178	0.759992	0.82373	0.858435	0.798079	0.87132	0.856945	0.879699	0.813475	0.90363	0.813325
0.793041	0.890511	0.827858	0.756812	0.835945	0.794468	0.736805	0.865994	0.835105	0.896545	0.798398	0.876677	0.79244
0.793875	0.821074	0.852522	0.751436	0.801808	0.773823	0.818497	0.866348	0.877256	0.902774	0.831501	0.895282	0.781301
0.765061	0.856965	0.829994	0.768279	0.782327	0.777881	0.821324	0.874736	0.888327	0.891064	0.820483	0.892032	0.802451
0.749863	0.869899	0.805363	0.785127	0.77775	0.771279	0.786974	0.879281	0.914428	0.869485	0.882142	0.902769	0.821683
0.760315	0.835692	0.818682	0.799992	0.795396	0.834255	0.835188	0.883751	0.902726	0.829941	0.853267	0.951698	0.836373
0.770795	0.824509	0.824035	0.793167	0.795471	0.872656	0.882823	0.921939	0.866716	0.873563	0.895987	0.930297	0.841762
0.796367	0.819494	0.875188	0.768928	0.821457	0.860394	0.890574	0.90839	0.824559	0.885228	0.880369	0.944706	0.828628
0.842137	0.798189	0.849312	0.798127	0.825399	0.811808	0.911758	0.882429	0.828928	0.871326	0.903943	0.905546	0.845898
0.847802	0.799422	0.854672	0.806369	0.7915	0.814604	0.906135	0.874461	0.850758	0.90644	0.854915	0.91374	0.832647
0.841501	0.781222	0.823169	0.778315	0.801019	0.78746	0.911153	0.899111	0.837732	0.929807	0.846491	0.901529	0.846599
0.828547	0.786666	0.813849	0.750751	0.771152	0.758488	0.873169	0.921545	0.851581	0.924441	0.86531	0.876684	0.852167
0.773979	0.782458	0.809817	0.748141	0.764649	0.760636	0.848837	0.889449	0.894793	0.899073	0.862624	0.907633	0.871026
0.769577	0.77009	0.82336	0.754264	0.785527	0.776912	0.831229	0.860121	0.904664	0.906728	0.890399	0.925036	0.846798
0.837369	0.786714	0.851312	0.700633	0.813077	0.847659	0.867343	0.885432	0.892144	0.91307	0.876135	0.898897	0.851929
0.865594	0.797054	0.874122	0.674211	0.788287	0.860063	0.857537	0.9102	0.854956	0.909875	0.878636	0.871616	0.823161
0.83257	0.779402	0.855041	0.71927	0.825822	0.814465	0.887708	0.915205	0.834697	0.89226	0.876163	0.88731	0.847286
0.832416	0.781752	0.844364	0.760285	0.850562	0.786928	0.895678	0.89049	0.817577	0.899754	0.869301	0.881723	0.862482
0.83085	0.775058	0.841189	0.823323	0.820677	0.831302	0.881762	0.910065	0.843254	0.866473	0.944984	0.877839	0.863781
0.816723	0.811026	0.874478	0.844204	0.765736	0.817421	0.875204	0.92278	0.83924	0.906351	0.88528	0.871097	0.843468
0.877655	0.846673	0.856172	0.835982	0.776381	0.837174	0.89537	0.902638	0.861106	0.906097	0.895765	0.875462	0.827727
0.861953	0.861971	0.852826	0.811661	0.82718	0.856949	0.877285	0.910051	0.84111	0.884253	0.895188	0.895499	0.85734
0.857477	0.853875	0.851273	0.821563	0.813736	0.872105	0.863618	0.916105	0.834319	0.886763	0.906115	0.912139	0.85976
0.867833	0.893098	0.834755	0.796281	0.806737	0.874845	0.864192	0.890799	0.814027	0.857968	0.909619	0.905	0.8908
0.886547	0.923812	0.829285	0.785712	0.855478	0.887424	0.864076	0.914564	0.838645	0.877868	0.891332	0.868824	0.912787
0.870472	0.976428	0.842998	0.79349	0.845361	0.909983	0.852423	0.919353	0.845165	0.86231	0.862699	0.887073	0.882176
0.848538	0.93691	0.850481	0.768213	0.814756	0.866435	0.847883	0.90978	0.831298	0.854887	0.873669	0.89554	0.884872
0.822765	0.919415	0.851931	0.771827	0.807012	0.912683	0.859921	0.879556	0.851429	0.851182	0.87597	0.901505	0.912697
0.827683	0.883237	0.850431	0.754343	0.794779	0.898764	0.873571	0.879121	0.828452	0.863621	0.882624	0.900433	0.917094
0.797039	0.932509	0.872893	0.779929	0.798022	0.899242	0.855437	0.891469	0.866521	0.843663	0.861341	0.897623	0.914432
0.85864	0.859271	0.875865	0.774252	0.805115	0.886349	0.866767	0.891995	0.834609	0.829605	0.841987	0.927023	0.930485
0.823437	0.8489	0.840126	0.741481	0.825573	0.882832	0.8346	0.874185	0.830074	0.842401	0.86185	0.889351	0.94078
0.812108	0.812798	0.825839	0.743424	0.801905	0.870411	0.82746	0.848968	0.852059	0.840216	0.866813	0.930212	0.934384
0.820474	0.799554	0.831102	0.752392	0.804663	0.879267	0.824803	0.88007	0.850263	0.850224	0.875306	0.939308	0.938346
0.79066	0.782304	0.83098	0.777139	0.788923	0.898558	0.842074	0.857824	0.85537	0.844257	0.862266	0.873535	0.932728
0.770168	0.819859	0.844081	0.852551	0.846857	0.838784	0.891062	0.869205	0.845514	0.843104	0.882716	0.885955	0.923726
0.774292	0.838073	0.879943	0.86385	0.832214	0.826524	0.857892	0.9025	0.814681	0.837723	0.895596	0.913797	0.903992
0.765244	0.812255	0.883499	0.828975	0.803184	0.854796	0.890537	0.900371	0.828486	0.850918	0.871666	0.886455	0.879602
0.759851	0.844152	0.87067	0.842533	0.883058	0.891084	0.854794	0.928383	0.884444	0.843943	0.914311	0.864165	0.918376
0.759811	0.883361	0.841606	0.837217	0.874709	0.867749	0.845935	0.917761	0.856682	0.83051	0.895213	0.877102	0.901389
0.786456	0.865378	0.818179	0.837593	0.860819	0.926875	0.870725	0.886398	0.84454	0.812857	0.896571	0.881036	0.871827
0.822622	0.892483	0.808263	0.859998	0.881109	0.889691	0.88395	0.912573	0.866217	0.833248	0.872432	0.85746	0.876032
0.835119	0.86917	0.827597	0.839972	0.858839	0.852579	0.933676	0.895701	0.863045	0.826027	0.875638	0.868184	0.857117
0.85272	0.858059	0.848956	0.832789	0.885505	0.861296	0.903834	0.891097	0.850677	0.838135	0.885393	0.8455	0.811745
0.852167	0.858903	0.846203	0.869717	0.862782	0.897052	0.892565	0.895354	0.847831	0.847335	0.928431	0.880713	0.807315
0.901467	0.919913	0.87327	0.851048	0.836584	0.860696	0.877842	0.888847	0.852003	0.830986	0.896822	0.880713	0.805714
0.879637	0.923996	0.852872	0.864672	0.87608	0.871722	0.867326	0.90577	0.870217	0.843981	0.903245	0.827859	0.813126
0.881392	0.884182	0.850007	0.852216	0.840171	0.898075	0.875335	0.894193	0.840226	0.825739	0.894927	0.810254	0.8085
0.853545	0.871723	0.850914	0.858657	0.825634	0.842145	0.875767	0.882371	0.853152	0.817547	0.830238	0.815195	0.856882
0.832227	0.902847	0.885148	0.809898	0.797097	0.816452	0.885103	0.905384	0.825959	0.84165	0.825373	0.803231	0.893127
0.862351	0.881677	0.870056	0.827113	0.798708	0.847162	0.885357	0.905999	0.849631	0.886019	0.868984	0.771153	0.848653
0.813738	0.888674	0.886316	0.771836	0.804887	0.878161	0.888905	0.909616	0.85151	0.884745	0.901397	0.83811	0.868597
0.793349	0.897405	0.881127	0.854063	0.850567	0.888244	0.828638	0.92177	0.847006	0.876777	0.861995	0.877106	0.875399
0.830165	0.897583	0.853407	0.864422	0.843924	0.926809	0.871617	0.870174	0.863882	0.877574	0.831986	0.852502	0.90214
0.807192	0.879238	0.845871	0.816242	0.813931	0.875523	0.871861	0.883807	0.864317	0.880595	0.820619	0.866603	0.89532
0.750224	0.903973	0.860631	0.819702	0.821324	0.870096	0.864926	0.860246	0.866597	0.875309	0.866438	0.840872	0.851355
0.779804	0.872911	0.891557	0.784277	0.829821	0.865932	0.871553	0.839672	0.84785	0.887774	0.923586	0.887298	0.837593
0.746515	0.888529	0.898424	0.777991	0.823808	0.850146	0.85465	0.867871	0.854549	0.875522	0.941575	0.859738	0.8218
0.804928	0.848501	0.898757	0.799772	0.790959	0.877262	0.848117	0.893009	0.842435	0.875312	0.886706	0.835361	0.825344
0.830458	0.835066	0.863411	0.821934	0.793297	0.872079	0.856814	0.880417	0.844651	0.852919	0.865324	0.880227	0.886375
0.833076	0.908828	0.857026	0.79555	0.752876	0.873205	0.871571	0.891165	0.822069	0.870853	0.886262	0.899451	0.877312
0.841362	0.907073	0.892256	0.780883	0.759262	0.84249	0.867499	0.879598	0.838705	0.85096	0.860409	0.891825	0.889645
0.828029	0.876577	0.895406	0.807637	0.803432	0.898822	0.848908	0.912257	0.880575	0.840136	0.880857	0.861058	0.848274
0.818618	0.879325	0.822931	0.814733	0.809351	0.898668	0.849161	0.893103	0.923549	0.849364	0.875992	0.879435	0.863774
0.817345	0.8845	0.805374	0.804324	0.823707	0.889372	0.891359	0.861534	0.87964	0.842443	0.862822	0.890482	0.895305
0.843258	0.940621	0.837029	0.825919	0.839112	0.924324	0.909415	0.890373	0.870292	0.891544	0.891318	0.882238	0.891831
0.763047	0.946143	0.790554	0.837548	0.855259	0.912976	0.886217	0.887039	0.851416	0.865603	0.843319	0.877185	0.885565
0.801104	0.873402	0.784542	0.843321	0.807348	0.950529	0.875759	0.867627	0.86128	0.872568	0.822816	0.874482	0.930481
0.849084	0.841434	0.837819	0.845528	0.861613	0.891715	0.898364	0.866463	0.863425	0.860649	0.827549	0.90009	0.913539
0.854709	0.88014	0.825262	0.853545	0.888465	0.860042	0.915458	0.873109	0.89522	0.864427	0.79853	0.866543	0.899414
0.837328	0.8767	0.812604	0.84387	0.842457	0.797307	0.893064	0.883883	0.867409	0.876582	0.856332	0.887536	0.878502
0.813923	0.881679	0.815193	0.804134	0.798995	0.833654	0.904489	0.88295	0.866791	0.881507	0.900324	0.902167	0.910294
0.778879	0.903347	0.814963	0.838564	0.780307	0.855116	0.896535	0.915554	0.848491	0.872983	0.896463	0.884988	0.833167
0.826312	0.84704	0.848951	0.813258	0.777277	0.827804	0.938956	0.920314	0.825673	0.862554	0.836995	0.929449	0.799497
0.851695	0.832401	0.841362	0.822399	0.782543	0.850594	0.95076	0.875821	0.84878	0.861849	0.846708	0.90259	0.799397
0.862359	0.86543	0.873908	0.850709	0.812258	0.893409	0.916087	0.887339	0.879166	0.874945	0.876838	0.904846	0.830175
0.856546	0.893164	0.82151	0.861356	0.850252	0.902977	0.89456	0.906452	0.846629	0.873749	0.890316	0.886373	0.863932
0.858448	0.914651	0.833974	0.853391	0.850488	0.876017	0.903487	0.868025	0.863839	0.865502	0.898872	0.88635	0.854408
0.869699	0.896207	0.870049	0.817898	0.848846	0.861208	0.859854	0.875333	0.877516	0.832737	0.876288	0.923888	0.859559
0.87591	0.884544	0.877456	0.835918	0.880293	0.859155	0.885307	0.901192	0.880524	0.849331	0.880156	0.890782	0.888258
0.866186	0.82949	0.861725	0.851939	0.887605	0.847834	0.882075	0.908931	0.857065	0.840878	0.860097	0.874346	0.847802
0.858082	0.896072	0.854327	0.789842	0.884026	0.866586	0.874136	0.946465	0.888557	0.841386	0.877688	0.836588	0.798102
0.826427	0.910066	0.813633	0.832753	0.879473	0.863474	0.879863	0.879369	0.893314	0.829556	0.867059	0.826816	0.837102
0.823081	0.858016	0.819401	0.853585	0.91054	0.893848	0.883717	0.906706	0.862429	0.839284	0.831748	0.910008	0.861907
0.816504	0.856572	0.858182	0.818714	0.886068	0.852802	0.888952	0.92488	0.857569	0.867342	0.860431	0.892309	0.855675
0.850673	0.823006	0.828106	0.802285	0.875003	0.835988	0.896289	0.938061	0.868842	0.854439	0.852932	0.833515	0.829127
0.827003	0.903489	0.877016	0.810826	0.837142	0.848538	0.89663	0.975385	0.88408	0.876179	0.869025	0.802641	0.872797
0.8273	0.84176	0.852355	0.824333	0.83538	0.870648	0.885602	0.930571	0.882506	0.8512	0.907887	0.805009	0.870537
0.75189	0.858394	0.840381	0.834577	0.831483	0.910478	0.848763	0.907325	0.852781	0.85883	0.917761	0.86986	0.864891
0.784981	0.832781	0.849359	0.831739	0.826831	0.88135	0.859137	0.869262	0.861067	0.858695	0.899247	0.850441	0.883875
0.79043	0.863911	0.846173	0.821378	0.836706	0.841918	0.878445	0.898808	0.873704	0.843168	0.912152	0.881927	0.864903
0.783265	0.908185	0.848192	0.820155	0.825022	0.848409	0.872434	0.895442	0.871981	0.865387	0.914356	0.899453	0.808773
0.803722	0.879666	0.814188	0.814543	0.811785	0.839978	0.870624	0.885459	0.848949	0.855639	0.898744	0.85397	0.786851
0.812422	0.859867	0.840399	0.812179	0.791074	0.935934	0.872336	0.930309	0.874111	0.851264	0.903297	0.878835	0.81813
0.821186	0.874284	0.846724	0.802666	0.815719	0.909769	0.88453	0.907074	0.85008	0.84285	0.891254	0.878468	0.841256
0.804752	0.828903	0.826279	0.756481	0.803353	0.893146	0.908044	0.860568	0.83092	0.848809	0.893717	0.935643	0.841481
0.819891	0.836803	0.84325	0.797418	0.838988	0.8818	0.925008	0.871857	0.801421	0.850521	0.904942	0.910648	0.860067
0.826769	0.84471	0.860898	0.835152	0.835574	0.866685	0.901696	0.86724	0.795935	0.848393	0.884592	0.908142	0.837946
0.849278	0.903115	0.848365	0.826107	0.803569	0.84643	0.863971	0.876747	0.790188	0.840492	0.837812	0.932225	0.859972
0.821437	0.806339	0.821836	0.862663	0.838295	0.845494	0.871232	0.918456	0.826377	0.840694	0.828011	0.903599	0.869001
0.824542	0.864494	0.859224	0.842619	0.84964	0.850809	0.876736	0.907154	0.865961	0.842494	0.861364	0.859675	0.900449
0.806388	0.876057	0.845517	0.810094	0.88001	0.918307	0.882161	0.947185	0.860228	0.865197	0.850679	0.901084	0.871802
0.776985	0.826356	0.81327	0.835882	0.851156	0.97525	0.871258	0.902718	0.832811	0.879907	0.855696	0.903351	0.88771
0.826927	0.883121	0.820238	0.834243	0.851916	0.930071	0.86805	0.877247	0.860761	0.885304	0.862654	0.933748	0.855364
0.837449	0.915068	0.842923	0.834304	0.83973	0.918518	0.894204	0.877632	0.877305	0.880296	0.847351	0.90997	0.84694
0.803801	0.899832	0.890002	0.811562	0.802364	0.867955	0.898714	0.85022	0.84054	0.850524	0.83113	0.829861	0.832409
0.825235	0.912542	0.889634	0.787354	0.824397	0.879127	0.902914	0.886723	0.846687	0.86677	0.831303	0.831621	0.858784
0.823827	0.895638	0.886737	0.837827	0.846245	0.888127	0.900221	0.865608	0.818092	0.879893	0.870874	0.893809	0.849602
0.854621	0.903033	0.900144	0.843636	0.897368	0.946121	0.919955	0.902645	0.79415	0.889703	0.848833	0.90729	0.855614
0.848377	0.895023	0.900169	0.840502	0.865804	0.870662	0.900063	0.943646	0.800271	0.877929	0.851178	0.899682	0.865224
0.825956	0.877984	0.876912	0.826476	0.861237	0.825096	0.892087	0.926929	0.863214	0.864688	0.847256	0.918524	0.850739
0.812639	0.893765	0.873081	0.8393	0.833711	0.840004	0.900186	0.890339	0.888163	0.879099	0.872361	0.854144	0.854666
0.823765	0.876151	0.85429	0.821301	0.865476	0.849826	0.867152	0.873284	0.862485	0.884265	0.885308	0.900069	0.892169
0.83687	0.879309	0.88872	0.766511	0.882215	0.839236	0.896385	0.92113	0.900867	0.904725	0.88578	0.94281	0.899903
0.864998	0.866239	0.886604	0.827692	0.872198	0.818285	0.876752	0.915622	0.88169	0.895097	0.876562	0.957623	0.869046
0.867949	0.891489	0.840429	0.832255	0.862344	0.789298	0.884724	0.936238	0.880848	0.879399	0.885083	0.892984	0.891923
0.818299	0.912089	0.83141	0.801073	0.830677	0.81539	0.858674	0.942558	0.874936	0.894777	0.903239	0.882058	0.911639
0.856634	0.873833	0.836698	0.823847	0.864254	0.813208	0.845118	0.950268	0.882435	0.898662	0.878246	0.890969	0.905862
0.877119	0.899013	0.857139	0.8388	0.845983	0.780121	0.878192	0.934011	0.885269	0.876107	0.915726	0.851232	0.885195
0.926076	0.912245	0.880628	0.784659	0.849579	0.798175	0.836727	0.911749	0.913474	0.872647	0.884106	0.851656	0.888926
0.909057	0.905706	0.878919	0.707388	0.831372	0.760906	0.862157	0.870942	0.897457	0.887118	0.9139	0.866428	0.882973
0.888851	0.861129	0.865357	0.720562	0.817037	0.778671	0.860408	0.861737	0.870412	0.830325	0.930549	0.89393	0.929831
0.853448	0.875112	0.877155	0.701264	0.813524	0.832154	0.850934	0.901581	0.864912	0.856539	0.882708	0.853175	0.892347
0.810365	0.850235	0.876045	0.73478	0.842726	0.849248	0.860535	0.883591	0.865259	0.878113	0.894865	0.877718	0.917139
0.8253	0.823682	0.88398	0.76357	0.849593	0.863025	0.85526	0.885162	0.84818	0.868278	0.911831	0.888488	0.922851
0.826108	0.880223	0.850049	0.734898	0.825217	0.846939	0.864915	0.844383	0.84068	0.850157	0.833605	0.908917	0.903919
0.860699	0.863363	0.884971	0.729329	0.809865	0.839994	0.832196	0.808763	0.83582	0.841098	0.857359	0.874173	0.867339
0.830873	0.854118	0.885941	0.743193	0.816477	0.817217	0.84554	0.836643	0.858136	0.851494	0.80908	0.88141	0.846738
0.845314	0.910524	0.866249	0.779301	0.846735	0.836425	0.813041	0.848335	0.834623	0.83773	0.831697	0.894103	0.815051
0.834174	0.908508	0.882512	0.789599	0.826131	0.835288	0.802339	0.879332	0.810321	0.865335	0.84323	0.912971	0.856446
0.832414	0.88851	0.837966				0.836145	0.851902	0.853124	0.864277			
												
												
												
												
												
												
