CON fEVs								GW6471 fEVs							
0	0	0	0	0	0	0	0	0	0	0	0	0	0	0	0
0	0	0.052703	0.02994	0.009953	0	0.012458	0	0.052454	0	0	0	0.003846	0	0.000081	0.041553
0.008101	0.001046	0.106325	0.036755	0.009984	0	0.070619	0	0.10667	0	0	0	0.008494	0	0.000081	0.042299
0.049226	0.011257	0.145199	0.070271	0.009984	0	0.079533	0	0.159747	0	0	0	0.029413	0	0.064429	0.042299
0.05014	0.02298	0.146988	0.073061	0.01005	0	0.08218	0	0.17688	0	0	0	0.0358	0	0.072654	0.042299
0.05014	0.026288	0.146988	0.073061	0.011252	0	0.0829	0	0.17688	0	0	0	0.0358	0	0.072654	0.042299
0.05014	0.032546	0.146988	0.073061	0.01258	0	0.085641	0	0.17688	0	0	0.029349	0.0358	0	0.072654	0.042299
0.05014	0.057945	0.146988	0.073061	0.012714	0	0.086297	0	0.178336	0	0	0.078613	0.0358	0	0.072654	0.042299
0.05014	0.082906	0.147558	0.073061	0.012714	0	0.086297	0	0.191896	0	0	0.078613	0.0358	0	0.072654	0.074085
0.050841	0.089015	0.15213	0.073061	0.012714	0	0.086297	0	0.197519	0	0	0.078613	0.0358	0	0.072654	0.125582
0.080014	0.120923	0.152877	0.084149	0.012714	0.007014	0.086297	0	0.197989	0	0	0.078613	0.0358	0	0.072654	0.125582
0.109666	0.166526	0.168574	0.121289	0.012714	0.077369	0.086297	0	0.198528	0	0.00335	0.078613	0.0358	0	0.072654	0.125582
0.110474	0.212128	0.258529	0.121614	0.012714	0.096437	0.086297	0	0.198552	0	0.059954	0.078613	0.0358	0	0.072654	0.125582
0.110474	0.257731	0.354006	0.121614	0.012714	0.102962	0.086297	0	0.221506	0	0.060577	0.078613	0.0358	0	0.072654	0.125582
0.110474	0.303337	0.381048	0.121614	0.012714	0.105397	0.086297	0	0.275379	0	0.060577	0.078613	0.0358	0.090236	0.072654	0.125582
0.110474	0.347823	0.388751	0.185775	0.012714	0.162054	0.086297	0	0.324688	0	0.066449	0.078613	0.0358	0.112795	0.072654	0.125582
0.112169	0.361637	0.391687	0.221347	0.012714	0.226247	0.086297	0	0.33383	0	0.068512	0.078613	0.0358	0.112795	0.072654	0.125582
0.16026	0.361637	0.401783	0.221347	0.012714	0.2322	0.086297	0	0.33383	0	0.068512	0.078613	0.0358	0.112795	0.072654	0.125582
0.225528	0.361637	0.407849	0.221347	0.012714	0.2322	0.086297	0	0.33383	0	0.115038	0.078613	0.0358	0.112795	0.072654	0.125582
0.241089	0.362087	0.470419	0.221347	0.012714	0.2322	0.086297	0	0.33383	0	0.145203	0.078613	0.0358	0.112795	0.072654	0.125582
0.241089	0.363498	0.546825	0.221347	0.012714	0.2322	0.089091	0	0.33383	0	0.145203	0.150028	0.0358	0.112795	0.072654	0.125582
0.241089	0.364647	0.591245	0.221347	0.012714	0.2322	0.254014	0.014943	0.334254	0	0.145203	0.170969	0.0358	0.168726	0.072654	0.125582
0.241089	0.395607	0.620658	0.221347	0.012714	0.2322	0.262992	0.063138	0.342354	0	0.197713	0.172733	0.0358	0.194248	0.072654	0.125582
0.241089	0.439694	0.65499	0.269035	0.012714	0.2322	0.262992	0.084756	0.352156	0	0.214447	0.175799	0.0358	0.194248	0.072654	0.125582
0.241089	0.48378	0.657463	0.312471	0.012714	0.2322	0.262992	0.171534	0.353763	0	0.218374	0.178866	0.0358	0.194248	0.072654	0.157145
0.241089	0.508598	0.657463	0.325792	0.012714	0.2322	0.262992	0.187157	0.353763	0	0.236623	0.180864	0.0358	0.194248	0.072654	0.294817
0.241089	0.508691	0.657463	0.363391	0.012714	0.2322	0.262992	0.187157	0.353763	0	0.237548	0.180905	0.0358	0.194248	0.072654	0.302757
0.241089	0.508691	0.657463	0.363591	0.012714	0.2322	0.262992	0.187157	0.353763	0	0.237548	0.180905	0.0358	0.194248	0.09147	0.302757
0.241089	0.508691	0.657463	0.363591	0.012714	0.2322	0.262992	0.187157	0.353763	0	0.237548	0.180905	0.0358	0.194248	0.195372	0.302757
0.242793	0.509553	0.657463	0.373523	0.012714	0.2322	0.262992	0.187157	0.359474	0	0.237548	0.180905	0.0358	0.194248	0.237148	0.302757
0.248833	0.516585	0.657463	0.417463	0.012714	0.2322	0.262992	0.187157	0.396649	0.005643	0.237548	0.180905	0.0358	0.194248	0.309308	0.302757
0.252194	0.584008	0.702422	0.459184	0.012714	0.2322	0.262992	0.196164	0.438625	0.034908	0.237548	0.180905	0.037199	0.194248	0.309308	0.302757
0.252198	0.654105	0.798923	0.483007	0.012714	0.2322	0.262992	0.214831	0.480494	0.066787	0.237548	0.180905	0.182872	0.194248	0.309308	0.302757
0.252198	0.675172	0.895482	0.494748	0.012714	0.2322	0.262992	0.218507	0.501654	0.098667	0.25352	0.198605	0.192636	0.194248	0.309308	0.302757
0.252198	0.701243	0.992042	0.494748	0.012714	0.2322	0.265462	0.218507	0.523303	0.128898	0.339126	0.269081	0.192636	0.194248	0.309308	0.302757
0.252198	0.727314	1.088601	0.567962	0.012714	0.2322	0.272519	0.218507	0.548069	0.151489	0.383389	0.328622	0.192636	0.194248	0.309308	0.302757
0.252198	0.753305	1.185161	0.619901	0.012714	0.278751	0.282549	0.218507	0.572835	0.196985	0.400634	0.333825	0.192636	0.194248	0.309308	0.302757
0.252282	0.764378	1.28172	0.619901	0.012714	0.35156	0.282719	0.218507	0.597601	0.225027	0.400634	0.333825	0.192636	0.194248	0.309308	0.302757
0.274657	0.764378	1.37828	0.619901	0.012714	0.35156	0.282995	0.218507	0.622366	0.229083	0.400634	0.333825	0.192636	0.194248	0.309308	0.302757
0.314408	0.764378	1.474839	0.619901	0.012714	0.35156	0.284206	0.218507	0.647132	0.241214	0.401635	0.333825	0.192636	0.194248	0.309308	0.302757
0.339515	0.764437	1.570963	0.619901	0.012714	0.35156	0.285037	0.218507	0.664072	0.25365	0.462062	0.333825	0.192636	0.194248	0.309308	0.302757
0.339914	0.765173	1.610506	0.619901	0.012714	0.35156	0.285053	0.218507	0.665203	0.266087	0.55206	0.33383	0.192636	0.194248	0.309308	0.302757
0.339914	0.76607	1.610506	0.619901	0.012714	0.35156	0.285053	0.218507	0.667981	0.278523	0.57333	0.336149	0.192636	0.194248	0.309308	0.302757
0.361227	0.768594	1.615243	0.637436	0.012714	0.35156	0.285053	0.218507	0.66948	0.287698	0.574754	0.340386	0.192636	0.201537	0.309308	0.302757
0.400706	0.777655	1.668648	0.678677	0.012714	0.35156	0.285053	0.218507	0.66948	0.299619	0.660113	0.344621	0.192636	0.255787	0.309308	0.302757
0.403234	0.786579	1.734825	0.678677	0.015057	0.35156	0.285053	0.218507	0.66948	0.321444	0.674544	0.346581	0.192636	0.278771	0.309308	0.302757
0.403435	0.79393	1.766289	0.678677	0.056315	0.35156	0.285053	0.218507	0.66948	0.332319	0.689646	0.346919	0.192636	0.316451	0.309308	0.325995
0.504218	0.822512	1.766289	0.678677	0.10321	0.35156	0.285053	0.218507	0.66948	0.332319	0.714658	0.374977	0.192636	0.329474	0.309308	0.431618
0.510686	0.853086	1.766425	0.678677	0.108911	0.35156	0.285053	0.218507	0.66948	0.332319	0.753866	0.420655	0.192636	0.329474	0.309308	0.515095
0.510686	0.862804	1.768461	0.678677	0.108911	0.35156	0.285053	0.218507	0.684229	0.339736	0.753866	0.444751	0.192636	0.329474	0.309308	0.524358
0.510758	0.864887	1.788664	0.678677	0.108911	0.35156	0.285053	0.218507	0.744896	0.357143	0.753866	0.44723	0.192636	0.329474	0.309308	0.595883
0.536939	0.901577	1.862226	0.678677	0.117062	0.35156	0.285053	0.218507	0.768164	0.374604	0.753866	0.459423	0.192636	0.329474	0.309308	0.646858
0.556735	0.950554	1.912596	0.678677	0.145405	0.35156	0.285053	0.218507	0.809096	0.385832	0.766863	0.495771	0.192636	0.329474	0.309308	0.646981
0.556735	0.999534	1.913726	0.678677	0.145405	0.35156	0.285053	0.218507	0.850098	0.391503	0.769339	0.507562	0.192636	0.329474	0.309308	0.646981
0.556735	1.048526	1.924018	0.678677	0.145405	0.35156	0.285053	0.218507	0.891084	0.417742	0.769339	0.507562	0.192636	0.329474	0.309308	0.646981
0.558152	1.078908	2.007633	0.678677	0.145405	0.35156	0.285053	0.218507	0.910761	0.446003	0.769339	0.507562	0.192636	0.329474	0.309308	0.646981
0.572994	1.079312	2.105623	0.68015	0.145405	0.35156	0.285053	0.218507	0.920602	0.473591	0.769339	0.507562	0.192636	0.329474	0.309308	0.646981
0.585824	1.083227	2.203613	0.738133	0.145405	0.35156	0.285053	0.218507	0.96373	0.491338	0.769343	0.507562	0.192636	0.329474	0.309308	0.646981
0.601198	1.08993	2.288943	0.739102	0.145405	0.35156	0.285053	0.218507	0.970549	0.546933	0.802661	0.507562	0.192636	0.329474	0.309308	0.646981
0.616353	1.092212	2.352319	0.739102	0.145405	0.35156	0.285053	0.218507	0.977934	0.609053	0.867785	0.533665	0.192636	0.329474	0.309308	0.646981
0.617501	1.09947	2.462705	0.755305	0.145405	0.35156	0.285053	0.218507	0.985321	0.655589	0.932673	0.585871	0.192636	0.329474	0.309308	0.646981
0.617505	1.103168	2.49024	0.757139	0.145405	0.35156	0.285053	0.218507	0.991085	0.66897	0.96153	0.585871	0.192636	0.329474	0.309308	0.646981
0.640015	1.10842	2.49497	0.757139	0.145405	0.35156	0.285053	0.218507	1.024759	0.690234	0.967593	0.585871	0.21316	0.329474	0.309308	0.646981
0.646432	1.10975	2.535906	0.757139	0.145405	0.422634	0.285053	0.218507	1.079024	0.694696	0.967593	0.585871	0.305226	0.329474	0.309308	0.646981
0.646432	1.10975	2.575623	0.757139	0.145405	0.544522	0.285053	0.218507	1.079365	0.720496	0.967593	0.585871	0.31202	0.329474	0.309308	0.646981
0.646432	1.10975	2.600807	0.757139	0.145405	0.544522	0.285053	0.218507	1.087115	0.749154	0.967593	0.585871	0.31202	0.329474	0.318318	0.646981
0.646432	1.10975	2.613072	0.757139	0.145405	0.544522	0.285053	0.218507	1.097756	0.750846	0.967593	0.585871	0.31202	0.329474	0.36795	0.646981
0.646432	1.10975	2.613072	0.757139	0.145405	0.544522	0.285053	0.218507	1.101629	0.751811	0.979045	0.585871	0.31202	0.329474	0.369443	0.646981
0.646432	1.10975	2.613072	0.757139	0.145405	0.544522	0.285053	0.218507	1.101629	0.756556	1.041475	0.585871	0.31202	0.329474	0.369443	0.646981
0.646432	1.10975	2.613072	0.757139	0.145405	0.544522	0.293682	0.21903	1.101629	0.758197	1.041475	0.585871	0.31202	0.377721	0.369443	0.646981
0.646432	1.10975	2.613072	0.757139	0.14804	0.544522	0.383353	0.26035	1.10302	0.760111	1.041475	0.585871	0.31202	0.435124	0.369443	0.646981
0.646432	1.10975	2.613072	0.759052	0.246273	0.544522	0.391804	0.318874	1.152458	0.763758	1.041475	0.585871	0.31202	0.435124	0.369443	0.646981
0.646432	1.10975	2.613072	0.875608	0.247884	0.544522	0.391885	0.327186	1.223089	0.765989	1.041475	0.585871	0.31202	0.435124	0.369443	0.646981
0.646432	1.10975	2.613072	0.936368	0.247884	0.544522	0.392754	0.334774	1.243024	0.766014	1.041475	0.597053	0.31202	0.435124	0.369443	0.646981
0.646432	1.10975	2.613072	0.936368	0.247884	0.544522	0.393213	0.430661	1.243024	0.766014	1.041475	0.681123	0.31202	0.435124	0.369443	0.665125
0.646432	1.109845	2.613072	0.936368	0.247884	0.544522	0.393213	0.442277	1.243024	0.766014	1.041475	0.702567	0.31202	0.435124	0.369443	0.670293
0.646432	1.140859	2.613072	0.936368	0.247884	0.544522	0.393213	0.442277	1.243024	0.766014	1.041475	0.708054	0.31202	0.529247	0.369443	0.670293
0.696829	1.196578	2.613072	0.936368	0.247884	0.544522	0.393213	0.442277	1.243024	0.766014	1.041475	0.716396	0.31202	0.579929	0.369443	0.671192
0.713479	1.252296	2.613072	0.937949	0.247884	0.544522	0.393213	0.442277	1.243024	0.766014	1.041475	0.743686	0.31202	0.579929	0.369443	0.742898
0.721569	1.308015	2.613072	0.943723	0.247884	0.563018	0.393213	0.442277	1.243024	0.766014	1.041475	0.770954	0.31202	0.579929	0.369443	0.770679
0.741798	1.341251	2.613072	0.943723	0.247884	0.620881	0.393213	0.442277	1.243024	0.784771	1.041475	0.779225	0.31202	0.579929	0.369443	0.804272
0.762147	1.341539	2.613072	0.943723	0.247884	0.622807	0.393213	0.442277	1.243024	0.823143	1.041475	0.779557	0.338698	0.579929	0.369443	0.843645
0.777197	1.341539	2.613072	0.943723	0.247884	0.627035	0.393213	0.442277	1.243024	0.823143	1.119193	0.787659	0.376825	0.579929	0.369443	0.846674
0.777986	1.341539	2.61313	0.943723	0.247884	0.645693	0.393213	0.442277	1.243024	0.823143	1.14069	0.796125	0.376825	0.579929	0.382372	0.846674
0.777986	1.341539	2.688651	0.943723	0.328393	0.648836	0.393213	0.442277	1.243024	0.885289	1.14069	0.796587	0.376825	0.579929	0.481869	0.846674
0.777986	1.341539	2.831702	0.943723	0.354754	0.648836	0.393213	0.442277	1.243024	0.983176	1.14069	0.796587	0.376825	0.579929	0.481869	0.846674
0.777986	1.341539	2.974753	0.943723	0.354754	0.648836	0.393213	0.442277	1.243024	0.983176	1.14069	0.796587	0.376825	0.579929	0.48778	0.846674
0.777986	1.341539	3.117804	0.943723	0.354754	0.648836	0.393213	0.442277	1.243024	0.983176	1.14069	0.796587	0.376825	0.579929	0.499512	0.846674
0.777986	1.341539	3.197432	0.943723	0.354754	0.648836	0.393213	0.442277	1.243024	0.983176	1.14069	0.796587	0.376825	0.583315	0.499512	0.846674
0.777986	1.341539	3.197675	0.943723	0.354754	0.648836	0.393213	0.442277	1.243024	0.983176	1.141054	0.796587	0.376825	0.601498	0.499512	0.846674
0.777986	1.341539	3.197675	1.007949	0.354754	0.648836	0.393213	0.442277	1.243024	0.983176	1.141805	0.806407	0.376825	0.602276	0.499512	0.846674
0.777986	1.38761	3.197675	1.051665	0.354754	0.648836	0.393213	0.444227	1.278821	0.983176	1.142506	0.855965	0.376825	0.631255	0.499512	0.848593
0.777986	1.403518	3.197675	1.051665	0.354754	0.648836	0.393213	0.446027	1.376764	0.983176	1.142657	0.867077	0.376825	0.666675	0.499512	0.859465
0.777986	1.403518	3.197675	1.051665	0.354754	0.648836	0.401579	0.446027	1.409782	0.983176	1.192756	0.867077	0.376825	0.666675	0.499512	0.859465
0.777986	1.403518	3.197675	1.051665	0.354754	0.648836	0.498081	0.446027	1.409782	0.983176	1.226856	0.868345	0.376825	0.666675	0.499512	0.859465
0.777986	1.403518	3.197675	1.051665	0.354754	0.648836	0.49904	0.446027	1.409782	1.002776	1.226856	0.883151	0.376825	0.666675	0.49997	0.859465
0.777986	1.403518	3.297292	1.051665	0.354754	0.648836	0.49904	0.446027	1.409782	1.054322	1.226856	0.886204	0.376825	0.666675	0.591154	0.859465
0.777986	1.403518	3.356217	1.051665	0.434366	0.648836	0.49904	0.446027	1.409782	1.106321	1.226856	0.886204	0.376825	0.666675	0.594297	0.859465
0.777986	1.403518	3.356217	1.051665	0.464312	0.648836	0.49904	0.446027	1.409782	1.155518	1.226856	0.886204	0.376825	0.666675	0.594297	0.859465
0.777986	1.403518	3.356217	1.060196	0.464312	0.648836	0.49904	0.446027	1.409782	1.169121	1.226856	0.886204	0.376825	0.666675	0.594297	0.859465
0.777986	1.444581	3.356217	1.104427	0.464312	0.648836	0.49904	0.446027	1.409782	1.176206	1.226856	0.886204	0.390304	0.666675	0.594297	0.859465
0.777986	1.500135	3.356217	1.130862	0.464312	0.648836	0.49904	0.446027	1.409782	1.178189	1.226856	0.886204	0.409303	0.666675	0.594297	0.859465
0.777986	1.500135	3.356217	1.174933	0.464312	0.67881	0.49904	0.446027	1.409782	1.178189	1.226856	0.886204	0.409303	0.666675	0.594297	0.859465
0.777986	1.502538	3.356217	1.189243	0.464312	0.772864	0.49904	0.446027	1.409782	1.178189	1.226856	0.886204	0.409303	0.666675	0.594297	0.859465
0.777986	1.563725	3.356217	1.202101	0.464312	0.772864	0.49904	0.446027	1.409782	1.178189	1.226856	0.886204	0.409303	0.666675	0.594297	0.859465
0.816715	1.563794	3.356217	1.205074	0.477782	0.772864	0.49904	0.446027	1.409782	1.178189	1.226856	0.886204	0.409303	0.666675	0.594297	0.859465
0.861573	1.563794	3.356217	1.205074	0.528501	0.772864	0.49904	0.446027	1.409782	1.178189	1.226856	0.886204	0.409303	0.666675	0.594297	0.859465
0.861573	1.563794	3.356217	1.205074	0.533858	0.772864	0.49904	0.446027	1.409782	1.178189	1.247758	0.921815	0.409303	0.666675	0.594297	0.859465
0.897825	1.563794	3.356217	1.205074	0.533858	0.772864	0.572551	0.446027	1.409782	1.178189	1.324254	0.936009	0.409303	0.666675	0.594297	0.859465
0.935307	1.60106	3.356217	1.205074	0.533858	0.772864	0.660013	0.446027	1.409782	1.178189	1.352037	0.936009	0.409303	0.677081	0.594297	0.859465
0.935307	1.694795	3.356217	1.205074	0.533858	0.772864	0.660013	0.446027	1.409782	1.178189	1.358806	0.936009	0.409303	0.748388	0.594297	0.859465
0.935307	1.739168	3.356217	1.205074	0.533858	0.772864	0.660013	0.446027	1.465758	1.181149	1.358806	1.047536	0.409303	0.755536	0.594297	0.859465
0.935307	1.751688	3.356217	1.205074	0.533858	0.772864	0.660013	0.446027	1.550899	1.255133	1.358806	1.068516	0.409303	0.755536	0.594297	0.859465
0.935307	1.760009	3.361673	1.205074	0.533858	0.772864	0.660013	0.446027	1.554079	1.359346	1.358806	1.068516	0.409303	0.755536	0.594297	0.859465
0.936211	1.763952	3.463731	1.205074	0.533858	0.772864	0.660013	0.446027	1.580683	1.433857	1.358806	1.068516	0.409303	0.755536	0.594297	0.932123
0.959371	1.763952	3.601274	1.205074	0.533858	0.772864	0.660013	0.446027	1.65116	1.448337	1.358806	1.068516	0.409303	0.755536	0.594297	0.948252
0.992113	1.763952	3.738818	1.205074	0.533858	0.772864	0.706463	0.446027	1.72265	1.467051	1.358806	1.068516	0.409303	0.755536	0.594297	0.948252
1.023567	1.763952	3.840545	1.205074	0.533858	0.772864	0.81571	0.446027	1.776036	1.521024	1.358806	1.068516	0.409303	0.755536	0.594297	0.948252
1.033333	1.763952	3.845873	1.208218	0.533858	0.772864	0.81571	0.446027	1.781117	1.583286	1.358806	1.068516	0.409303	0.755536	0.594297	0.948252
1.039676	1.763952	3.845873	1.235779	0.533858	0.772864	0.81571	0.446027	1.827716	1.593531	1.358806	1.068516	0.409303	0.755536	0.594297	0.948252
1.040429	1.763952	3.845873	1.268502	0.533858	0.772864	0.81571	0.446027	1.830442	1.610238	1.358806	1.068516	0.409303	0.755536	0.594297	0.948252
1.071533	1.763952	3.845873	1.300189	0.533858	0.772864	0.81571	0.46416	1.839788	1.63681	1.358806	1.068516	0.409303	0.755536	0.594297	0.948252
1.085933	1.763952	3.845873	1.309351	0.533858	0.772864	0.81571	0.501536	1.847409	1.663382	1.358806	1.068516	0.409303	0.755536	0.594297	0.948252
1.085933	1.763952	3.845873	1.309351	0.533858	0.772864	0.81571	0.501536	1.853734	1.683536	1.358806	1.079436	0.409303	0.755536	0.594297	0.948252
1.085933	1.763952	3.845873	1.309659	0.533858	0.805879	0.81571	0.501536	1.85617	1.684772	1.358806	1.091952	0.409303	0.755536	0.594297	0.948252
1.085933	1.763952	3.845873	1.316506	0.533858	0.947687	0.81571	0.501536	1.85617	1.684772	1.358806	1.095429	0.409303	0.755536	0.594297	0.948252
1.085933	1.763952	3.847874	1.323803	0.533858	0.98713	0.81571	0.501536	1.85617	1.684772	1.358806	1.095572	0.409303	0.755536	0.594297	0.948252
1.091649	1.773581	3.881137	1.324293	0.533858	0.98713	0.81571	0.501536	1.85629	1.684772	1.358806	1.095572	0.409303	0.755536	0.594297	0.965325
1.143933	1.815051	3.925125	1.324293	0.533858	0.98713	0.81571	0.501536	1.862228	1.684772	1.358806	1.095572	0.409303	0.755536	0.594297	1.028912
1.164615	1.85904	3.969115	1.324293	0.533858	0.98713	0.81571	0.501536	1.871383	1.684772	1.362964	1.095572	0.409303	0.755536	0.594297	1.028912
1.177031	1.903028	4.013152	1.330416	0.533858	0.98713	0.81571	0.501536	1.877485	1.684772	1.439416	1.095572	0.41211	0.755536	0.594297	1.028912
1.199991	1.937869	4.052325	1.341143	0.533858	0.98713	0.81571	0.501536	1.880829	1.684772	1.442365	1.095572	0.597428	0.851675	0.594297	1.028912
1.218977	1.979933	4.137676	1.348405	0.533858	0.98713	0.81571	0.501536	1.880829	1.684772	1.466528	1.095572	0.614606	0.890942	0.594297	1.028912
1.220923	1.994753	4.138896	1.369358	0.533858	0.98713	0.81571	0.545655	1.880829	1.684772	1.495818	1.095572	0.614606	0.890942	0.594297	1.028912
1.220923	1.994753	4.138896	1.390588	0.533858	0.98713	0.81571	0.596415	1.880829	1.684772	1.520758	1.095572	0.614606	0.890942	0.594297	1.028912
1.220923	1.994753	4.138896	1.399823	0.533858	0.98713	0.81571	0.596415	1.880829	1.684772	1.523789	1.095572	0.614606	0.890942	0.702526	1.028912
1.220923	1.994753	4.138896	1.399823	0.533858	0.98713	0.81571	0.596415	1.880829	1.684772	1.523789	1.103823	0.614606	0.890942	0.714999	1.028912
1.220923	1.994753	4.138896	1.399823	0.533858	0.98713	0.81571	0.596415	1.880829	1.684772	1.523789	1.135048	0.614606	0.890942	0.714999	1.028912
1.220923	1.994753	4.138896	1.399823	0.650232	0.98713	0.81571	0.596415	1.880829	1.765705	1.523789	1.167628	0.614606	0.890942	0.714999	1.028912
1.220923	1.994753	4.138896	1.399823	0.708017	0.98713	0.81571	0.596415	1.880829	1.801503	1.523789	1.198155	0.614606	0.890942	0.714999	1.028912
1.220923	1.994753	4.138896	1.399823	0.71644	0.98713	0.84299	0.596415	1.880829	1.801503	1.523789	1.204932	0.614606	0.890942	0.714999	1.028912
1.220923	1.994753	4.138896	1.399823	0.71644	0.98713	0.940658	0.596415	1.880829	1.801503	1.523789	1.204932	0.614606	0.890942	0.7353	1.028912
1.220923	1.994753	4.138896	1.399823	0.71644	0.98713	0.940658	0.596415	1.880829	1.801503	1.523789	1.222976	0.614606	0.890942	0.809421	1.028912
1.220923	1.994753	4.138896	1.399823	0.71644	0.98713	0.940658	0.596415	1.880829	1.801503	1.523789	1.252416	0.614606	0.890942	0.809421	1.028912
1.220923	1.994753	4.138896	1.399823	0.71644	0.98713	0.940658	0.596415	1.930251	1.801503	1.523789	1.252416	0.614606	0.890942	0.809421	1.028912
1.220923	1.994753	4.138896	1.399823	0.71644	0.98713	0.940658	0.596415	1.994444	1.899663	1.523789	1.252416	0.614606	0.890942	0.809421	1.028912
1.220923	1.994753	4.138896	1.399823	0.71644	0.98713	0.940658	0.596415	1.994444	1.957564	1.523789	1.252416	0.614606	0.890942	0.809421	1.039518
1.220923	1.994753	4.138896	1.399823	0.71644	0.98713	0.940658	0.596415	1.994444	1.971237	1.523789	1.252416	0.614606	0.890942	0.858661	1.16468
1.220923	1.994753	4.158199	1.399823	0.71644	1.005952	0.940658	0.596415	1.994444	1.976385	1.523789	1.252416	0.614606	0.938395	0.894217	1.321035
1.220923	1.994753	4.314968	1.399823	0.71644	1.089793	0.940658	0.596415	1.994444	1.987191	1.523789	1.252416	0.614606	0.993727	0.916628	1.42798
1.220923	1.994753	4.315174	1.399823	0.71644	1.089793	0.940658	0.596415	1.994444	2.000107	1.523789	1.252416	0.614606	1.001446	1.021655	1.431265
1.220923	1.994753	4.315174	1.399823	0.71644	1.089793	0.940658	0.596415	1.994444	2.007731	1.523789	1.252416	0.623284	1.06192	1.072899	1.431265
1.220923	1.994753	4.315174	1.399823	0.71644	1.089793	0.940658	0.596415	1.994444	2.025479	1.523789	1.252416	0.682763	1.077147	1.077524	1.437493
1.238322	1.994753	4.315174	1.399823	0.71644	1.089793	0.940658	0.596415	1.994444	2.034513	1.523789	1.252416	0.685639	1.077147	1.110524	1.438799
1.309415	2.008317	4.315174	1.399823	0.71644	1.089793	0.940658	0.596415	1.996516	2.067758	1.523789	1.252416	0.685639	1.077147	1.112695	1.438799
1.353635	2.094218	4.315174	1.399823	0.71644	1.089793	0.990426	0.596415	2.04831	2.070032	1.523789	1.252416	0.685639	1.077147	1.112695	1.438799
1.381047	2.119878	4.315174	1.399823	0.71644	1.089793	1.107663	0.596415	2.121266	2.086896	1.576646	1.252416	0.685639	1.077147	1.112695	1.438799
1.395203	2.119878	4.315174	1.399823	0.71644	1.089793	1.113385	0.596415	2.165744	2.09036	1.625436	1.252416	0.685639	1.077147	1.112695	1.438799
1.397984	2.119878	4.315174	1.399823	0.71644	1.089793	1.119556	0.596415	2.178278	2.09036	1.626156	1.252416	0.685639	1.077147	1.112695	1.438799
1.45939	2.119878	4.315174	1.399823	0.71644	1.089793	1.180101	0.596415	2.187477	2.09036	1.628614	1.252416	0.685639	1.077147	1.112695	1.438799
1.46484	2.119878	4.324466	1.399823	0.71644	1.089793	1.180151	0.596415	2.187477	2.09036	1.628614	1.350941	0.685639	1.077147	1.112695	1.438799
1.46484	2.119878	4.430363	1.399823	0.71644	1.099643	1.180151	0.596415	2.187477	2.091669	1.628614	1.37583	0.685639	1.077147	1.112695	1.438799
1.46484	2.119878	4.431331	1.399823	0.71644	1.227531	1.180151	0.596415	2.187477	2.095703	1.628614	1.37583	0.685639	1.077147	1.112695	1.473093
1.46484	2.119878	4.431331	1.399823	0.733388	1.36398	1.180151	0.596415	2.187477	2.124576	1.628614	1.37583	0.685639	1.077147	1.112695	1.621593
1.46484	2.119878	4.431331	1.399823	0.787056	1.410533	1.180151	0.596415	2.187477	2.138059	1.628614	1.37583	0.685639	1.077147	1.112695	1.621996
1.46484	2.119878	4.431331	1.399823	0.787056	1.523794	1.180151	0.596415	2.187477	2.138059	1.628614	1.37583	0.685639	1.077147	1.112695	1.621996
1.46484	2.119878	4.431331	1.399823	0.787056	1.536167	1.180151	0.596415	2.187477	2.138059	1.628614	1.37583	0.685639	1.077147	1.112695	1.621996
1.46484	2.119878	4.431331	1.399823	0.787056	1.536167	1.180151	0.596415	2.187477	2.138059	1.628614	1.37583	0.685639	1.118429	1.112695	1.621996
1.46484	2.119878	4.431331	1.399823	0.829221	1.536167	1.180151	0.596415	2.187477	2.138059	1.628614	1.37583	0.699705	1.188721	1.122057	1.621996
1.46484	2.119878	4.431331	1.489357	0.895637	1.536167	1.180151	0.596415	2.187477	2.138059	1.628614	1.37583	0.816267	1.188721	1.213004	1.621996
1.46484	2.119878	4.431331	1.523603	0.895637	1.536167	1.180151	0.596415	2.187477	2.138059	1.628614	1.37583	0.817578	1.188721	1.213004	1.621996
1.46484	2.119878	4.431331	1.523603	0.895637	1.536167	1.180151	0.596415	2.187477	2.138059	1.628614	1.37583	0.817578	1.188721	1.213004	1.621996
1.46484	2.119878	4.431331	1.523603	0.895637	1.536167	1.252125	0.596545	2.187477	2.138059	1.628614	1.37583	0.817578	1.188721	1.213004	1.677314
1.46484	2.119878	4.431331	1.523603	0.895637	1.536167	1.380079	0.634861	2.187477	2.138059	1.628614	1.37583	0.817578	1.188721	1.213004	1.728378
1.46484	2.119878	4.434504	1.523603	0.895637	1.536167	1.380079	0.703311	2.187477	2.138059	1.628614	1.37583	0.817578	1.188721	1.213004	1.728378
1.46484	2.119878	4.44724	1.523603	0.895637	1.536167	1.380079	0.76371	2.187477	2.138059	1.628614	1.434154	0.817578	1.188721	1.213004	1.728378
1.46484	2.119878	4.44881	1.523603	0.943118	1.536167	1.380079	0.772787	2.187477	2.138059	1.628614	1.460975	0.817578	1.277235	1.213004	1.728378
1.46484	2.119878	4.44881	1.523603	0.975436	1.566089	1.380079	0.772787	2.231861	2.138059	1.628614	1.460975	0.817578	1.283388	1.285242	1.728378
1.46484	2.119878	4.44881	1.523603	0.975436	1.704615	1.380079	0.772787	2.334303	2.140513	1.628614	1.460975	0.817578	1.283388	1.306415	1.728378
1.46484	2.119878	4.44881	1.523603	0.97722	1.852978	1.385109	0.772787	2.339836	2.214325	1.628614	1.460975	0.827151	1.283388	1.306415	1.728378
1.46484	2.119878	4.44881	1.523603	0.982351	1.932251	1.389571	0.794749	2.339836	2.216	1.628614	1.460975	0.883153	1.283388	1.321818	1.746931
1.46484	2.119878	4.44881	1.523603	0.988666	1.932342	1.389571	0.840941	2.339836	2.216	1.628614	1.460975	0.945308	1.283464	1.347858	1.826477
1.46484	2.119878	4.44881	1.523603	0.994311	1.932342	1.389571	0.887146	2.339836	2.216	1.628614	1.460975	0.997776	1.29011	1.347858	1.856802
1.46484	2.119878	4.44881	1.523603	0.994554	1.932342	1.389571	0.933143	2.339836	2.216	1.628614	1.460975	1.003838	1.297039	1.347858	1.856802
1.46484	2.119878	4.44881	1.523603	1.043884	1.932342	1.389571	0.952065	2.339836	2.216	1.628614	1.460975	1.00386	1.301226	1.347858	1.856802
1.46484	2.149667	4.44881	1.523603	1.104994	1.932342	1.389571	0.952065	2.339836	2.216	1.628614	1.460975	1.007707	1.317558	1.347858	1.856802
1.46484	2.264022	4.44881	1.523603	1.104994	1.932342	1.389571	0.952065	2.339836	2.216	1.628614	1.460975	1.01189	1.333836	1.347858	1.879372
1.46484	2.264022	4.44881	1.544666	1.109727	1.932342	1.389571	0.952065	2.339836	2.216	1.628614	1.460975	1.011953	1.337785	1.351117	1.917801
1.46484	2.264022	4.44881	1.616528	1.138596	1.932342	1.419823	0.952065	2.339836	2.216	1.628614	1.460975	1.011953	1.337785	1.444998	1.917801
1.46484	2.264022	4.44881	1.616528	1.160999	1.932342	1.521965	0.952065	2.339836	2.216	1.628614	1.460975	1.01342	1.337785	1.445332	1.917801
1.46484	2.264022	4.44881	1.616528	1.161768	1.932342	1.587208	0.952065	2.339836	2.216	1.628614	1.460975	1.020391	1.337785	1.445332	1.942725
1.46484	2.264022	4.44881	1.616528	1.161768	1.983539	1.588075	0.952065	2.339836	2.216	1.64718	1.460975	1.022234	1.337785	1.445332	2.013072
1.46484	2.264022	4.44881	1.616528	1.161768	2.055709	1.602302	0.974944	2.339836	2.216	1.717023	1.460975	1.123386	1.341032	1.450452	2.031801
1.46484	2.264022	4.44881	1.616528	1.161768	2.055709	1.629517	1.024052	2.394627	2.216	1.717023	1.462101	1.197136	1.427347	1.550266	2.066848
1.46484	2.264022	4.44881	1.616528	1.161768	2.055709	1.640163	1.07319	2.524526	2.216	1.717023	1.568215	1.197136	1.473934	1.685663	2.084431
1.46484	2.264022	4.44881	1.624002	1.202745	2.055709	1.641528	1.117608	2.524526	2.216	1.717023	1.617258	1.197136	1.473934	1.79052	2.08492
1.46484	2.264022	4.523675	1.656787	1.27787	2.055709	1.641528	1.146779	2.524526	2.216	1.717023	1.621062	1.197136	1.473934	1.797818	2.090708
1.46484	2.264026	4.607419	1.72748	1.277979	2.055709	1.641528	1.172246	2.52822	2.216	1.717023	1.621062	1.200519	1.473934	1.889524	2.090725
1.46484	2.305506	4.612159	1.745007	1.277979	2.055709	1.641528	1.172252	2.532705	2.216	1.717023	1.621062	1.218562	1.475234	1.904173	2.091292
1.46484	2.314617	4.612159	1.748652	1.277979	2.055709	1.641528	1.239071	2.556268	2.216	1.717023	1.621062	1.219221	1.476652	1.909589	2.130441
1.46484	2.314617	4.612159	1.748652	1.277979	2.064558	1.641528	1.295991	2.573098	2.216	1.717023	1.621062	1.219221	1.476652	1.960302	2.146287
1.467062	2.314617	4.612159	1.753836	1.277979	2.150912	1.641528	1.295991	2.573098	2.216	1.717023	1.621062	1.219221	1.520298	1.974225	2.147225
1.486158	2.314617	4.612159	1.773004	1.277979	2.255339	1.641528	1.295991	2.573098	2.217852	1.717023	1.621062	1.339077	1.529885	1.974225	2.150955
1.500628	2.314617	4.612493	1.774056	1.277979	2.356717	1.655918	1.295991	2.573098	2.25809	1.717023	1.673648	1.358588	1.53167	1.974225	2.152077
1.522301	2.314617	4.661279	1.774203	1.277979	2.386744	1.688543	1.295991	2.573098	2.287392	1.717023	1.718443	1.358588	1.53236	1.974225	2.152077
1.522679	2.321974	4.666704	1.77855	1.277979	2.386744	1.721231	1.295991	2.573098	2.287415	1.717023	1.718443	1.358588	1.53236	1.974225	2.152077
1.522679	2.377526	4.666704	1.780369	1.277979	2.386744	1.75166	1.295991	2.59229	2.290704	1.747124	1.718443	1.358588	1.53236	1.974225	2.152077
1.522679	2.417399	4.666704	1.780369	1.277979	2.386744	1.760947	1.298133	2.599033	2.295712	1.824219	1.718443	1.358588	1.53236	1.974225	2.152077
1.522679	2.417928	4.666704	1.780369	1.277979	2.386744	1.76678	1.29922	2.599033	2.295862	1.833444	1.718443	1.358588	1.53236	1.974225	2.152077
1.522679	2.417928	4.666704	1.780369	1.277979	2.386744	1.76711	1.317599	2.599033	2.295862	1.85761	1.718443	1.358588	1.53236	1.974225	2.152077
1.522679	2.417928	4.666704	1.780369	1.277979	2.386744	1.76711	1.367353	2.599033	2.295862	1.858221	1.718443	1.358588	1.53236	1.974225	2.152077
1.522679	2.417928	4.666704	1.780369	1.277979	2.386744	1.76711	1.411722	2.599033	2.295862	1.858221	1.718443	1.453523	1.53236	2.054535	2.152077
1.522679	2.417928	4.666704	1.780369	1.277979	2.386744	1.772902	1.419169	2.599033	2.295862	1.858221	1.718443	1.479001	1.53236	2.174499	2.152077
1.522679	2.417928	4.666704	1.780369	1.277979	2.386744	1.899303	1.437949	2.599033	2.295862	1.858221	1.718443	1.496761	1.53236	2.242166	2.152077
1.522679	2.417928	4.666704	1.780369	1.277979	2.386744	1.925414	1.443603	2.599033	2.295862	1.858221	1.718443	1.513319	1.53236	2.345688	2.205862
1.522679	2.417928	4.666704	1.780369	1.277979	2.386744	1.940525	1.443603	2.599033	2.295862	1.858221	1.718443	1.524957	1.53236	2.464659	2.355433
1.522679	2.417928	4.666704	1.780369	1.307739	2.386744	1.940754	1.443603	2.599033	2.295862	1.858221	1.718443	1.558296	1.559831	2.489189	2.375355
1.522679	2.417928	4.666704	1.780369	1.417042	2.386744	1.940754	1.443603	2.599033	2.295862	1.858221	1.718443	1.584015	1.647289	2.489189	2.375355
1.522679	2.417928	4.666704	1.780369	1.420148	2.386744	1.940754	1.443603	2.599033	2.295862	1.858221	1.718443	1.58528	1.67476	2.489189	2.375355
1.522679	2.426893	4.670753	1.780369	1.420283	2.386744	1.940754	1.506102	2.615258	2.295862	1.863822	1.718443	1.58528	1.67476	2.489189	2.375355
1.522679	2.489276	4.725099	1.780369	1.420283	2.386744	1.940754	1.541539	2.733782	2.310153	1.928016	1.745907	1.58528	1.67476	2.583848	2.39298
1.522679	2.497453	4.788015	1.780369	1.420283	2.386744	1.940754	1.544364	2.736309	2.314874	1.953459	1.773188	1.58528	1.67476	2.591156	2.481105
1.522679	2.503446	4.79922	1.780369	1.459741	2.436976	1.940754	1.547473	2.740021	2.314874	1.953459	1.773188	1.588193	1.67476	2.60707	2.481105
1.522679	2.503446	4.810007	1.780369	1.522772	2.528242	1.940754	1.548612	2.740159	2.314874	1.953459	1.773188	1.591291	1.67476	2.635983	2.485407
1.522679	2.503446	4.857657	1.780369	1.522772	2.528242	1.940754	1.574092	2.740159	2.314874	1.953459	1.773188	1.596476	1.67476	2.635983	2.53001
1.522679	2.503446	4.864628	1.780369	1.522772	2.528242	1.940754	1.599572	2.740159	2.314874	1.953459	1.773188	1.598253	1.734879	2.635983	2.532348
1.522679	2.503446	4.864628	1.780369	1.522772	2.528242	1.940754	1.600163	2.740159	2.324342	1.953459	1.773188	1.66568	1.779012	2.635983	2.532348
1.522679	2.503446	4.864628	1.780369	1.522772	2.528242	1.989464	1.600163	2.740159	2.366052	1.953459	1.773188	1.675784	1.779012	2.635983	2.532348
1.522679	2.503446	4.864628	1.780369	1.522772	2.528242	2.074206	1.600163	2.740159	2.366052	1.953459	1.773188	1.675784	1.779012	2.635983	2.532348
1.542565	2.503446	4.864628	1.780369	1.522772	2.528242	2.074206	1.600163	2.740159	2.366052	1.953459	1.773188	1.675784	1.779012	2.635983	2.532348
1.591251	2.503446	4.864628	1.780369	1.522772	2.528242	2.074206	1.600163	2.740159	2.366052	1.953459	1.773188	1.675784	1.779012	2.635983	2.532348
1.591251	2.503446	4.864628	1.780369	1.522772	2.592614	2.074206	1.600163	2.740159	2.366052	1.953459	1.773188	1.675784	1.779012	2.635983	2.532348
1.591251	2.503446	4.864628	1.780369	1.522772	2.720931	2.074206	1.600163	2.740159	2.366052	1.953459	1.773188	1.675784	1.779012	2.635983	2.532348
1.591251	2.503446	4.864628	1.780369	1.522772	2.801922	2.074206	1.600163	2.740159	2.366052	1.953459	1.773188	1.675784	1.779012	2.635983	2.53361
1.591251	2.503446	4.864628	1.780369	1.522772	2.814199	2.088207	1.600163	2.740159	2.366052	1.953459	1.773188	1.675784	1.779012	2.635983	2.601157
1.591251	2.503446	4.864628	1.780369	1.522772	2.898246	2.098626	1.600163	2.740159	2.366052	1.953459	1.773188	1.675784	1.779012	2.635983	2.628336
1.591251	2.503446	4.864628	1.780369	1.522772	2.936379	2.098626	1.600163	2.740159	2.366052	1.953459	1.773188	1.675784	1.779012	2.635983	2.678312
1.591251	2.503446	4.864628	1.821185	1.522772	2.944287	2.098626	1.600163	2.740159	2.366052	1.953459	1.773188	1.677191	1.779012	2.635983	2.75075
1.591251	2.503446	4.864628	1.90963	1.522772	2.944287	2.098626	1.606996	2.740159	2.366052	1.953459	1.773188	1.739919	1.779012	2.635983	2.753105
1.591251	2.503446	4.864628	1.911365	1.522772	2.944287	2.098626	1.701142	2.740159	2.366052	1.953459	1.773188	1.828836	1.779012	2.635983	2.753105
1.591251	2.503446	4.864628	1.911365	1.522772	2.944287	2.098626	1.784362	2.740159	2.366052	1.953459	1.773188	1.847699	1.779012	2.635983	2.753105
1.591251	2.503446	4.864628	1.911365	1.522772	2.944287	2.098626	1.822717	2.740159	2.366052	1.953459	1.773188	1.847699	1.779012	2.635983	2.753105
1.591251	2.503446	4.864628	1.911365	1.522772	2.944287	2.107719	1.822717	2.740159	2.366993	1.969056	1.773188	1.854879	1.779012	2.676891	2.753105
1.591251	2.503446	4.864628	1.911365	1.522772	2.944287	2.162607	1.822717	2.740159	2.404676	1.983454	1.773188	1.86292	1.779012	2.718625	2.753105
1.591251	2.503446	4.864628	1.911365	1.522772	2.944287	2.223716	1.822717	2.740159	2.414698	1.983454	1.7964	1.863413	1.779012	2.720797	2.753105
1.635816	2.503446	4.864628	1.911365	1.539135	2.944287	2.25067	1.822717	2.740159	2.414698	1.983454	1.81253	1.88416	1.779012	2.807954	2.753105
1.641607	2.515543	4.864628	1.911365	1.604591	2.944287	2.25067	1.822717	2.747489	2.414698	1.983454	1.81253	1.952993	1.779012	2.817191	2.753105
1.641607	2.529002	4.864628	1.911365	1.604591	2.944287	2.25067	1.822717	2.88479	2.414698	1.983454	1.81253	1.957475	1.779012	2.817191	2.753105
1.641607	2.529002	4.864628	1.911365	1.604591	2.944287	2.25067	1.822717	2.934151	2.414698	1.983454	1.81253	1.957475	1.779012	2.817191	2.753105
1.641607	2.529002	4.886372	1.911365	1.604591	2.944287	2.25067	1.822717	2.934151	2.414698	1.983454	1.81253	1.957475	1.779012	2.822331	2.753105
1.680209	2.529002	4.938334	1.911365	1.604591	2.944287	2.25067	1.822717	2.934507	2.414698	1.983454	1.81253	1.957475	1.779012	2.840292	2.753105
1.72492	2.529002	4.938334	1.911365	1.604591	2.947654	2.25067	1.822717	2.936751	2.414698	1.983454	1.81253	1.957475	1.780024	2.840923	2.753105
1.724926	2.529002	4.938334	1.911365	1.604591	3.040739	2.25067	1.822717	2.936751	2.414698	1.983454	1.81253	1.957475	1.864403	2.840923	2.753105
1.727928	2.529002	4.938334	1.911365	1.604591	3.139771	2.25067	1.822717	2.936751	2.47602	1.983454	1.833599	1.957475	1.893359	2.840923	2.753105
1.730336	2.529002	4.938334	1.911365	1.604652	3.174949	2.25067	1.822717	2.936751	2.526873	1.983454	1.909028	1.957475	1.915889	2.840923	2.754044
1.730336	2.529002	4.938334	1.911365	1.67972	3.202435	2.25067	1.822717	2.936751	2.526873	1.983454	1.909028	1.957475	1.929991	2.840923	2.880975
1.730336	2.529002	4.938334	1.911365	1.761413	3.202435	2.303879	1.822717	2.936751	2.526873	1.983454	1.909028	1.957475	1.930196	2.840923	2.891114
1.730336	2.529002	4.938334	1.911365	1.773356	3.202435	2.504045	1.826244	2.936751	2.526873	1.983454	1.909028	1.957475	1.930196	2.840923	2.891114
1.730336	2.529002	4.938334	1.911365	1.773571	3.202435	2.504045	1.984639	2.936751	2.526873	1.983454	1.909028	1.957475	1.930196	2.841314	2.891114
1.730336	2.529002	4.938334	1.911365	1.777709	3.202435	2.504045	2.007233	2.936751	2.526873	1.983454	1.909028	1.957475	1.930196	2.928016	2.891114
1.730336	2.576687	4.938334	1.911365	1.806623	3.202435	2.504045	2.007233	2.936751	2.526873	1.983611	1.909028	1.957475	1.930196	3.058563	2.891114
1.730336	2.703182	4.938334	1.911365	1.828414	3.202435	2.504045	2.007233	2.936751	2.526873	2.048245	1.909028	1.957475	1.930196	3.075197	2.910887
1.730336	2.712361	4.938334	1.911365	1.888149	3.202435	2.504045	2.007233	2.936751	2.526873	2.161971	1.909028	1.957475	1.930196	3.159705	2.986356
1.730336	2.715809	4.938334	1.911365	1.888149	3.202435	2.504045	2.007233	2.936751	2.526873	2.195102	1.909028	1.991285	1.930196	3.201574	3.065178
1.730336	2.721722	4.938334	1.911365	1.888149	3.202435	2.504045	2.007233	2.936751	2.526873	2.205424	2.016579	2.098415	1.930196	3.203846	3.115189
1.730336	2.721722	4.938334	1.911365	1.888149	3.202435	2.504045	2.007233	2.936751	2.526873	2.206527	2.02765	2.133102	1.930196	3.207494	3.116017
1.730336	2.721722	4.938334	1.911365	1.888149	3.202435	2.504045	2.007233	2.977916	2.526873	2.206527	2.02765	2.133102	1.930196	3.265879	3.116017
1.730336	2.721722	4.938334	1.911365	1.889234	3.202435	2.504045	2.007233	3.029257	2.526873	2.206527	2.02765	2.133102	1.930196	3.2846	3.116017
1.730336	2.721722	4.938334	1.911365	1.953638	3.202435	2.504045	2.007233	3.029257	2.526873	2.206527	2.02765	2.133102	1.930196	3.285327	3.116017
1.730336	2.721722	4.938334	1.911365	1.965861	3.202435	2.504045	2.034872	3.029257	2.526873	2.206527	2.02765	2.133102	1.930196	3.30338	3.116017
1.730336	2.721722	5.009318	1.911365	1.965861	3.211764	2.504045	2.180476	3.029257	2.526873	2.206527	2.02765	2.133102	1.931003	3.307961	3.116021
1.730336	2.721722	5.142116	1.911365	1.98388	3.304497	2.504045	2.210609	3.029257	2.611413	2.206527	2.02765	2.133102	1.965198	3.307961	3.178366
1.730336	2.721722	5.142116	1.911365	1.985662	3.339446	2.622957	2.242065	3.029257	2.640097	2.206527	2.02765	2.133102	1.984316	3.307961	3.184537
1.730336	2.721722	5.142116	1.911365	1.985662	3.356249	2.715757	2.268151	3.029257	2.640097	2.206527	2.02765	2.133102	1.984316	3.307961	3.184537
1.730336	2.721722	5.142116	1.911365	1.999807	3.407885	2.715757	2.28962	3.029257	2.640097	2.206527	2.070122	2.133102	1.984316	3.307961	3.184537
1.802649	2.721722	5.142116	1.911365	2.017448	3.472323	2.715757	2.319887	3.029257	2.640097	2.206527	2.126805	2.133102	1.984316	3.307961	3.184537
1.83364	2.721722	5.142116	1.911946	2.022906	3.472444	2.715757	2.32342	3.029257	2.640097	2.206527	2.126805	2.133102	1.984316	3.307961	3.209102
1.83364	2.721722	5.142116	2.011261	2.039252	3.472444	2.715757	2.324387	3.029257	2.640097	2.206527	2.126805	2.133102	1.984316	3.307961	3.285794
1.83364	2.721722	5.142116	2.026414	2.044685	3.472444	2.715757	2.324387	3.029257	2.640097	2.206527	2.126805	2.133102	1.984316	3.351446	3.364186
1.83364	2.721722	5.142116	2.026414	2.048809	3.522944	2.715757	2.324387	3.02941	2.6804	2.206527	2.126805	2.179493	1.984316	3.456426	3.442578
1.83364	2.721722	5.142116	2.026414	2.091593	3.608318	2.715757	2.324387	3.070235	2.706349	2.206527	2.126805	2.245231	1.984316	3.488197	3.512615
1.83364	2.721722	5.142116	2.026414	2.091936	3.608318	2.715757	2.324387	3.142762	2.706349	2.206527	2.126805	2.26803	2.0131	3.488197	3.539372
1.83364	2.721722	5.142116	2.026414	2.091936	3.608318	2.71999	2.324387	3.215289	2.706349	2.206527	2.126805	2.274943	2.051921	3.488197	3.564569
1.83364	2.721722	5.142116	2.026414	2.120406	3.608318	2.743283	2.324387	3.262126	2.706349	2.213636	2.126805	2.274943	2.05701	3.488197	3.565347
1.83364	2.721722	5.142116	2.026414	2.19406	3.608318	2.763888	2.324387	3.263035	2.706349	2.309035	2.126805	2.274943	2.05701	3.488197	3.565347
1.83364	2.721722	5.142116	2.026414	2.200632	3.608318	2.770328	2.324387	3.263035	2.710617	2.368125	2.126805	2.274943	2.067124	3.488197	3.565347
1.83364	2.721722	5.199646	2.026414	2.202023	3.608318	2.780342	2.324387	3.263035	2.744449	2.368125	2.126805	2.274943	2.106051	3.488197	3.565347
1.83364	2.73022	5.289454	2.026414	2.203647	3.608318	2.803354	2.324387	3.263035	2.783931	2.368125	2.126805	2.27496	2.133672	3.488197	3.5693
1.83364	2.849219	5.407938	2.026414	2.203647	3.608318	2.821708	2.324387	3.263035	2.823413	2.368125	2.126805	2.335068	2.134472	3.488197	3.594474
1.83364	2.849617	5.551562	2.026414	2.203647	3.608318	2.823168	2.324387	3.263035	2.848238	2.368125	2.126805	2.374506	2.134472	3.488197	3.622798
1.83364	2.849617	5.667432	2.026414	2.203647	3.608318	2.823168	2.324387	3.263035	2.851297	2.368125	2.126805	2.473447	2.13475	3.488197	3.642834
1.83364	2.849617	5.677711	2.026414	2.203647	3.608318	2.823168	2.324387	3.263035	2.85286	2.368125	2.126805	2.482915	2.170804	3.488197	3.643616
1.83364	2.849617	5.677711	2.026414	2.203647	3.608318	2.823168	2.324387	3.263035	2.85286	2.368125	2.126805	2.483426	2.187401	3.512433	3.643616
1.83364	2.851276	5.677711	2.026414	2.203647	3.608318	2.823168	2.324387	3.263035	2.85286	2.368125	2.126805	2.483426	2.187401	3.566993	3.643616
1.83364	2.851874	5.706732	2.026414	2.203647	3.608318	2.823168	2.324387	3.263035	2.85286	2.368125	2.126805	2.483426	2.187401	3.571624	3.643616
1.834376	2.851874	5.81967	2.026414	2.203647	3.608318	2.823168	2.324387	3.263035	2.85286	2.368125	2.180894	2.483426	2.187401	3.578206	3.643616
1.905591	2.851874	5.86156	2.05706	2.203647	3.608318	2.823168	2.324387	3.263035	2.85286	2.368125	2.210881	2.483426	2.187401	3.646048	3.643616
1.924499	2.851874	5.86156	2.167857	2.224225	3.608318	2.823168	2.324387	3.263035	2.85286	2.368125	2.210881	2.483426	2.187401	3.683357	3.643616
1.924499	2.851874	5.86156	2.167857	2.262164	3.608318	2.823168	2.324387	3.340682	2.85286	2.368125	2.210881	2.483426	2.187401	3.683357	3.643616
1.924499	2.851874	5.86156	2.167857	2.262164	3.608318	2.823168	2.328581	3.354744	2.85286	2.436144	2.210881	2.483426	2.187401	3.683357	3.643616
1.924499	2.851874	5.86156	2.167857	2.262164	3.608318	2.823168	2.388363	3.354744	2.85286	2.486202	2.210881	2.483426	2.187401	3.683357	3.643616
1.924499	2.851874	5.86156	2.167857	2.262164	3.608318	2.823168	2.421003	3.354744	2.968686	2.545914	2.210881	2.483426	2.187401	3.683357	3.643616
1.924499	2.851874	5.86156	2.167857	2.262164	3.608318	2.823168	2.43482	3.354744	2.981555	2.545914	2.210881	2.483426	2.187401	3.683357	3.643616
1.935296	2.862706	5.86156	2.167857	2.262164	3.608318	2.823168	2.437719	3.354744	2.981555	2.545914	2.210881	2.483426	2.187401	3.683357	3.643616
1.9906	2.986682	5.86156	2.167857	2.262164	3.608318	2.905691	2.442544	3.354744	2.981555	2.545914	2.214243	2.483426	2.187401	3.683357	3.643616
1.9906	3.100096	5.86156	2.167857	2.262164	3.608318	2.949478	2.462957	3.354744	3.022757	2.545914	2.231017	2.483426	2.187401	3.683357	3.643616
1.9906	3.113324	5.86156	2.167857	2.262164	3.608318	2.949478	2.484557	3.384972	3.057155	2.545914	2.249185	2.483426	2.188044	3.683357	3.643616
1.9906	3.124482	5.86156	2.167857	2.262164	3.608318	2.949478	2.506147	3.45743	3.057155	2.545914	2.267352	2.483426	2.250389	3.683357	3.643681
1.9906	3.13153	5.86156	2.167857	2.262164	3.608318	2.949478	2.516274	3.530172	3.057155	2.545914	2.28552	2.483426	2.252886	3.683357	3.701874
1.9906	3.131642	5.86156	2.190303	2.262164	3.608318	2.949478	2.516274	3.594822	3.057155	2.561556	2.299425	2.483426	2.252886	3.683357	3.724997
1.9906	3.131642	5.86156	2.238482	2.262164	3.608318	2.949478	2.516274	3.609399	3.057155	2.637422	2.300326	2.483426	2.252886	3.683357	3.724997
1.9906	3.131642	5.86156	2.270941	2.262164	3.608318	2.949478	2.516274	3.620617	3.062384	2.719247	2.300326	2.483426	2.252886	3.683357	3.724997
1.992387	3.131642	5.86156	2.273917	2.262164	3.608416	2.949478	2.516274	3.646464	3.104863	2.779453	2.300326	2.483426	2.252886	3.683357	3.724997
2.018042	3.141746	5.86156	2.276372	2.262164	3.686611	2.950901	2.516274	3.666896	3.154644	2.804875	2.300326	2.597231	2.252886	3.683357	3.724997
2.051009	3.191216	5.86156	2.325579	2.262164	3.748053	3.06792	2.559652	3.712618	3.204426	2.825649	2.301432	2.623926	2.252886	3.683357	3.724997
2.06457	3.244646	5.876309	2.459929	2.262164	3.816598	3.073476	2.617545	3.765798	3.251188	2.913566	2.349089	2.623926	2.252886	3.683357	3.724997
2.06457	3.298075	5.998535	2.479069	2.311388	3.842905	3.073476	2.627088	3.788298	3.261798	2.946449	2.420931	2.623926	2.252886	3.683357	3.724997
2.06457	3.351505	5.99866	2.479069	2.314904	3.847337	3.073476	2.629065	3.788298	3.280466	2.963934	2.449865	2.623926	2.252886	3.683357	3.724997
2.065172	3.404934	5.99866	2.479069	2.314904	3.847489	3.073476	2.629065	3.793187	3.314584	2.983246	2.449955	2.623926	2.252886	3.683357	3.724997
2.067374	3.457828	5.99866	2.479069	2.318995	3.852895	3.073476	2.629065	3.838992	3.348701	3.002558	2.473981	2.623926	2.252886	3.683357	3.724997
2.069663	3.477509	5.99866	2.479069	2.324132	3.852945	3.073476	2.629065	3.893995	3.382761	3.021869	2.49335	2.623926	2.252886	3.683357	3.724997
2.071785	3.477509	5.99866	2.479069	2.332857	3.852945	3.073476	2.629065	3.93088	3.39952	3.041181	2.49335	2.623926	2.252886	3.683357	3.741389
2.07569	3.477509	6.10059	2.479069	2.347731	3.852945	3.073476	2.629065	3.931856	3.419111	3.058987	2.49335	2.623926	2.252886	3.702561	3.801471
2.091982	3.477509	6.18754	2.479069	2.347783	3.852945	3.073476	2.629065	3.931856	3.432549	3.062521	2.49335	2.623926	2.252886	3.744002	3.802278
2.104107	3.477509	6.233635	2.479069	2.347783	3.852945	3.073476	2.629065	3.931856	3.445028	3.062521	2.52368	2.623926	2.306589	3.744002	3.811397
2.11004	3.477509	6.293859	2.479069	2.347783	3.852945	3.073476	2.629065	3.931856	3.449582	3.062521	2.547999	2.623926	2.356493	3.744002	3.843971
2.113231	3.477509	6.354084	2.479069	2.347783	3.852945	3.073476	2.629065	3.931856	3.457283	3.062521	2.547999	2.623926	2.356493	3.744002	3.865199
2.113231	3.477509	6.414309	2.479069	2.347783	3.852945	3.073476	2.629065	3.931856	3.514339	3.062521	2.547999	2.623926	2.356493	3.744002	3.865522
2.113231	3.479382	6.449871	2.479069	2.347783	3.852945	3.073476	2.629065	3.931856	3.551538	3.062521	2.553545	2.623926	2.356493	3.744002	3.865522
2.143339	3.548007	6.453061	2.479069	2.347783	3.852945	3.073476	2.629065	4.011943	3.551628	3.062521	2.612478	2.623926	2.356493	3.744002	3.865522
2.222713	3.649931	6.503042	2.499467	2.347783	3.852945	3.145001	2.629065	4.051683	3.553316	3.08143	2.683013	2.644619	2.356493	3.744002	3.865522
2.222713	3.751855	6.718685	2.5881	2.347783	3.852945	3.183234	2.629065	4.051683	3.632678	3.163599	2.704917	2.716581	2.356493	3.744002	3.865522
2.222713	3.852277	6.830204	2.682228	2.347783	3.852945	3.183234	2.63323	4.051683	3.682116	3.25086	2.704917	2.716581	2.400047	3.744002	3.865522
2.222713	3.887244	6.830204	2.776356	2.347783	3.852945	3.183234	2.693146	4.051683	3.710073	3.338121	2.704917	2.716581	2.463155	3.744002	3.865522
2.223441	3.887244	6.831923	2.86074	2.347783	3.852945	3.183234	2.69387	4.051683	3.795614	3.418459	2.704917	2.716581	2.463155	3.744002	3.865522
2.224939	3.887244	6.866386	2.874719	2.347783	3.852945	3.183234	2.74509	4.051683	3.850397	3.442248	2.707472	2.716581	2.463155	3.744002	3.865522
2.22494	3.887244	6.86948	2.874719	2.347783	3.852945	3.183234	2.745814	4.051683	3.936801	3.452144	2.71247	2.716581	2.463155	3.744002	3.865522
2.22494	3.887244	6.86948	2.874719	2.347783	3.852945	3.183234	2.745814	4.051683	3.957626	3.458678	2.714967	2.716581	2.463155	3.744002	3.865522
2.22494	3.887244	6.86948	2.874719	2.347783	3.852945	3.183234	2.745814	4.065001	3.957626	3.470406	2.721716	2.716581	2.471158	3.78266	3.865522
2.22494	3.887244	6.86948	2.877591	2.347783	3.852945	3.196362	2.745814	4.124455	3.991503	3.555634	2.721716	2.716581	2.523902	3.841051	3.865522
2.22494	3.887244	6.86948	2.886063	2.384616	3.852945	3.305043	2.745814	4.175183	4.089577	3.570586	2.745704	2.716581	2.542814	3.841051	3.865522
2.22494	3.8927	6.86948	2.888388	2.409002	3.852945	3.323433	2.745814	4.180422	4.099208	3.570586	2.805885	2.716581	2.547569	3.841051	3.865522
2.227352	3.9751	6.86948	2.888388	2.430859	3.852945	3.333541	2.745814	4.187089	4.11597	3.570586	2.805885	2.716581	2.547755	3.841051	3.865522
2.297641	3.975832	6.86948	2.888388	2.45944	3.852945	3.3338	2.745814	4.187091	4.125929	3.570586	2.805885	2.716581	2.547755	3.841051	3.865522
2.369493	3.975832	6.880149	2.888388	2.45944	3.852945	3.3338	2.745814	4.187091	4.189313	3.570586	2.805885	2.716581	2.547755	3.841051	3.865522
2.426243	3.975832	6.977446	2.888388	2.45944	3.852945	3.3338	2.745814	4.187091	4.261411	3.570586	2.805885	2.716581	2.547755	3.841051	3.865522
2.449744	3.975832	7.079879	2.888388	2.45944	3.852945	3.3338	2.745814	4.187091	4.319577	3.570586	2.805885	2.716581	2.547755	3.841051	3.867829
2.457185	3.975832	7.095103	2.888388	2.45944	3.852945	3.339725	2.745814	4.187091	4.324737	3.570586	2.805885	2.716581	2.547755	3.841051	3.971962
2.485992	3.975832	7.095103	2.888388	2.45944	3.852945	3.340676	2.745814	4.187091	4.328279	3.570586	2.805885	2.716581	2.547755	3.841051	3.984155
2.491062	3.978395	7.095176	2.888388	2.45944	3.950194	3.340676	2.745814	4.187091	4.352094	3.570586	2.805885	2.716581	2.547755	3.841051	3.984155
2.491062	4.003401	7.217669	2.888388	2.45944	3.959422	3.340676	2.745814	4.187091	4.406674	3.583033	2.805885	2.716581	2.547755	3.841051	3.984155
2.491062	4.03359	7.363115	2.903357	2.45944	3.959422	3.340676	2.745814	4.187091	4.41446	3.73836	2.805885	2.716581	2.547755	3.841051	3.984155
2.491062	4.056273	7.365138	2.93566	2.45944	3.959422	3.340676	2.745814	4.197516	4.41446	3.775771	2.805885	2.716581	2.547755	3.841051	3.984155
2.491062	4.057586	7.365138	2.93566	2.45944	3.959422	3.340676	2.745814	4.234262	4.41446	3.775771	2.805885	2.716581	2.547755	3.841051	3.984155
2.491062	4.057586	7.365138	2.93566	2.45944	3.959422	3.340676	2.745814	4.261432	4.41446	3.780174	2.805885	2.716581	2.547755	3.841051	3.984155
2.491062	4.057586	7.365138	2.939752	2.45944	3.959422	3.340676	2.74947	4.327469	4.41446	3.826197	2.805885	2.716581	2.547755	3.841051	3.984155
2.491062	4.057586	7.365138	3.035738	2.460657	3.959422	3.340676	2.802102	4.38164	4.41446	3.868438	2.854833	2.726158	2.628891	3.841051	3.984155
2.491062	4.057586	7.365138	3.036307	2.568302	3.959422	3.340676	2.826963	4.395207	4.41446	3.868438	2.928256	2.786765	2.635946	3.841051	3.984155
2.491062	4.057586	7.365138	3.036307	2.572534	3.959422	3.340676	2.844431	4.412464	4.41446	3.868438	2.928256	2.790548	2.635946	3.841051	3.985281
2.491062	4.057586	7.365138	3.036307	2.572534	3.959422	3.340676	2.845574	4.412555	4.41446	3.868438	2.928256	2.790548	2.635946	3.841051	4.003984
2.491062	4.057586	7.365138	3.036307	2.572534	3.959422	3.340676	2.845574	4.412555	4.41446	3.868438	2.928256	2.790548	2.635946	3.841051	4.003986
2.491062	4.057586	7.407559	3.036307	2.572534	3.959422	3.340676	2.845574	4.412555	4.41446	3.868438	2.928455	2.790548	2.635946	3.841051	4.003986
2.491062	4.057586	7.456799	3.036307	2.572534	3.959422	3.340676	2.845574	4.412555	4.41446	3.868438	3.051486	2.790548	2.635946	3.878841	4.003986
2.491062	4.057586	7.491191	3.036307	2.572534	3.959422	3.340676	2.845574	4.412555	4.41446	3.868438	3.070144	2.790548	2.635946	3.898454	4.003986
2.491062	4.057586	7.547982	3.036307	2.572534	3.959422	3.340676	2.845574	4.412555	4.41446	3.868438	3.080179	2.790548	2.635946	3.898454	4.003986
2.573459	4.086232	7.606055	3.036307	2.572534	4.053564	3.340676	2.845574	4.412555	4.462089	3.868438	3.080252	2.790548	2.635946	3.898454	4.003986
2.627539	4.19025	7.634764	3.036307	2.572534	4.160436	3.340676	2.845574	4.412555	4.588713	3.868438	3.092869	2.790548	2.635946	3.898454	4.003986
2.658357	4.256909	7.638958	3.036307	2.572534	4.160436	3.340676	2.845574	4.412555	4.588713	3.868438	3.114684	2.790548	2.635946	3.898454	4.003986
2.658357	4.257753	7.638958	3.036307	2.572534	4.160436	3.355528	2.845574	4.412555	4.588713	3.868438	3.13628	2.790548	2.635946	3.898454	4.003986
2.658357	4.257753	7.638958	3.036307	2.572534	4.160436	3.504828	2.845574	4.412555	4.588713	3.868438	3.144316	2.790548	2.635946	3.898454	4.003986
2.658357	4.257753	7.638958	3.036307	2.572534	4.160436	3.50591	2.845574	4.412555	4.588713	3.894825	3.144316	2.790548	2.635946	3.898454	4.003986
2.658357	4.257753	7.638958	3.036307	2.572534	4.160436	3.50591	2.845574	4.412555	4.588713	3.933839	3.144316	2.790548	2.635946	3.898454	4.003986
2.658357	4.257753	7.638958	3.036307	2.572534	4.160436	3.50591	2.845574	4.412555	4.588713	3.999331	3.144316	2.790548	2.635946	3.898454	4.003986
2.658357	4.257753	7.638958	3.036307	2.572534	4.160436	3.50591	2.845574	4.412555	4.588713	4.002003	3.144316	2.790548	2.635946	3.898454	4.003986
2.658357	4.257753	7.638958	3.03637	2.572534	4.160436	3.50591	2.845574	4.412555	4.588713	4.002003	3.144316	2.790548	2.635946	3.898454	4.003986
2.658357	4.258175	7.638958	3.045152	2.572534	4.160436	3.50591	2.845574	4.491705	4.588713	4.002003	3.144316	2.793293	2.635946	3.898454	4.003986
2.658357	4.324862	7.638958	3.060101	2.572534	4.160436	3.50591	2.845574	4.556029	4.589891	4.002003	3.144316	2.831056	2.635946	3.898454	4.024897
2.698875	4.366968	7.650864	3.074054	2.572534	4.160436	3.50591	2.845574	4.556029	4.690382	4.002003	3.144316	2.850071	2.658479	3.943414	4.199232
2.750096	4.366968	7.660937	3.077067	2.572534	4.160436	3.50591	2.845574	4.556029	4.694741	4.002003	3.144316	2.850071	2.699047	3.951766	4.228362
2.757766	4.366968	7.660937	3.077067	2.572534	4.160436	3.50591	2.845574	4.556029	4.694741	4.002003	3.144316	2.850071	2.699222	3.951766	4.254091
2.79497	4.366968	7.660937	3.077067	2.572534	4.160436	3.50591	2.845574	4.556029	4.70672	4.002003	3.149936	2.850071	2.699222	3.951766	4.254091
2.835095	4.384719	7.660937	3.077067	2.572534	4.160436	3.50591	2.869534	4.556029	4.728353	4.002003	3.242562	2.869806	2.699222	3.951766	4.254091
2.870502	4.413944	7.660937	3.077067	2.572534	4.160436	3.50591	2.931916	4.556029	4.729588	4.002003	3.243078	2.889279	2.699222	3.951766	4.254091
2.875823	4.413986	7.660937	3.077067	2.572534	4.160436	3.50591	2.936999	4.556029	4.729588	4.002003	3.243078	2.889279	2.699222	3.951766	4.257453
2.875823	4.413986	7.684814	3.077067	2.572534	4.160436	3.50591	2.945071	4.561147	4.729588	4.002003	3.243078	2.889279	2.699222	3.951766	4.264707
2.875823	4.413986	7.829485	3.077067	2.573809	4.160436	3.50591	2.945789	4.607821	4.729588	4.002003	3.243078	2.889279	2.699222	3.963375	4.264707
2.875823	4.413986	7.829485	3.077067	2.609108	4.160436	3.553203	2.945789	4.663611	4.729588	4.002003	3.243078	2.889279	2.699222	4.027473	4.264707
2.875823	4.413986	7.829485	3.077067	2.618226	4.160436	3.647472	2.945789	4.719401	4.729588	4.002426	3.252805	2.889279	2.699222	4.027473	4.264707
2.875823	4.413986	7.829485	3.077067	2.627509	4.188051	3.696004	2.945789	4.775185	4.729588	4.04812	3.343001	2.889279	2.699222	4.027473	4.264707
2.875823	4.413986	7.829485	3.077067	2.640328	4.329089	3.700094	2.955555	4.813133	4.76052	4.06536	3.343367	2.889279	2.699222	4.027473	4.28824
2.983715	4.413986	7.829485	3.077067	2.640328	4.332349	3.700094	3.031961	4.908559	4.888123	4.066713	3.343367	2.889279	2.699222	4.027473	4.40047
3.004522	4.413986	7.830214	3.077067	2.640328	4.332349	3.700094	3.031961	4.974082	4.892686	4.067815	3.343367	2.889279	2.699222	4.027473	4.40047
3.004522	4.413986	7.844653	3.077067	2.640328	4.332349	3.700094	3.031961	4.97446	4.892686	4.067889	3.343367	2.889279	2.699222	4.027473	4.40047
3.004522	4.413986	7.852977	3.077067	2.640328	4.332349	3.700094	3.031961	4.97446	4.892686	4.067889	3.343367	2.889279	2.699222	4.027473	4.40047
3.004522	4.413986	7.920035	3.146528	2.640328	4.332349	3.700094	3.031961	4.97446	4.935418	4.087483	3.343367	2.889279	2.752598	4.027473	4.40047
3.004522	4.413986	7.986647	3.219307	2.640328	4.332349	3.700094	3.031961	4.97446	5.018985	4.143253	3.346344	2.889279	2.786248	4.027473	4.40047
3.004522	4.417491	7.986647	3.219307	2.640328	4.332349	3.700094	3.031961	4.97446	5.022327	4.143253	3.361408	2.889279	2.786248	4.027742	4.40047
3.023067	4.424326	7.986647	3.219307	2.640328	4.332349	3.700094	3.031961	4.97446	5.054061	4.143253	3.364206	2.922619	2.786248	4.082703	4.40047
3.056038	4.43461	7.986647	3.219307	2.640328	4.332349	3.700094	3.031961	4.97446	5.08572	4.143253	3.368096	3.068592	2.786248	4.10869	4.40047
3.056038	4.454065	7.986647	3.219307	2.640328	4.332349	3.700094	3.031961	4.97446	5.118831	4.143253	3.368096	3.107012	2.786248	4.10869	4.40047
3.056038	4.47347	7.986647	3.219307	2.640328	4.332349	3.700094	3.031961	4.97446	5.189813	4.143253	3.368096	3.107012	2.786248	4.10869	4.40047
3.056038	4.481853	7.986647	3.219307	2.640328	4.332349	3.700094	3.044849	4.976493	5.260121	4.143253	3.368096	3.107012	2.786248	4.10869	4.40047
3.056038	4.481853	7.986647	3.264144	2.640328	4.332349	3.700094	3.100445	4.997252	5.285155	4.143253	3.368096	3.107012	2.786248	4.10869	4.40047
3.065995	4.481853	7.986647	3.318944	2.70648	4.430821	3.700094	3.104723	5.034445	5.287195	4.143253	3.368096	3.107012	2.786248	4.10869	4.40047
3.087368	4.481853	7.986647	3.318944	2.722675	4.531954	3.700094	3.104723	5.071638	5.292371	4.143253	3.368096	3.107012	2.786248	4.10869	4.40047
3.10717	4.481853	8.001719	3.318944	2.722675	4.531954	3.709861	3.104723	5.108832	5.298848	4.143253	3.368096	3.107012	2.786248	4.10869	4.40047
3.111214	4.481853	8.059245	3.318944	2.722675	4.531954	3.826362	3.104723	5.146025	5.29917	4.149053	3.378717	3.107012	2.786248	4.10869	4.40047
3.111214	4.481853	8.119327	3.318944	2.722675	4.531954	3.830271	3.104723	5.183218	5.307016	4.184063	3.414864	3.107012	2.786248	4.10869	4.41784
3.118304	4.481853	8.164477	3.318944	2.722675	4.531954	3.830271	3.104723	5.220411	5.342044	4.223116	3.452126	3.107012	2.786248	4.10869	4.444446
3.152371	4.481853	8.167091	3.318944	2.722675	4.531954	3.830271	3.104723	5.249707	5.3667	4.253273	3.470771	3.107012	2.786248	4.10869	4.444446
3.189064	4.481853	8.167091	3.318944	2.722675	4.531954	3.830271	3.104723	5.252271	5.369955	4.268042	3.474802	3.107012	2.786248	4.10869	4.444446
3.225756	4.481853	8.167091	3.318944	2.722675	4.531954	3.830271	3.104723	5.263878	5.375766	4.314332	3.476267	3.107012	2.786248	4.10869	4.444446
3.251228	4.481853	8.167091	3.318944	2.722675	4.531954	3.830271	3.104723	5.280961	5.393358	4.333986	3.476267	3.107012	2.786248	4.183913	4.444446
3.308161	4.481853	8.167091	3.337613	2.722675	4.531954	3.830271	3.104723	5.287044	5.393358	4.333986	3.476394	3.107012	2.786248	4.189866	4.444446
3.352615	4.481853	8.167091	3.382459	2.722675	4.531954	3.830271	3.117593	5.287044	5.393358	4.333986	3.479694	3.107012	2.786248	4.189866	4.444446
3.353262	4.481853	8.167091	3.387336	2.722675	4.531954	3.830271	3.155529	5.287044	5.393358	4.333986	3.479832	3.107012	2.806236	4.189866	4.444446
3.354163	4.481853	8.167091	3.387336	2.722675	4.531954	3.830271	3.155529	5.287044	5.395864	4.333986	3.479832	3.107012	2.870705	4.189866	4.444446
3.438498	4.481853	8.167091	3.387336	2.722675	4.531954	3.830271	3.155529	5.327557	5.447462	4.333986	3.479832	3.107012	2.870705	4.189866	4.444446
3.441608	4.505997	8.167091	3.387336	2.722675	4.531954	3.830271	3.155529	5.357913	5.491949	4.333986	3.479832	3.107012	2.870705	4.189866	4.444446
3.441608	4.548389	8.170398	3.387336	2.722675	4.531954	3.830271	3.155529	5.358346	5.491949	4.333986	3.479832	3.107012	2.870705	4.189866	4.444446
3.464821	4.553276	8.229793	3.387336	2.722675	4.531954	3.830271	3.155529	5.365985	5.491949	4.333986	3.479832	3.107012	2.870705	4.189866	4.444446
3.484332	4.553812	8.307712	3.387336	2.722675	4.615684	3.830271	3.155529	5.369401	5.491949	4.333986	3.479832	3.107012	2.870705	4.189866	4.444446
3.484332	4.553812	8.333057	3.387336	2.738845	4.650161	3.883625	3.155529	5.377197	5.493266	4.333986	3.479832	3.107012	2.870705	4.209798	4.444446
3.484332	4.553812	8.333625	3.387336	2.767377	4.650161	3.955811	3.155529	5.377594	5.537146	4.333986	3.479832	3.107012	2.870705	4.243493	4.450587
3.484332	4.553812	8.335003	3.387336	2.768848	4.650161	3.955811	3.155529	5.377594	5.563879	4.333986	3.479832	3.107012	2.870705	4.243493	4.523085
3.484332	4.553812	8.335003	3.387336	2.768848	4.650161	3.955811	3.205002	5.377594	5.563879	4.333986	3.479832	3.107012	2.870705	4.243493	4.523557
3.484332	4.553812	8.335003	3.387336	2.768848	4.650161	3.955811	3.219919	5.377594	5.563879	4.333986	3.479832	3.107012	2.870705	4.243493	4.523557
3.484332	4.553812	8.335003	3.387336	2.768848	4.650161	3.955811	3.219919	5.377594	5.563879	4.333986	3.479832	3.107012	2.870705	4.243493	4.523557
3.484332	4.553812	8.335003	3.387336	2.768848	4.650161	3.955811	3.219919	5.377594	5.563879	4.333986	3.479832	3.107012	2.870705	4.243493	4.523557
3.484332	4.553812	8.335003	3.387336	2.768848	4.650161	3.955811	3.219919	5.377594	5.563879	4.333986	3.479832	3.107012	2.870705	4.243493	4.523557
3.484332	4.553812	8.335003	3.387336	2.768848	4.650161	3.955811	3.219919	5.377594	5.563879	4.333986	3.479832	3.107012	2.870705	4.243493	4.523557
3.484332	4.553812	8.335003	3.387336	2.768848	4.657316	3.955811	3.219919	5.377594	5.587425	4.333986	3.479832	3.107012	2.870705	4.243493	4.523557
3.484332	4.553812	8.335003	3.387336	2.768848	4.730132	3.955811	3.219919	5.377594	5.636329	4.333986	3.532928	3.107012	2.870705	4.243493	4.523557
3.484332	4.553812	8.335003	3.454157	2.768848	4.786153	3.955811	3.219919	5.377594	5.636329	4.333986	3.589686	3.107012	2.89106	4.243493	4.523557
3.484332	4.553812	8.335003	3.530524	2.768848	4.787042	3.955811	3.219919	5.377594	5.636329	4.333986	3.589686	3.111727	3.021486	4.243493	4.523557
3.484332	4.553812	8.335003	3.530524	2.768848	4.787042	3.955811	3.219919	5.407967	5.636329	4.333986	3.589686	3.180646	3.021486	4.243493	4.535199
3.484332	4.553812	8.335003	3.530524	2.768848	4.787042	3.955811	3.219919	5.483397	5.636329	4.333986	3.589686	3.18081	3.021486	4.243493	4.595481
3.484332	4.553812	8.335003	3.530524	2.768848	4.787042	3.955811	3.219919	5.501633	5.636329	4.333986	3.589686	3.18081	3.021486	4.243493	4.620566
3.484332	4.553812	8.335003	3.530524	2.768848	4.787042	3.955811	3.219919	5.513991	5.636329	4.333986	3.589686	3.18081	3.021486	4.243493	4.688982
3.484332	4.553812	8.353045	3.530524	2.768848	4.787042	3.955811	3.219919	5.52694	5.636329	4.333986	3.589686	3.18081	3.021486	4.243493	4.712999
3.572753	4.553812	8.484515	3.530524	2.811728	4.787042	4.009697	3.219919	5.528404	5.636329	4.333986	3.589686	3.18081	3.021486	4.388004	4.712999
3.588766	4.553812	8.484606	3.530524	2.850784	4.787042	4.143785	3.219919	5.528404	5.636329	4.398804	3.589686	3.18081	3.021486	4.408963	4.712999
3.588766	4.553812	8.484606	3.530524	2.850784	4.787042	4.143785	3.219919	5.528404	5.636329	4.464931	3.589686	3.18081	3.021486	4.408963	4.712999
3.604473	4.553812	8.484606	3.530524	2.850784	4.787042	4.143785	3.219919	5.528404	5.692682	4.464931	3.589686	3.18081	3.021486	4.408963	4.712999
3.637507	4.572296	8.484606	3.530524	2.91478	4.787042	4.143785	3.219919	5.528404	5.780825	4.464931	3.589686	3.18081	3.021486	4.408963	4.712999
3.669924	4.669082	8.484606	3.530524	2.933006	4.787042	4.143785	3.224287	5.528404	5.780825	4.464931	3.694163	3.18081	3.021486	4.408963	4.712999
3.680631	4.680807	8.484606	3.530524	2.933006	4.787042	4.143785	3.259021	5.528404	5.780825	4.464931	3.705343	3.18081	3.021486	4.408963	4.712999
3.680631	4.680807	8.484606	3.530524	2.933006	4.787042	4.143785	3.271262	5.528404	5.780825	4.464931	3.707205	3.180876	3.021486	4.408963	4.712999
3.680631	4.680807	8.484606	3.530524	2.933006	4.805284	4.143785	3.271262	5.528404	5.780825	4.464931	3.717962	3.294051	3.021486	4.408963	4.712999
3.702824	4.680807	8.484606	3.548366	2.933006	4.918907	4.143785	3.271262	5.528404	5.780825	4.464931	3.723221	3.305236	3.021486	4.408963	4.712999
3.744344	4.680807	8.484606	3.604065	2.933006	4.918907	4.143785	3.271262	5.528404	5.780825	4.464931	3.723221	3.306843	3.070038	4.408963	4.796597
3.747851	4.680807	8.484606	3.646446	2.933006	4.918907	4.143785	3.271262	5.528404	5.780825	4.464931	3.723221	3.306843	3.120236	4.408963	4.845694
3.76149	4.680807	8.484606	3.648758	2.933006	4.918907	4.143785	3.271262	5.528404	5.780825	4.464931	3.723221	3.306843	3.120236	4.408963	4.845694
3.76273	4.680807	8.484606	3.648758	2.972619	4.918907	4.194393	3.271262	5.528404	5.780825	4.464931	3.723221	3.306843	3.120236	4.408963	4.845694
3.76273	4.680807	8.484606	3.648758	3.015249	4.918907	4.305131	3.271262	5.528404	5.780825	4.464931	3.723221	3.306843	3.120236	4.408963	4.845694
3.76273	4.680807	8.484606	3.648758	3.015249	4.918907	4.307331	3.271262	5.528404	5.780825	4.464931	3.723221	3.306843	3.120236	4.408963	4.845694
3.76273	4.680807	8.484606	3.648758	3.015249	4.918907	4.307331	3.396291	5.528404	5.780825	4.464931	3.723221	3.306843	3.120236	4.408963	4.848253
3.76273	4.680807	8.617403	3.648758	3.015249	4.918907	4.307331	3.423737	5.566045	5.780825	4.464931	3.723221	3.306843	3.120236	4.408963	4.878761
3.76273	4.680807	8.664467	3.648758	3.015249	4.918907	4.307331	3.423737	5.699503	5.780825	4.464931	3.723221	3.306843	3.120236	4.408963	4.881923
3.76273	4.680807	8.664467	3.648758	3.073722	4.919615	4.307331	3.423737	5.699503	5.780825	4.464931	3.723221	3.306843	3.143008	4.408963	4.881923
3.76273	4.680807	8.664467	3.648758	3.143464	4.977912	4.307331	3.423737	5.699503	5.780825	4.464931	3.723221	3.339106	3.210714	4.408963	4.881923
3.76273	4.680807	8.664467	3.648758	3.15336	4.989712	4.307331	3.423737	5.699503	5.780825	4.474936	3.723221	3.40808	3.217031	4.408963	4.881923
3.76273	4.680807	8.664467	3.648758	3.16509	4.989712	4.307331	3.425667	5.699503	5.80424	4.518058	3.723221	3.420783	3.217031	4.408963	4.909061
3.76273	4.680807	8.664467	3.648758	3.176821	4.989712	4.307331	3.455448	5.699503	5.840105	4.518058	3.723221	3.420783	3.217031	4.408963	4.965853
3.76273	4.680807	8.664467	3.648758	3.183569	4.989712	4.307331	3.490789	5.699503	5.840105	4.519655	3.723221	3.420783	3.217031	4.431116	4.965853
3.76273	4.680807	8.664467	3.648758	3.183605	4.989712	4.307331	3.497147	5.699503	5.840105	4.521825	3.723221	3.420783	3.217031	4.460482	4.965853
3.76273	4.680807	8.664467	3.648758	3.183634	4.989712	4.307331	3.497172	5.699503	5.840105	4.526713	3.723221	3.420783	3.217031	4.460482	4.965853
3.76273	4.680807	8.664467	3.648758	3.202124	4.993724	4.556759	3.515475	5.699503	5.840105	4.530747	3.723221	3.420783	3.217031	4.460482	4.965853
3.76273	4.680807	8.667687	3.648758	3.236273	5.093282	5.091627	3.549521	5.699503	5.840105	4.530747	3.723221	3.46028	3.217432	4.460482	4.96688
3.76273	4.680807	8.698844	3.648758	3.256834	5.12391	5.092438	3.583567	5.699503	5.840105	4.531683	3.77443	3.515956	3.224396	4.460482	4.969238
3.76273	4.680807	8.703631	3.648758	3.307598	5.158942	5.092438	3.610604	5.699503	5.840105	4.589901	3.782082	3.515956	3.276675	4.516838	4.969238
3.76273	4.680807	8.703631	3.648758	3.318458	5.278509	5.092438	3.61279	5.699503	5.840105	4.595944	3.782082	3.515956	3.29522	4.531519	4.969238
3.76273	4.680807	8.703631	3.648758	3.318458	5.283264	5.092438	3.61279	5.699503	5.840105	4.595944	3.782082	3.519879	3.29522	4.531519	4.969238
3.77093	4.680807	8.703631	3.648758	3.318458	5.283264	5.092438	3.61279	5.699503	5.840105	4.595944	3.782082	3.531022	3.295549	4.531519	4.975642
3.857136	4.680807	8.703631	3.648758	3.318458	5.283264	5.092438	3.61279	5.703931	5.840105	4.595944	3.782082	3.541774	3.298897	4.531519	5.001082
3.857152	4.680807	8.703631	3.648758	3.324069	5.283264	5.092438	3.656654	5.717763	5.840105	4.595944	3.782082	3.571563	3.30091	4.531519	5.011842
3.857152	4.680807	8.703631	3.648758	3.391761	5.283264	5.092438	3.769448	5.718595	5.840105	4.595944	3.782082	3.601747	3.304337	4.531519	5.015712
3.857152	4.722425	8.703631	3.648758	3.419846	5.283264	5.092438	3.769448	5.718595	5.840105	4.595944	3.782082	3.623778	3.308199	4.554354	5.017174
3.857152	4.729012	8.703631	3.648758	3.419846	5.283264	5.09266	3.782982	5.718595	5.840105	4.595944	3.782082	3.624838	3.311638	4.614631	5.053735
3.857152	4.729012	8.703631	3.648758	3.419846	5.283264	5.097043	3.80746	5.718595	5.840105	4.595944	3.862201	3.624838	3.312228	4.654776	5.092914
3.857152	4.729012	8.703631	3.648758	3.419846	5.283264	5.097922	3.822423	5.718595	5.840105	4.595944	3.894661	3.624838	3.317266	4.768965	5.095362
3.857152	4.729012	8.703631	3.648758	3.444284	5.283264	5.097922	3.8366	5.718595	5.842353	4.595944	3.894661	3.624838	3.346451	4.780417	5.095362
3.857152	4.729012	8.703631	3.648758	3.48094	5.283264	5.097922	3.836952	5.718595	5.937613	4.595944	3.894661	3.624838	3.406488	4.792234	5.095362
3.857152	4.729012	8.703631	3.648758	3.48094	5.28585	5.097922	3.836952	5.718595	5.940027	4.595944	3.894661	3.624838	3.406734	4.80685	5.095362
3.857152	4.729012	8.703631	3.648758	3.498824	5.336258	5.100835	3.836952	5.718595	5.940027	4.595944	3.894661	3.624838	3.439398	4.807895	5.095362
3.857152	4.729012	8.703631	3.648758	3.556503	5.404636	5.114321	3.836952	5.718595	5.940027	4.595944	3.894661	3.624838	3.480135	4.811358	5.095362
3.857152	4.729012	8.703631	3.648758	3.556503	5.465622	5.123043	3.836952	5.718595	5.940027	4.595944	3.894661	3.624838	3.480135	4.818194	5.095362
3.857152	4.729012	8.703631	3.648758	3.556503	5.543162	5.125967	3.836952	5.718595	5.940027	4.595944	3.894661	3.624838	3.480135	4.820576	5.124377
3.857152	4.729012	8.759823	3.648834	3.556503	5.561718	5.132469	3.836952	5.718595	5.940027	4.595944	3.894661	3.624838	3.480135	4.872326	5.185115
3.857152	4.735307	8.835329	3.791891	3.556503	5.561718	5.138104	3.836952	5.718595	5.940027	4.595944	3.894661	3.624838	3.480135	4.913609	5.220434
3.857152	4.834208	8.835329	3.808174	3.556503	5.561718	5.138104	3.836952	5.718595	6.01264	4.595944	3.894661	3.632839	3.480135	4.913847	5.283949
3.857152	4.901788	8.835329	3.808174	3.556503	5.561718	5.150398	3.836952	5.718595	6.047602	4.595944	3.894661	3.745879	3.480135	4.913847	5.321069
3.857152	4.901818	8.835329	3.808174	3.568719	5.561718	5.295848	3.836952	5.718595	6.047602	4.595944	3.894661	3.756514	3.480135	4.913847	5.321316
3.862213	4.908536	8.835329	3.808174	3.623451	5.561718	5.298015	3.841149	5.718595	6.047602	4.595944	3.894661	3.757238	3.480135	4.913847	5.321316
3.89213	4.988753	8.835329	3.808174	3.628188	5.561718	5.298015	3.956934	5.718595	6.047602	4.595944	3.894661	3.868622	3.480135	4.913847	5.321316
3.921478	4.998868	8.835329	3.808174	3.630994	5.561718	5.298015	4.031487	5.722543	6.047602	4.595944	3.894661	3.912863	3.480135	4.913847	5.321316
3.942148	4.998868	8.835329	3.808174	3.630994	5.561718	5.298015	4.031487	5.801165	6.047602	4.595944	3.894661	3.912863	3.480135	4.913847	5.321316
3.974184	4.998868	8.835329	3.808174	3.630994	5.561718	5.298015	4.031487	5.900644	6.047602	4.620025	3.894661	3.912863	3.480135	4.913847	5.321316
3.974184	4.998868	8.835329	3.808174	3.630994	5.561718	5.298015	4.031487	5.921543	6.047602	4.644756	3.894661	3.912863	3.514688	4.913847	5.321316
3.974184	4.998868	8.835329	3.808174	3.630994	5.561718	5.298015	4.031487	5.921543	6.047602	4.644756	3.901857	3.912863	3.568385	4.919787	5.321316
3.974184	4.998868	8.835329	3.808174	3.630994	5.561718	5.298015	4.031487	5.921543	6.047602	4.644756	3.987743	3.914686	3.590776	4.999773	5.374233
3.974184	4.998868	8.835329	3.808174	3.630994	5.561718	5.298015	4.031487	5.921543	6.047602	4.644756	3.991704	3.915068	3.635112	5.010548	5.452426
3.974184	4.998868	8.835329	3.808174	3.630994	5.649588	5.298015	4.031487	5.921543	6.054428	4.644756	3.991704	3.915068	3.662222	5.010548	5.452452
3.974184	4.998868	8.835329	3.808174	3.630994	5.685479	5.298015	4.031487	5.921543	6.070677	4.644756	3.991704	3.915068	3.662532	5.010548	5.452452
3.974184	4.998868	8.835329	3.808174	3.630994	5.685479	5.298015	4.031487	5.921543	6.086985	4.644756	3.991704	3.915068	3.67522	5.010548	5.452452
3.974184	4.998868	8.835329	3.808174	3.630994	5.685479	5.298015	4.031487	5.921543	6.102735	4.644756	3.991704	3.915068	3.722473	5.010548	5.454116
3.974184	4.998868	8.835329	3.808174	3.630994	5.685479	5.298015	4.031487	5.921543	6.112989	4.644756	3.991704	3.915068	3.722473	5.010548	5.502598
3.974184	4.998868	8.835329	3.808174	3.630994	5.685479	5.298015	4.047036	5.921543	6.180583	4.644756	3.991704	3.915068	3.722473	5.025793	5.572407
3.974184	4.998868	8.835329	3.808174	3.632423	5.694019	5.298015	4.072228	5.921543	6.191151	4.644756	3.991704	3.915068	3.722473	5.111064	5.617825
3.974184	4.998868	8.835329	3.808174	3.735568	5.836833	5.298015	4.072228	5.921543	6.191151	4.644756	3.991704	3.915068	3.722473	5.111064	5.634162
3.974184	4.998868	8.835329	3.808174	3.73916	5.896793	5.298015	4.099553	5.921543	6.191151	4.644756	3.991704	3.915068	3.722473	5.124319	5.656233
3.974184	4.998868	8.835329	3.816602	3.73916	5.896793	5.298679	4.16755	5.921543	6.191151	4.676746	3.991704	3.965041	3.722473	5.246912	5.664326
3.974184	4.998868	8.835329	3.862813	3.73916	5.896793	5.309629	4.16755	5.921543	6.191151	4.736518	3.991704	4.032193	3.722473	5.32095	5.664326
3.974184	4.998868	8.835329	3.869702	3.73916	5.896793	5.388602	4.16755	5.921543	6.191151	4.751438	3.991704	4.032193	3.722473	5.416079	5.664326
3.974184	4.998868	8.835329	3.869702	3.73916	5.896793	5.474102	4.16755	5.921543	6.191151	4.751438	3.991704	4.032193	3.722473	5.511208	5.664326
3.974184	4.998868	8.908569	3.869702	3.73916	5.896793	5.49011	4.16755	5.921543	6.191151	4.751438	4.037254	4.032193	3.722473	5.582697	5.664326
3.974184	4.998868	8.961969	3.869702	3.73916	5.896793	5.49011	4.16755	5.921543	6.191151	4.751438	4.134049	4.032193	3.722473	5.586836	5.664326
3.974184	4.998868	8.961969	3.869702	3.807178	5.896793	5.49011	4.16755	5.921543	6.191151	4.751438	4.134049	4.032193	3.722473	5.586836	5.664326
3.974184	4.998868	8.961969	3.869702	3.815729	5.896793	5.511569	4.16755	5.969871	6.191151	4.751438	4.134049	4.032193	3.722473	5.586836	5.664326
3.974184	4.998868	8.961969	3.869702	3.815729	5.896793	5.574598	4.16755	6.03753	6.191151	4.751438	4.134049	4.032193	3.722473	5.586836	5.664326
3.974184	5.099281	8.961969	3.869702	3.815729	5.896793	5.621996	4.265204	6.03753	6.191151	4.751438	4.134049	4.07245	3.722473	5.586836	5.664326
3.974184	5.13739	8.961969	3.869702	3.815729	5.896793	5.624479	4.338372	6.03753	6.191151	4.751438	4.134049	4.188028	3.722473	5.586836	5.664326
4.058682	5.142622	8.961969	3.869702	3.815729	5.896793	5.624479	4.338372	6.03753	6.191151	4.751438	4.134049	4.188028	3.722473	5.586836	5.664326
4.080471	5.142622	8.961969	3.869702	3.815729	5.896793	5.624479	4.338372	6.1158	6.191151	4.751438	4.182664	4.188028	3.743586	5.586836	5.664326
4.080471	5.146919	8.961969	3.869702	3.844202	5.896793	5.624479	4.338372	6.134759	6.191151	4.751438	4.219588	4.188718	3.814267	5.586836	5.664326
4.080471	5.149133	8.961969	3.869702	3.891323	5.896793	5.624479	4.338372	6.134759	6.191151	4.751438	4.219588	4.204756	3.814267	5.586836	5.664326
4.080471	5.149133	8.961969	3.869702	3.891323	5.896793	5.624479	4.338372	6.134759	6.245739	4.751438	4.219588	4.20932	3.814267	5.586836	5.664326
4.080471	5.149133	8.961969	3.869702	3.891323	5.896793	5.624479	4.351344	6.134759	6.284198	4.751438	4.219588	4.217918	3.814267	5.586836	5.739285
4.080471	5.149133	8.961969	3.869702	3.891323	5.896793	5.624479	4.360113	6.134759	6.284198	4.751438	4.219588	4.218165	3.814267	5.586836	5.804436
4.080471	5.149133	8.961969	3.869702	3.891323	5.896793	5.624479	4.360113	6.134759	6.284198	4.751438	4.219588	4.218165	3.814267	5.586836	5.804436
4.080471	5.149133	8.997072	3.869702	3.891323	5.896793	5.624479	4.360113	6.134759	6.284198	4.751438	4.219588	4.218165	3.814793	5.586836	5.804436
4.080471	5.149133	9.11459	3.869702	3.891323	5.896793	5.624479	4.360113	6.134759	6.284198	4.751438	4.219588	4.218165	3.834973	5.586836	5.804436
4.080471	5.149133	9.11459	3.869702	3.891323	5.896793	5.624479	4.360764	6.134759	6.284198	4.751438	4.219588	4.218165	3.851287	5.673718	5.804436
4.080471	5.149133	9.11459	3.869702	3.891323	5.896793	5.624479	4.467535	6.134759	6.284198	4.751438	4.219588	4.218165	3.910566	5.728492	5.804436
4.080471	5.149133	9.11459	3.869702	3.891323	6.021839	5.624479	4.485536	6.134759	6.284198	4.751438	4.219588	4.218165	3.915741	5.728492	5.824877
4.080471	5.149133	9.11459	3.905397	3.911491	6.107545	5.624479	4.485536	6.134759	6.334046	4.751438	4.219588	4.218165	3.915741	5.728492	5.903341
4.080471	5.149133	9.11459	3.937263	4.042308	6.107545	5.624479	4.485536	6.134759	6.419532	4.751438	4.219588	4.218165	3.915741	5.728492	5.938785
4.080471	5.205325	9.11459	3.937263	4.085447	6.107545	5.624479	4.485536	6.160093	6.419532	4.751438	4.230143	4.218165	3.915741	5.728492	5.938785
4.080471	5.299148	9.11459	3.937263	4.085447	6.107545	5.624479	4.485536	6.198095	6.419532	4.751438	4.308781	4.218165	3.915741	5.728492	5.938785
4.080471	5.305984	9.11459	3.937263	4.085447	6.107545	5.624479	4.485536	6.198095	6.419532	4.751438	4.308781	4.218165	3.915741	5.728492	5.938785
4.080471	5.305984	9.11459	3.937263	4.086128	6.107545	5.624479	4.485536	6.198095	6.419532	4.751438	4.308781	4.218165	3.915741	5.728492	5.938785
4.080471	5.305984	9.11459	3.937263	4.097239	6.107545	5.624479	4.485536	6.198095	6.419532	4.816851	4.308781	4.218165	3.915741	5.728492	5.938785
4.080471	5.305984	9.11459	3.937263	4.102524	6.111488	5.626533	4.485536	6.198095	6.419532	4.830727	4.308781	4.218242	3.915741	5.728492	5.938785
4.080471	5.305984	9.11459	3.937263	4.182015	6.194247	5.627365	4.485536	6.198095	6.419532	4.830727	4.308781	4.340608	3.915741	5.728492	5.982779
4.080574	5.305984	9.11459	3.937263	4.19889	6.230038	5.627365	4.488302	6.198095	6.419532	4.830727	4.308781	4.35158	3.915741	5.728492	6.047412
4.123687	5.305984	9.11459	3.937263	4.19889	6.230038	5.627365	4.5813	6.198095	6.419532	4.830727	4.308781	4.35158	3.915741	5.728492	6.047412
4.130939	5.305984	9.11459	3.937263	4.19889	6.230038	5.627365	4.592248	6.198095	6.419532	4.830727	4.308781	4.35158	3.915741	5.728492	6.047482
4.130939	5.305984	9.11459	3.937263	4.19889	6.230038	5.627365	4.601616	6.198095	6.419532	4.830727	4.359913	4.35158	3.924434	5.728492	6.061642
4.130939	5.305984	9.178497	3.937263	4.19889	6.230038	5.627365	4.619663	6.198095	6.419532	4.830727	4.428622	4.412758	4.057441	5.764456	6.08639
4.130939	5.305984	9.233672	3.937263	4.19889	6.230038	5.627365	4.628724	6.198095	6.419532	4.830727	4.428622	4.433514	4.058068	5.859306	6.102876
4.130939	5.305984	9.233672	3.937263	4.19889	6.230044	5.627365	4.632192	6.198095	6.419532	4.830727	4.429109	4.433514	4.058068	5.898963	6.106728
4.130939	5.305984	9.233672	3.937263	4.19889	6.254476	5.627365	4.634671	6.198095	6.419532	4.830727	4.431493	4.433514	4.058068	5.925935	6.106728
4.130939	5.305984	9.233672	3.937263	4.224447	6.275602	5.627365	4.637058	6.198095	6.419532	4.830727	4.434068	4.433514	4.058068	5.9456	6.106728
4.130939	5.305984	9.233672	3.937263	4.277528	6.322635	5.627365	4.637205	6.198095	6.419532	4.830727	4.435317	4.433514	4.058068	5.952938	6.106728
4.130939	5.305984	9.233672	3.937263	4.277528	6.33245	5.628576	4.637205	6.198095	6.419532	4.830727	4.435317	4.481497	4.058163	5.982093	6.106728
4.130939	5.305984	9.261097	4.018892	4.277528	6.349783	5.645114	4.637205	6.198095	6.419532	4.830727	4.435317	4.528217	4.067833	5.993236	6.106728
4.130939	5.305984	9.428198	4.082168	4.344734	6.352897	5.661782	4.637205	6.198095	6.436996	4.830727	4.435317	4.529349	4.071462	5.997335	6.108415
4.130939	5.305984	9.478525	4.082168	4.397457	6.37699	5.678787	4.637205	6.198095	6.487133	4.830727	4.435317	4.547403	4.073256	5.997335	6.154107
4.130939	5.305984	9.520472	4.082168	4.43184	6.465152	5.697605	4.637205	6.198095	6.487133	4.830727	4.435317	4.554435	4.073256	5.997335	6.173333
4.130939	5.305984	9.61058	4.082168	4.44579	6.494246	5.70207	4.637205	6.198095	6.487133	4.830727	4.435317	4.560831	4.073256	5.997335	6.173333
4.130939	5.305984	9.649661	4.082168	4.463977	6.544027	5.70207	4.637205	6.198095	6.487133	4.865321	4.435317	4.56776	4.073256	5.997335	6.183341
4.130939	5.305984	9.649661	4.082168	4.466501	6.593809	5.70207	4.664217	6.198095	6.487133	4.976473	4.435317	4.56776	4.073256	5.997335	6.215318
4.130939	5.305984	9.649661	4.082168	4.466501	6.622626	5.70207	4.721414	6.198095	6.487133	4.98185	4.435317	4.574926	4.073256	5.997335	6.248077
4.130939	5.305984	9.649661	4.082168	4.466852	6.650297	5.70207	4.766977	6.198095	6.487133	4.98185	4.435317	4.576358	4.130119	5.997335	6.280836
4.130939	5.305984	9.649661	4.082168	4.512804	6.687932	5.70207	4.78035	6.198095	6.542272	4.98185	4.435317	4.576358	4.191446	6.050457	6.312921
4.165954	5.305984	9.649661	4.082168	4.56218	6.694366	5.70207	4.827229	6.219329	6.54932	4.98185	4.435317	4.581719	4.234655	6.184932	6.323341
4.209919	5.305984	9.649661	4.082168	4.562998	6.694366	5.70207	4.842188	6.33647	6.54932	4.98185	4.435317	4.68736	4.245785	6.207524	6.323341
4.209919	5.305984	9.649661	4.082168	4.562998	6.700704	5.71269	4.855324	6.336485	6.54932	4.98185	4.490541	4.688425	4.245785	6.247006	6.323341
4.209919	5.305984	9.649661	4.082168	4.563778	6.71622	5.786611	4.867363	6.336485	6.565367	4.98185	4.561303	4.688425	4.24601	6.282579	6.324861
4.209919	5.305984	9.649661	4.082168	4.569553	6.720349	5.868875	4.867487	6.343094	6.600522	4.98185	4.561303	4.688425	4.251514	6.28866	6.361068
4.209919	5.305984	9.649661	4.082168	4.578209	6.720349	5.899024	4.867487	6.350748	6.631343	4.98185	4.561303	4.688425	4.255542	6.28866	6.401174
4.209919	5.305984	9.649661	4.082168	4.631707	6.720349	5.923077	4.88252	6.350748	6.635771	4.98185	4.561303	4.688425	4.255544	6.28866	6.418333
4.209919	5.307302	9.649661	4.082168	4.666132	6.720349	5.95946	4.893482	6.350748	6.635771	4.98185	4.561303	4.688425	4.255544	6.297369	6.490383
4.209919	5.425267	9.649661	4.082168	4.668232	6.720349	6.011694	4.893482	6.350748	6.635771	4.98185	4.561303	4.688425	4.255544	6.309247	6.503525
4.225389	5.439737	9.649661	4.082168	4.669158	6.720349	6.011694	4.893482	6.350748	6.635771	4.98185	4.561303	4.693197	4.255544	6.309248	6.503525
4.272176	5.439737	9.686407	4.162951	4.669158	6.720349	6.011694	4.893482	6.350748	6.635771	4.98185	4.561303	4.712866	4.255544	6.309248	6.503525
4.324623	5.439737	9.774931	4.18893	4.669888	6.720349	6.011694	4.894782	6.350748	6.635771	4.98185	4.620109	4.728789	4.255544	6.309248	6.503525
