CON fEVs					GW6471 fEVs				
0.068224	0.062368	0.040137	0.056597	0.035398	0.083672	0.065065	0.069698	0.071391	0.069485
0.059778	0.059968	0.045219	0.054373	0.037192	0.083111	0.066005	0.073533	0.065957	0.07284
0.061519	0.061116	0.03999	0.049618	0.035374	0.083602	0.064544	0.069672	0.081909	0.064068
0.05582	0.056825	0.038151	0.053485	0.033854	0.081806	0.064291	0.063574	0.063361	0.064649
0.054892	0.049864	0.04149	0.055379	0.034114	0.078286	0.0606	0.066992	0.071036	0.064996
0.054393	0.053256	0.038184	0.054961	0.032902	0.074426	0.059753	0.064484	0.059263	0.05981
0.05537	0.046871	0.034549	0.06253	0.031184	0.075594	0.060909	0.066898	0.039176	0.067873
0.055268	0.047123	0.041116	0.05168	0.030454	0.067985	0.059306	0.058546	0.03884	0.059792
0.050224	0.046474	0.045254	0.056742	0.032059	0.066019	0.062755	0.060845	0.044314	0.062421
0.053447	0.050355	0.043629	0.05184	0.033486	0.077284	0.068208	0.066272	0.047662	0.060931
0.050563	0.053399	0.045923	0.040686	0.033604	0.065682	0.066362	0.062755	0.048501	0.056802
0.052635	0.049568	0.058645	0.042677	0.036666	0.068452	0.067992	0.06676	0.043817	0.055155
0.053808	0.049454	0.050929	0.035697	0.033623	0.068607	0.063866	0.05902	0.046497	0.050616
0.054043	0.042678	0.046864	0.044116	0.033309	0.066376	0.059266	0.055073	0.052463	0.043305
0.054754	0.041862	0.047631	0.039878	0.038186	0.074312	0.057007	0.056318	0.056529	0.046517
0.054364	0.047215	0.05559	0.040682	0.034169	0.067901	0.058107	0.061512	0.049901	0.049869
0.049694	0.045463	0.052567	0.036134	0.032538	0.061743	0.057171	0.063612	0.047757	0.059205
0.049807	0.044568	0.04751	0.043781	0.029854	0.062188	0.067416	0.057424	0.054795	0.048996
0.049665	0.041794	0.043863	0.045484	0.031544	0.063531	0.069131	0.063178	0.041012	0.037395
0.056148	0.043712	0.040748	0.039104	0.029486	0.061995	0.057997	0.05267	0.03522	0.043977
0.057208	0.04067	0.040032	0.052568	0.032311	0.071776	0.062082	0.05229	0.038485	0.046075
0.058849	0.044616	0.032834	0.042781	0.039343	0.069613	0.066122	0.056771	0.040846	0.04619
0.052236	0.056952	0.031182	0.039145	0.04369	0.062492	0.067095	0.06541	0.042345	0.050576
0.048625	0.059282	0.035257	0.04085	0.049556	0.063061	0.062449	0.068352	0.043315	0.051617
0.049074	0.052388	0.036881	0.040835	0.050547	0.059071	0.057641	0.064037	0.041081	0.063937
									
0.045289	0.055487	0.045242	0.037938	0.042042	0.052856	0.05408	0.061695	0.040603	0.067282
0.040319	0.052373	0.048633	0.04777	0.043784	0.051968	0.052552	0.060865	0.041024	0.059565
0.039658	0.054294	0.041725	0.047625	0.040989	0.049697	0.045145	0.052314	0.040366	0.052369
0.04108	0.049782	0.037251	0.048487	0.042621	0.044268	0.041419	0.054296	0.042474	0.045222
0.041139	0.048583	0.038236	0.045203	0.043845	0.052359	0.042119	0.05495	0.041715	0.047896
0.044453	0.054812	0.038911	0.039873	0.039826	0.06072	0.050538	0.0547	0.042656	0.0473
0.049154	0.053753	0.039255	0.040949	0.042802	0.068052	0.063923	0.05722	0.05545	0.047075
0.052475	0.054591	0.041204	0.04339	0.04585	0.071727	0.072461	0.043971	0.057047	0.060658
0.058078	0.047622	0.035037	0.042234	0.055404	0.071191	0.069403	0.053045	0.064677	0.05106
0.056093	0.046416	0.034745	0.048674	0.039603	0.064529	0.060253	0.067209	0.056663	0.052288
0.051263	0.048551	0.042759	0.051755	0.03727	0.064137	0.060554	0.086768	0.061021	0.045616
0.052535	0.044507	0.058303	0.052082	0.030573	0.062475	0.063295	0.064888	0.045973	0.045429
0.047931	0.044493	0.049354	0.048164	0.031035	0.061761	0.066165	0.062888	0.042509	0.048145
0.05416	0.052246	0.033711	0.043876	0.032965	0.063974	0.053602	0.057473	0.045201	0.050219
0.048714	0.048946	0.031564	0.05092	0.0299	0.064687	0.057341	0.058722	0.064708	0.049622
0.048318	0.044616	0.03414	0.050048	0.026746	0.061953	0.058527	0.058628	0.038002	0.053173
0.046315	0.051631	0.032663	0.045812	0.035888	0.067018	0.063082	0.060848	0.041947	0.054273
0.046898	0.051296	0.042633	0.040227	0.034818	0.068339	0.066738	0.066507	0.042024	0.051026
0.065532	0.048767	0.039261	0.034167	0.028223	0.064112	0.053179	0.055283	0.040787	0.042361
0.051492	0.044232	0.037982	0.035289	0.039132	0.058516	0.054195	0.055399	0.043861	0.040888
0.055935	0.0485	0.034607	0.039284	0.039486	0.078888	0.056131	0.05982	0.04513	0.047893
0.055684	0.051756	0.032823	0.040702	0.05312	0.073914	0.052636	0.064423	0.050473	0.062078
0.052306	0.040844	0.03897	0.040963	0.043966	0.077505	0.057439	0.062236	0.049411	0.071714
0.052294	0.040439	0.035393	0.033792	0.025127	0.08099	0.06521	0.05798	0.045957	0.062793
0.044577	0.041736	0.037604	0.039247	0.025463	0.068916	0.059045	0.059927	0.037209	0.060207
0.04696	0.047118	0.032427	0.03989	0.025674	0.071939	0.057261	0.064259	0.046019	0.056221
0.052887	0.036424	0.033324	0.043784	0.028529	0.060143	0.058897	0.059295	0.041265	0.057143
0.054327	0.035684	0.033342	0.044171	0.030246	0.065825	0.058488	0.055615	0.038083	0.046895
0.052264	0.035895	0.037214	0.040879	0.03037	0.070741	0.057986	0.069478	0.04139	0.046642
0.057921	0.042217	0.039348	0.044289	0.031896	0.073812	0.061223	0.056202	0.042387	0.044221
0.049417	0.047856	0.043857	0.038693	0.029011	0.067425	0.064052	0.054417	0.041312	0.044646
0.056761	0.041664	0.034845	0.041575	0.029573	0.065808	0.057591	0.050901	0.040048	0.046608
0.057786	0.050879	0.03708	0.04912	0.031535	0.067055	0.057803	0.04248	0.041607	0.053826
0.063204	0.053032	0.040193	0.046284	0.035384	0.068379	0.063889	0.062218	0.043665	0.058446
0.052902	0.050699	0.039903	0.042815	0.029332	0.066358	0.062302	0.063598	0.041084	0.055286
0.048738	0.043582	0.039647	0.051826	0.026507	0.055514	0.061571	0.082767	0.040111	0.041863
0.052221	0.045016	0.039294	0.046474	0.028337	0.066268	0.07145	0.062656	0.046136	0.049797
0.044413	0.043453	0.04325	0.049684	0.028006	0.061523	0.060321	0.066171	0.066571	0.053126
0.0496	0.042846	0.039445	0.050718	0.026603	0.070592	0.063312	0.054634	0.062873	0.042479
0.053688	0.040977	0.044097	0.040448	0.028489	0.070544	0.063615	0.049307	0.061121	0.062721
0.046728	0.041319	0.033554	0.034369	0.030015	0.064468	0.065296	0.049825	0.069916	0.054441
0.05001	0.036987	0.036892	0.038164	0.027818	0.059767	0.056159	0.04779	0.046812	0.049792
0.043376	0.037237	0.039744	0.043108	0.026082	0.063646	0.062843	0.055572	0.036325	0.035057
0.042517	0.040849	0.03645	0.04288	0.029597	0.063984	0.057103	0.056933	0.040871	0.032229
0.044792	0.042357	0.040156	0.048227	0.041426	0.059868	0.050706	0.048749	0.041799	0.047252
0.06168	0.044346	0.043606	0.060861	0.038005	0.060615	0.05875	0.048569	0.042157	0.050153
0.046951	0.045206	0.043437	0.048265	0.044611	0.059713	0.070041	0.044421	0.044734	0.042487
0.053634	0.048999	0.038586	0.0653	0.046908	0.061019	0.056884	0.047141	0.045644	0.051702
0.048246	0.052968	0.040711	0.047309	0.041137	0.059838	0.052679	0.046213	0.046639	0.046474
0.055953	0.052186	0.037274	0.047796	0.040471	0.056267	0.04681	0.047975	0.042512	0.063573
0.046179	0.050457	0.035985	0.046717	0.037888	0.057091	0.039542	0.049221	0.038909	0.0572
0.04352	0.050445	0.034765	0.046444	0.033032	0.052853	0.042849	0.050079	0.039957	0.056182
0.038612	0.043888	0.036275	0.040705	0.028559	0.052181	0.044832	0.046632	0.045492	0.055036
0.038034	0.04634	0.043289	0.040449	0.02848	0.046167	0.043276	0.049213	0.042898	0.078237
0.049811	0.043918	0.051965	0.042485	0.029368	0.051353	0.039409	0.047392	0.044648	0.059357
0.045903	0.038666	0.060676	0.042817	0.02944	0.056607	0.044834	0.046341	0.06193	0.060127
0.045434	0.04223	0.052819	0.040029	0.031295	0.050083	0.043537	0.047587	0.061068	0.05817
0.038884	0.045795	0.051085	0.043121	0.030983	0.051441	0.041524	0.049251	0.063437	0.054498
0.040359	0.039834	0.051801	0.043961	0.028502	0.050314	0.04618	0.05	0.063733	0.05327
0.045919	0.039685	0.047004	0.041545	0.037103	0.045889	0.044294	0.050662	0.045849	0.046375
0.048623	0.039654	0.0401	0.036048	0.032783	0.046912	0.050526	0.048599	0.058044	0.050907
0.049726	0.041061	0.040167	0.040479	0.02854	0.050345	0.041734	0.049548	0.042922	0.050805
0.055296	0.04446	0.041865	0.045185	0.032298	0.030602	0.04471	0.044	0.044445	0.049756
0.049316	0.046033	0.039371	0.045399	0.035826	0.047423	0.04559	0.049024	0.057644	0.052576
0.051755	0.043722	0.03735	0.0446	0.039403	0.045471	0.041902	0.06363	0.049816	0.050306
0.051123	0.043571	0.039238	0.045398	0.043748	0.045857	0.041339	0.062376	0.04781	0.053383
0.04338	0.037261	0.041273	0.048722	0.043278	0.051828	0.044783	0.059889	0.047866	0.062508
0.043184	0.03684	0.039379	0.048248	0.037906	0.061593	0.045972	0.053067	0.049621	0.063752
0.044522	0.037332	0.035747	0.053853	0.030692	0.058321	0.050318	0.054726	0.048952	0.057264
0.039845	0.042654	0.03733	0.051103	0.034034	0.054392	0.052847	0.056564	0.046048	0.048407
0.057178	0.042776	0.03883	0.047772	0.024202	0.053797	0.051826	0.047955	0.041806	0.046957
0.037542	0.042841	0.039347	0.054301	0.031436	0.05119	0.058067	0.04408	0.038985	0.045349
0.038124	0.042184	0.039566	0.039258	0.029321	0.044682	0.060845	0.044746	0.041391	0.050035
0.044837	0.042132	0.039493	0.039126	0.036005	0.049079	0.062267	0.046767	0.043699	0.05931
0.047649	0.046803	0.040602	0.045165	0.034541	0.049041	0.061481	0.043519	0.046194	0.052416
0.048235	0.047301	0.04044	0.043108	0.028335	0.044915	0.062698	0.045452	0.054685	0.047957
0.048569	0.047896	0.03783	0.042855	0.027719	0.057551	0.054789	0.040905	0.060158	0.053179
0.043756	0.049737	0.040678	0.047061	0.0278	0.039232	0.051214	0.042726	0.0723	0.051442
0.051549	0.048878	0.041281	0.03678	0.024114	0.035786	0.039804	0.04594	0.069526	0.049225
0.049528	0.047836	0.043462	0.04207	0.025322	0.044111	0.041041	0.046653	0.060057	0.043112
0.047854	0.0488	0.041513	0.043881	0.026856	0.044751	0.041506	0.046948	0.063869	0.049017
0.04878	0.054633	0.033713	0.043559	0.025733	0.056752	0.042153	0.050176	0.055556	0.045486
0.037626	0.042527	0.03311	0.042799	0.033825	0.036947	0.04576	0.063044	0.056613	0.051418
0.037428	0.04258	0.038452	0.050343	0.034932	0.042073	0.039231	0.062616	0.054629	0.047306
0.052975	0.042447	0.037732	0.042822	0.025653	0.04116	0.046446	0.060562	0.054445	0.048315
0.045005	0.039761	0.036062	0.036163	0.032134	0.039412	0.050203	0.058304	0.052135	0.044608
0.041048	0.037548	0.036857	0.042303	0.029107	0.046834	0.046732	0.060208	0.047177	0.048777
0.044382	0.042393	0.040445	0.043635	0.023813	0.054418	0.057837	0.059331	0.046483	0.052692
0.04883	0.043288	0.036954	0.045261	0.02978	0.054597	0.057261	0.050985	0.044791	0.05286
0.042105	0.044369	0.035125	0.047075	0.024583	0.060947	0.060507	0.044479	0.043463	0.06019
0.047601	0.044547	0.035684	0.045088	0.032379	0.064916	0.058202	0.041588	0.047818	0.054476
0.04848	0.044397	0.037804	0.04569	0.03017	0.065053	0.055475	0.039754	0.049397	0.05429
0.045531	0.044413	0.040967	0.045655	0.042315	0.055771	0.056437	0.04335	0.049678	0.055292
0.045705	0.047662	0.038176	0.042273	0.033823	0.055234	0.066179	0.04361	0.047687	0.049776
0.04854	0.058779	0.038505	0.046571	0.034633	0.055462	0.055879	0.044761	0.04797	0.049263
0.041585	0.063519	0.038821	0.043516	0.026744	0.060575	0.055334	0.047452	0.046026	0.049466
0.054558	0.054041	0.037657	0.044652	0.033079	0.056883	0.065047	0.048471	0.039485	0.047801
0.047385	0.048316	0.037984	0.045272	0.036844	0.064082	0.077144	0.043037	0.043771	0.051574
0.04039	0.04641	0.044306	0.044001	0.043208	0.062644	0.063896	0.046375	0.048572	0.058237
0.037554	0.04628	0.049044	0.043493	0.028484	0.061062	0.0657	0.047227	0.044141	0.043369
0.048257	0.047433	0.054518	0.047141	0.03267	0.058113	0.060179	0.047851	0.044866	0.055971
0.041804	0.051016	0.05778	0.043785	0.025118	0.051998	0.042865	0.047307	0.044086	0.056951
0.047807	0.047652	0.052083	0.045814	0.02498	0.05423	0.04162	0.047903	0.04286	0.041244
0.050557	0.052288	0.042325	0.04364	0.025647	0.055712	0.041061	0.050476	0.04359	0.051912
0.052676	0.041296	0.04236	0.038653	0.023931	0.061964	0.037044	0.053862	0.046407	0.056399
0.052668	0.051261	0.039279	0.039742	0.02726	0.060098	0.039465	0.060088	0.046985	0.054455
0.052548	0.050282	0.038094	0.045088	0.031404	0.067386	0.037288	0.058709	0.06282	0.055473
0.054655	0.044333	0.039032	0.046664	0.02879	0.054434	0.036319	0.062295	0.058799	0.051896
0.042992	0.045338	0.036316	0.038401	0.029476	0.051501	0.037561	0.054865	0.055508	0.052147
0.041579	0.046948	0.036623	0.034607	0.036283	0.05124	0.035682	0.056331	0.049254	0.05114
0.036519	0.05745	0.039612	0.040336	0.03253	0.043973	0.039224	0.051995	0.051393	0.050124
0.038349	0.048128	0.039685	0.043492	0.033075	0.03654	0.035283	0.048549	0.047115	0.051021
0.042593	0.043898	0.040909	0.0437	0.034994	0.039607	0.03629	0.042939	0.045856	0.049425
0.044248	0.043646	0.039007	0.042439	0.028376	0.042588	0.045546	0.0425	0.044094	0.04974
0.042279	0.037755	0.039269	0.041565	0.034348	0.04363	0.053448	0.040148	0.045006	0.043182
0.038805	0.042441	0.039994	0.049562	0.023849	0.042095	0.040073	0.039436	0.04464	0.046366
0.040847	0.037581	0.038644	0.055615	0.032032	0.04531	0.038463	0.040828	0.044884	0.047964
0.040627	0.039666	0.040538	0.061058	0.031782	0.045082	0.035774	0.044105	0.043904	0.049928
0.04284	0.036981	0.037134	0.036691	0.024153	0.045169	0.037656	0.040459	0.045956	0.046325
0.041633	0.036389	0.035728	0.042781	0.025419	0.047888	0.038306	0.040422	0.040308	0.046804
0.038015	0.034729	0.038057	0.050716	0.026222	0.04701	0.051365	0.038367	0.043153	0.055552
0.039569	0.034223	0.041585	0.045342	0.025269	0.039572	0.054686	0.038825	0.045872	0.059555
0.040982	0.037058	0.045436	0.050512	0.030015	0.045767	0.055759	0.042311	0.046299	0.070757
0.04105	0.035062	0.04419	0.0493	0.034953	0.04262	0.067275	0.04413	0.04704	0.082096
0.043043	0.036781	0.043724	0.038594	0.037981	0.044801	0.06298	0.042752	0.048124	0.08286
0.038649	0.036607	0.035104	0.041764	0.047305	0.043289	0.06889	0.04318	0.05376	0.057726
0.037636	0.037721	0.038015	0.034675	0.034057	0.043826	0.055207	0.04334	0.056282	0.057125
0.041098	0.033374	0.041304	0.052885	0.033123	0.043467	0.056435	0.042089	0.059775	0.058874
0.039808	0.034438	0.040745	0.041381	0.031326	0.044837	0.062485	0.042289	0.05781	0.057579
0.041666	0.036566	0.03941	0.041265	0.03455	0.051307	0.05165	0.043434	0.045597	0.057486
0.039561	0.037373	0.041224	0.051245	0.033994	0.059921	0.05027	0.043752	0.046136	0.054632
0.039126	0.034714	0.035982	0.057709	0.030324	0.062348	0.062105	0.05902	0.045945	0.053999
0.039391	0.035274	0.038344	0.050149	0.032325	0.062271	0.065047	0.05914	0.043076	0.049854
0.040064	0.03642	0.03723	0.050547	0.032716	0.053361	0.047043	0.055679	0.041079	0.057183
0.039575	0.037688	0.038637	0.060043	0.031484	0.060096	0.043692	0.056711	0.04141	0.05662
0.040311	0.041904	0.043759	0.048514	0.047435	0.053225	0.047296	0.04407	0.041897	0.054424
0.045808	0.041728	0.045555	0.046844	0.042281	0.049909	0.048403	0.043211	0.048074	0.052742
0.039853	0.031484	0.050005	0.0466	0.03942	0.051958	0.053516	0.043412	0.0495	0.054397
0.034005	0.033862	0.050527	0.041716	0.034499	0.044897	0.049426	0.040638	0.051334	0.056895
0.036019	0.040417	0.051858	0.042252	0.029377	0.032341	0.054519	0.04262	0.049843	0.051509
0.03907	0.033707	0.049548	0.044684	0.032084	0.043126	0.047944	0.045243	0.049284	0.048727
0.038374	0.0361	0.045721	0.042571	0.029266	0.045886	0.044688	0.040347	0.048312	0.051695
0.038536	0.035694	0.041905	0.040672	0.037044	0.044096	0.046376	0.039733	0.052616	0.054235
0.038164	0.035842	0.037608	0.044653	0.036523	0.041055	0.045271	0.040586	0.059229	0.056
0.039119	0.047795	0.036565	0.044211	0.031596	0.038387	0.040204	0.042057	0.066131	0.05024
0.038686	0.040559	0.03801	0.04291	0.029447	0.041732	0.040328	0.043756	0.056264	0.058339
0.03835	0.025531	0.040737	0.044182	0.032246	0.046102	0.038509	0.042505	0.049589	0.060731
0.04012	0.050543	0.038756	0.046274	0.036694	0.04565	0.037432	0.040053	0.046786	0.062221
0.043189	0.033475	0.045032	0.045648	0.048766	0.046669	0.038879	0.038548	0.048176	0.056715
0.04963	0.035866	0.045312	0.043617	0.051539	0.037052	0.036208	0.040631	0.04847	0.051082
0.046498	0.035775	0.042842	0.051604	0.051275	0.045466	0.037882	0.049294	0.049571	0.051829
0.045346	0.035936	0.043821	0.050486	0.047096	0.052416	0.040529	0.051002	0.052779	0.052881
0.043728	0.037888	0.04682	0.042276	0.04245	0.051277	0.039829	0.060863	0.053416	0.066189
0.038379	0.03695	0.054518	0.044741	0.037086	0.058032	0.033889	0.050024	0.056173	0.057495
0.037134	0.036011	0.056683	0.045895	0.034533	0.054491	0.048054	0.046854	0.062542	0.055406
0.040384	0.03551	0.05215	0.046337	0.039587	0.039106	0.041352	0.041623	0.066391	0.064699
0.033973	0.04029	0.047226	0.052226	0.043143	0.037438	0.039397	0.042975	0.069239	0.06746
0.035421	0.039033	0.038058	0.05064	0.047695	0.039122	0.043555	0.043523	0.068741	0.063211
0.037518	0.034668	0.03659	0.04005	0.049606	0.056522	0.039751	0.042748	0.059267	0.067178
0.038218	0.036852	0.040292	0.046099	0.044202	0.036063	0.039453	0.043275	0.070355	0.06443
0.037637	0.037952	0.04563	0.050378	0.03804	0.041159	0.035624	0.042284	0.068631	0.063148
0.037591	0.037469	0.04595	0.049171	0.039767	0.045194	0.037924	0.044366	0.067083	0.065656
0.038631	0.039788	0.041299	0.046584	0.043792	0.045912	0.039498	0.04204	0.062016	0.063337
0.037829	0.039961	0.040436	0.050653	0.041006	0.044498	0.037835	0.039727	0.061118	0.064333
0.036037	0.035521	0.043038	0.057355	0.038631	0.043134	0.035602	0.04038	0.084318	0.066769
0.036771	0.036191	0.044177	0.052671	0.042638	0.044235	0.043731	0.042883	0.075066	0.050805
0.038265	0.035577	0.052113	0.054182	0.033261	0.044113	0.051193	0.048476	0.068835	0.049173
0.039331	0.037035	0.047804	0.05466	0.038195	0.04849	0.050344	0.05223	0.069464	0.06521
0.039922	0.037796	0.0407	0.054888	0.050098	0.053258	0.05305	0.041759	0.071036	0.065906
0.040401	0.038288	0.035643	0.04975	0.050346	0.053114	0.050271	0.045454	0.057119	0.072816
0.042912	0.047906	0.037788	0.047065	0.057065	0.04125	0.04943	0.044319	0.058598	0.067047
0.042766	0.051828	0.045425	0.043892	0.058749	0.047622	0.045907	0.042818	0.071099	0.062843
0.044269	0.050409	0.052281	0.043622	0.052046	0.047814	0.037976	0.044115	0.065784	0.05898
0.043023	0.050808	0.042699	0.053135	0.058798	0.058221	0.038097	0.044335	0.058672	0.06132
0.038734	0.047006	0.044817	0.045897	0.050563	0.056556	0.039861	0.043114	0.06	0.066532
0.03688	0.041463	0.050702	0.055419	0.046701	0.049084	0.04602	0.04317	0.056773	0.065103
0.038696	0.042253	0.052869	0.051207	0.041853	0.050879	0.039101	0.044916	0.048237	0.060445
0.043357	0.043708	0.058841	0.047365	0.041521	0.048801	0.035979	0.043028	0.05593	0.066208
0.043086	0.049622	0.056721	0.05318	0.035621	0.051285	0.04892	0.043703	0.048673	0.062309
0.03743	0.042864	0.046156	0.057327	0.029534	0.042013	0.052427	0.042652	0.04474	0.061953
0.033815	0.041178	0.046087	0.054777	0.028579	0.054067	0.047656	0.047282	0.053869	0.058772
0.035579	0.042994	0.045448	0.051843	0.02921	0.044996	0.054554	0.057534	0.056011	0.047565
0.038549	0.042289	0.052197	0.051956	0.035079	0.045413	0.060952	0.063631	0.043052	0.058122
0.039916	0.045299	0.042341	0.052706	0.046039	0.043651	0.051754	0.057772	0.048726	0.060582
0.039022	0.043038	0.045626	0.046837	0.045625	0.058788	0.049061	0.055665	0.050613	0.055357
0.038742	0.040683	0.040911	0.047876	0.054259	0.041775	0.046414	0.04978	0.053861	0.057495
0.039377	0.036939	0.032967	0.043862	0.049499	0.051717	0.046787	0.048358	0.066736	0.052844
0.042029	0.039372	0.036591	0.040395	0.047197	0.037394	0.046733	0.053464	0.066922	0.052999
0.040188	0.042632	0.041182	0.050559	0.048347	0.0492	0.05112	0.050705	0.0724	0.042203
0.039116	0.041385	0.040806	0.052062	0.050462	0.037955	0.046324	0.047387	0.063729	0.05351
0.04082	0.037391	0.043438	0.058646	0.045962	0.049154	0.049745	0.045815	0.062693	0.06201
0.039119	0.04254	0.042638	0.052673	0.036828	0.048052	0.053405	0.045639	0.077401	0.059547
0.039583	0.046486	0.049631	0.049644	0.034459	0.036753	0.046163	0.044544	0.058356	0.065805
0.039458	0.037735	0.047359	0.042148	0.043225	0.047336	0.040712	0.04565	0.063316	0.064666
0.040676	0.030211	0.045341	0.037996	0.038246	0.047457	0.038936	0.049137	0.056097	0.06482
0.048835	0.038098	0.040551	0.045734	0.042328	0.051075	0.052034	0.0612	0.054014	0.061489
0.051133	0.043243	0.036477	0.04848	0.047468	0.052619	0.046046	0.056051	0.053438	0.057722
0.046628	0.040936	0.049879	0.050261	0.049793	0.065313	0.044744	0.053359	0.059757	0.069094
0.044762	0.041873	0.04488	0.049534	0.049659	0.055003	0.04515	0.053331	0.061707	0.057161
0.044575	0.041956	0.04159	0.049555	0.043821	0.052021	0.043876	0.053216	0.054484	0.064845
0.047963	0.040568	0.045933	0.04655	0.047678	0.053205	0.044796	0.048463	0.062796	0.052268
0.044137	0.041635	0.044237	0.036912	0.043941	0.048353	0.049923	0.048265	0.061893	0.055479
0.040971	0.042255	0.041827	0.046603	0.041384	0.046793	0.042206	0.048128	0.059659	0.059539
0.041712	0.040219	0.041772	0.05507	0.037885	0.046604	0.044997	0.050624	0.048274	0.06615
0.037521	0.037712	0.045616	0.040339	0.034075	0.044577	0.043742	0.051913	0.041663	0.054294
0.043174	0.038777	0.046477	0.035929	0.035816	0.046014	0.055394	0.047936	0.044241	0.049781
0.042176	0.039038	0.052368	0.042995	0.038782	0.047238	0.046877	0.04631	0.041583	0.050758
0.043619	0.04189	0.05161	0.049211	0.03752	0.045493	0.042165	0.048282	0.044723	0.042781
0.042411	0.041461	0.052471	0.050587	0.033783	0.04544	0.037431	0.051103	0.045208	0.049449
0.044555	0.038046	0.051148	0.04463	0.032491	0.046456	0.042262	0.046504	0.045656	0.056944
0.043088	0.039956	0.050798	0.044202	0.03369	0.044678	0.0424	0.046502	0.045254	0.060706
0.041577	0.041331	0.050913	0.046003	0.034499	0.047654	0.04261	0.047366	0.048247	0.059935
0.039687	0.050157	0.046068	0.042178	0.035568	0.046273	0.041721	0.048896	0.056629	0.055275
0.042273	0.05534	0.047679	0.03534	0.036998	0.046396	0.027583	0.045875	0.064744	0.066028
0.045979	0.050425	0.043785	0.041537	0.041236	0.0461	0.036163	0.044477	0.063943	0.060334
0.039644	0.044509	0.044164	0.048038	0.043116	0.048634	0.037371	0.048727	0.05714	0.056609
0.052016	0.040949	0.044108	0.047883	0.058419	0.048152	0.051771	0.048741	0.055416	0.057251
0.048178	0.040554	0.04211	0.047896	0.047122	0.056481	0.040825	0.056232	0.085885	0.048269
0.034316	0.038839	0.035029	0.053023	0.041268	0.059658	0.059478	0.053187	0.069664	0.046529
0.037844	0.039936	0.036091	0.048624	0.041775	0.049112	0.051903	0.057894	0.0703	0.052392
0.037699	0.04264	0.037673	0.048449	0.050273	0.050729	0.050397	0.06282	0.072387	0.05416
0.041706	0.040553	0.040314	0.047677	0.035947	0.052318	0.047362	0.048913	0.056515	0.060998
0.050003	0.040416	0.03877	0.034405	0.030697	0.056654	0.043463	0.052268	0.059235	0.052634
0.044612	0.041802	0.043614	0.04074	0.039533	0.063283	0.044557	0.049635	0.059053	0.056527
0.039181	0.040417	0.042868	0.045161	0.047218	0.056011	0.045654	0.044718	0.06012	0.055337
0.042881	0.039639	0.050782	0.044513	0.03615	0.056302	0.039767	0.051378	0.053904	0.048679
0.053719	0.037604	0.044107	0.045129	0.032702	0.05883	0.041859	0.053878	0.044524	0.050379
0.04157	0.042615	0.050093	0.046542	0.033855	0.046336	0.042459	0.050124	0.040232	0.051416
0.033854	0.037735	0.069798	0.043318	0.039241	0.043481	0.045454	0.045126	0.042494	0.053379
0.038299	0.043828	0.052472	0.040675	0.039123	0.058717	0.058775	0.04899	0.04564	0.053476
0.04082	0.048443	0.050483	0.041356	0.042171	0.06324	0.038668	0.047869	0.046974	0.053642
0.041686	0.044564	0.047446	0.045802	0.033145	0.050087	0.060797	0.060017	0.047584	0.051492
0.041571	0.045865	0.041075	0.056158	0.027951	0.046839	0.052796	0.050819	0.042489	0.046242
0.053822	0.042993	0.045844	0.046769	0.037439	0.046774	0.041352	0.046461	0.044933	0.055412
0.048616	0.04224	0.045482	0.051476	0.040517	0.040872	0.043862	0.039625	0.054668	0.059613
0.039321	0.041646	0.044427	0.03712	0.041373	0.037253	0.040108	0.047023	0.053732	0.058376
0.048368	0.041066	0.043522	0.04379	0.046949	0.042711	0.051212	0.061288	0.05035	0.059935
0.041817	0.037871	0.03434	0.047527	0.050725	0.045704	0.043687	0.063865	0.047836	0.054449
0.029759	0.057637	0.036697	0.043986	0.041943	0.046784	0.037501	0.059285	0.054878	0.06425
0.046999	0.056072	0.041655	0.047123	0.041766	0.059029	0.057133	0.070296	0.061077	0.065281
0.068448	0.05481	0.042543	0.044731	0.034606	0.065985	0.065348	0.081707	0.053929	0.058949
0.041412	0.042124	0.041496	0.05579	0.039124	0.059047	0.049248	0.061717	0.04529	0.053341
0.03563	0.04019	0.044607	0.045118	0.035997	0.055983	0.040206	0.050833	0.054556	0.049414
0.040497	0.041318	0.044417	0.041311	0.031298	0.054606	0.040983	0.047489	0.059827	0.055759
0.045367	0.04553	0.045544	0.033961	0.032929	0.047282	0.041325	0.049279	0.045173	0.059869
0.047583	0.041048	0.050558	0.046557	0.039891	0.047901	0.041621	0.049578	0.038876	0.058234
0.050369	0.042821	0.058779	0.049855	0.048453	0.047907	0.055638	0.049462	0.042887	0.051799
0.051954	0.041	0.055337	0.048989	0.054253	0.058017	0.043131	0.048386	0.047852	0.052435
0.051576	0.040958	0.055363	0.048663	0.04777	0.057395	0.040855	0.050044	0.046759	0.049153
0.044889	0.04478	0.053033	0.043134	0.050191	0.053532	0.046601	0.052578	0.053281	0.057068
0.056115	0.045508	0.054892	0.050667	0.056166	0.049737	0.040446	0.051281	0.052236	0.060695
0.053904	0.048478	0.050856	0.058512	0.050944	0.051569	0.042865	0.057034	0.063461	0.063043
0.043871	0.058089	0.044632	0.047797	0.044441	0.05169	0.042316	0.044153	0.052202	0.066895
0.040662	0.053454	0.046303	0.046499	0.052842	0.041188	0.04693	0.047613	0.060262	0.068939
0.039491	0.042822	0.046986	0.05108	0.040835	0.049936	0.041166	0.053677	0.062044	0.068529
0.031063	0.046043	0.047432	0.050515	0.038583	0.054825	0.048863	0.050928	0.067833	0.072184
0.038167	0.0461	0.042453	0.048718	0.032854	0.064945	0.050815	0.050217	0.068704	0.069556
0.043133	0.046971	0.039559	0.060993	0.036157	0.060928	0.047477	0.055711	0.057788	0.063076
0.048762	0.045066	0.037748	0.058146	0.034463	0.072157	0.04407	0.05645	0.066378	0.058137
0.041128	0.04334	0.034041	0.059423	0.035747	0.065354	0.044076	0.059813	0.06951	0.063576
0.038857	0.041896	0.036322	0.051842	0.031251	0.056326	0.046879	0.078969	0.065268	0.060542
0.036056	0.039648	0.040561	0.053588	0.032977	0.058928	0.057609	0.053637	0.059656	0.055651
0.048433	0.042847	0.035411	0.052806	0.0349	0.061919	0.06308	0.046797	0.046961	0.061883
0.050926	0.041627	0.035201	0.0499	0.039566	0.06073	0.065829	0.054519	0.059486	0.059505
0.055638	0.042128	0.036505	0.054066	0.050767	0.057502	0.062611	0.056024	0.062686	0.066645
0.058882	0.04433	0.039782	0.048611	0.028251	0.052049	0.057439	0.049433	0.061179	0.061171
0.051812	0.041326	0.041831	0.040749	0.039187	0.05196	0.050378	0.052072	0.057366	0.056868
0.046341	0.040641	0.037965	0.048581	0.03696	0.057152	0.05156	0.055443	0.058898	0.055315
0.042627	0.044297	0.039872	0.037074	0.038987	0.056562	0.052994	0.05442	0.058127	0.053408
0.040931	0.047101	0.036139	0.027452	0.034183	0.050861	0.044739	0.045661	0.056518	0.043558
0.0478	0.042994	0.039242	0.036626	0.030717	0.053349	0.041622	0.050636	0.041524	0.044493
0.052149	0.04572	0.040736	0.036579	0.031418	0.056208	0.044193	0.051512	0.041372	0.049694
0.053003	0.047285	0.041036	0.041314	0.034715	0.054628	0.04316	0.05486	0.040118	0.049025
0.045124	0.047574	0.044573	0.039443	0.038533	0.050193	0.043018	0.063211	0.046096	0.048675
0.047551	0.042866	0.04177	0.038173	0.040369	0.051789	0.044911	0.065211	0.04365	0.049592
0.043205	0.042897	0.041278	0.037371	0.04411	0.060773	0.043776	0.062898	0.039556	0.055077
0.045273	0.041145	0.035863	0.039237	0.050295	0.047531	0.052995	0.065595	0.041308	0.046598
0.04783	0.043778	0.03649	0.042544	0.052417	0.053738	0.057903	0.053221	0.055738	0.039696
0.043976	0.039465	0.036937	0.041014	0.044918	0.047135	0.050815	0.048381	0.052287	0.042927
0.045109	0.041034	0.035061	0.044958	0.041493	0.050326	0.05423	0.054898	0.055337	0.047234
0.043957	0.044093	0.035696	0.039011	0.045153	0.052331	0.055031	0.052609	0.046965	0.046229
0.043864	0.047932	0.035614	0.042652	0.051039	0.056387	0.048182	0.06019	0.041325	0.049191
0.046705	0.048786	0.036757	0.04746	0.053382	0.066308	0.045533	0.050054	0.051813	0.051885
0.045722	0.05023	0.040942	0.044837	0.053177	0.075041	0.045558	0.053581	0.048618	0.057829
0.049829	0.058891	0.037484	0.045498	0.045264	0.071294	0.055251	0.06346	0.049209	0.056444
0.052215	0.06286	0.037799	0.034457	0.043969	0.066239	0.062708	0.068708	0.04381	0.054376
0.045733	0.05659	0.0416	0.034412	0.035894	0.066115	0.065412	0.067613	0.043034	0.051931
0.045764	0.052458	0.044047	0.039153	0.032736	0.069231	0.071758	0.065987	0.047488	0.046269
0.044854	0.057842	0.054548	0.039907	0.035278	0.071346	0.073143	0.06773	0.059891	0.038098
0.049155	0.055215	0.052684	0.044318	0.036209	0.070758	0.068613	0.063909	0.044699	0.042298
0.0491	0.054042	0.053932	0.041922	0.042588	0.067553	0.066963	0.062657	0.035981	0.048033
0.054082	0.051762	0.048026	0.042515	0.046449	0.071083	0.060527	0.064617	0.04749	0.048823
0.046081	0.047808	0.044964	0.040112	0.035615	0.062164	0.064447	0.07224	0.056939	0.046308
0.051309	0.054179	0.040354	0.041666	0.035526	0.066567	0.070317	0.075438	0.051163	0.046273
0.047487	0.053142	0.043525	0.044968	0.033441	0.071917	0.071382	0.070129	0.036538	0.050183
0.052326	0.049221	0.040967	0.044534	0.033108	0.073059	0.078321	0.073653	0.045447	0.048218
0.050908	0.047012	0.039662	0.045577	0.034761	0.068643	0.069757	0.069032	0.03991	0.054506
0.050346	0.04419	0.03543	0.053727	0.035407	0.069762	0.070994	0.061963	0.044587	0.065218
0.054591	0.048176	0.037397	0.044935	0.038767	0.073186	0.078957	0.063889	0.047979	0.058062
0.046353	0.047264	0.039708	0.036826	0.037783	0.059039	0.069661	0.058181	0.058804	0.058642
0.049771	0.047578	0.035267	0.041027	0.039924	0.061678	0.070052	0.065106	0.039084	0.060809
0.060759	0.051425	0.035919	0.042733	0.036892	0.066675	0.065461	0.053661	0.038663	0.060684
0.056417	0.056077	0.040607	0.044911	0.030328	0.058928	0.065732	0.054373	0.041366	0.055207
0.060567	0.051164	0.04402	0.043453	0.033468	0.054928	0.07116	0.057497	0.044681	0.050259
0.066524	0.041519	0.040445	0.043401	0.040528	0.062256	0.068899	0.066089	0.053303	0.039738
0.057897	0.054569	0.040646	0.0492	0.032531	0.056389	0.065909	0.057593	0.064808	0.040624
0.055688	0.059041	0.036289	0.038502	0.027407	0.06236	0.0669	0.069137	0.069743	0.048831
0.058576	0.06068	0.037068	0.037624	0.035468	0.061295	0.080178	0.064857	0.054502	0.047343
0.047969	0.062363	0.039244	0.039855	0.036339	0.051897	0.064157	0.063905	0.042093	0.050476
0.049076	0.054382	0.036942	0.041095	0.039897	0.070922	0.059609	0.06598	0.039383	0.045116
0.044006	0.05408	0.037761	0.037697	0.039032	0.06533	0.059564	0.070167	0.039223	0.051041
0.045747	0.056318	0.037701	0.039457	0.042958	0.064704	0.061925	0.061774	0.040422	0.050068
0.05208	0.045471	0.035082	0.042431	0.034263	0.042892	0.062489	0.063396	0.043753	0.049366
0.04791	0.04471	0.035269	0.042401	0.028889	0.047697	0.066322	0.065804	0.03836	0.047238
0.04814	0.052117	0.03489	0.0457	0.027749	0.059429	0.059554	0.056347	0.037673	0.045902
0.051065	0.053301	0.038547	0.054172	0.031178	0.064436	0.060288	0.057044	0.041493	0.04864
0.050946	0.049473	0.035487	0.060176	0.032714	0.054486	0.058223	0.046134	0.041056	0.05032
0.052051	0.045543	0.043519	0.05392	0.037506	0.05712	0.065015	0.047907	0.0426	0.051985
0.05309	0.045622	0.040124	0.049267	0.042282	0.053719	0.056806	0.05341	0.049189	0.048875
0.046932	0.044096	0.03607	0.053905	0.034872	0.049228	0.057653	0.051322	0.056626	0.049252
0.046135	0.040373	0.037458	0.046828	0.034463	0.050154	0.064909	0.050006	0.043273	0.045265
0.056113	0.039838	0.03558	0.054213	0.030749	0.051387	0.061662	0.052517	0.033167	0.050965
0.05399	0.040853	0.039415	0.050943	0.030087	0.052998	0.061694	0.052555	0.041511	0.06176
0.053021	0.040341	0.042065	0.047359	0.034317	0.054428	0.059638	0.053789	0.044272	0.049596
0.044023	0.038265	0.04414	0.048123	0.034154	0.051862	0.060026	0.057012	0.040469	0.048828
0.051556	0.04296	0.034986	0.044892	0.026979	0.055791	0.05748	0.058965	0.040115	0.05259
0.055682	0.047621	0.035214	0.046046	0.027165	0.052736	0.053721	0.065443	0.041772	0.056412
0.05673	0.043221	0.046286	0.048707	0.034468	0.057004	0.056213	0.058104	0.040759	0.053721
0.045052	0.048474	0.039932	0.053452	0.035095	0.061627	0.048885	0.059794	0.050201	0.053538
0.046702	0.053434	0.040498	0.050632	0.032987	0.063897	0.052514	0.063	0.058898	0.050896
0.042901	0.045683	0.040854	0.046612	0.043369	0.065492	0.05488	0.063561	0.075535	0.050712
0.038812	0.044236	0.043773	0.044549	0.045315	0.061827	0.049908	0.056878	0.065788	0.048862
0.041524	0.041509	0.043506	0.056754	0.044096	0.062821	0.050613	0.044688	0.065984	0.054776
0.049848	0.044433	0.036413	0.048436	0.04003	0.060238	0.043951	0.049258	0.051867	0.057582
0.052249	0.040533	0.036849	0.042684	0.040195	0.062769	0.053905	0.043119	0.066289	0.057416
0.052865	0.039901	0.04791	0.045515	0.036194	0.055562	0.047416	0.042505	0.050231	0.057185
0.048077	0.041741	0.045759	0.04496	0.037076	0.057612	0.041543	0.047708	0.037722	0.052589
0.046479	0.041109	0.037843	0.048051	0.027645	0.054964	0.038702	0.046907	0.046993	0.051218
0.046106	0.045228	0.035381	0.041926	0.024439	0.048749	0.036108	0.048626	0.060141	0.051706
0.049885	0.047666	0.045183	0.038696	0.028637	0.044507	0.040696	0.046492	0.057998	0.047752
0.052178	0.043072	0.047873	0.04262	0.027205	0.043608	0.04124	0.050867	0.05187	0.046372
0.053383	0.039749	0.049056	0.039525	0.036977	0.047306	0.051858	0.057683	0.04538	0.04779
0.051095	0.043265	0.038456	0.039293	0.028311	0.049544	0.045097	0.060376	0.02751	0.048608
0.043139	0.041735	0.03565	0.048698	0.034369	0.050748	0.046783	0.045332	0.040549	0.049707
0.043482	0.043591	0.039646	0.053692	0.041381	0.046745	0.045832	0.055419	0.04522	0.048397
0.03978	0.04275	0.040019	0.044151	0.024306	0.045449	0.044219	0.051432	0.039146	0.043695
0.041573	0.038245	0.044147	0.037992	0.028795	0.044443	0.044752	0.052427	0.047664	0.045452
0.048896	0.041091	0.040267	0.039253	0.035959	0.049484	0.042069	0.056066	0.050983	0.048535
0.049974	0.044779	0.042541	0.045599	0.02891	0.04547	0.0432	0.051817	0.053732	0.040257
0.05138	0.046285	0.040291	0.044668	0.026794	0.041808	0.041939	0.045414	0.065417	0.048408
0.047527	0.048983	0.037635	0.043658	0.028669	0.050051	0.041638	0.047125	0.063875	0.062024
0.045197	0.049544	0.039997	0.040973	0.029698	0.052205	0.041361	0.062503	0.062325	0.064067
0.047679	0.052137	0.046372	0.043041	0.031017	0.050008	0.051726	0.063457	0.057099	0.067198
0.043553	0.051099	0.030165	0.0422	0.033462	0.052551	0.058256	0.048006	0.054356	0.062247
0.038924	0.04591	0.035801	0.042917	0.028905	0.051874	0.054746	0.044218	0.057271	0.060597
0.037868	0.045509	0.040472	0.040929	0.033939	0.050435	0.05675	0.055888	0.047324	0.056236
0.045778	0.047622	0.033865	0.040813	0.043324	0.050459	0.061628	0.05177	0.050828	0.04926
0.051369	0.047896	0.039969	0.051148	0.035706	0.049887	0.056605	0.052911	0.059602	0.056462
0.046109	0.046731	0.040645	0.044337	0.038205	0.055834	0.065112	0.049333	0.050275	0.049476
0.046863	0.041316	0.032105	0.051755	0.041234	0.060674	0.052715	0.049445	0.047999	0.053894
0.044947	0.043159	0.040641	0.04089	0.041129	0.063736	0.049161	0.050998	0.0402	0.043336
0.041428	0.043702	0.046228	0.05212	0.033891	0.060333	0.046482	0.051458	0.035096	0.046302
0.038816	0.047756	0.04267	0.060006	0.034769	0.058362	0.046712	0.051847	0.039521	0.047104
0.049463	0.044176	0.041898	0.0618	0.033042	0.066372	0.042288	0.059148	0.044233	0.049194
0.052138	0.038206	0.053861	0.044667	0.027567	0.060628	0.046231	0.056916	0.0414	0.053747
0.052021	0.039508	0.039841	0.04645	0.027679	0.063088	0.07012	0.061418	0.040864	0.059758
0.048983	0.045434	0.033533	0.042942	0.02694	0.062474	0.05179	0.061819	0.041976	0.060291
0.049582	0.038692	0.031778	0.051072	0.027212	0.056389	0.048244	0.055167	0.046107	0.068678
0.049404	0.036826	0.031694	0.053211	0.029021	0.05423	0.05464	0.066609	0.063148	0.059052
0.043414	0.050783	0.032547	0.063104	0.028645	0.052689	0.043553	0.051967	0.053113	0.054709
0.044462	0.051685	0.032685	0.044639	0.025216	0.055735	0.047287	0.067108	0.045046	0.053176
0.04052	0.055877	0.029287	0.045869	0.022954	0.0411	0.054985	0.047669	0.044122	0.055024
0.038979	0.055507	0.033781	0.046512	0.022983	0.042191	0.054904	0.056343	0.060251	0.055041
0.04747	0.044695	0.033647	0.051709	0.024449	0.050903	0.062169	0.042413	0.065738	0.048762
0.04855	0.047473	0.03527	0.048796	0.025071	0.050811	0.065199	0.041657	0.054864	0.049979
0.046354	0.053391	0.034326	0.049129	0.031572	0.050659	0.062709	0.063071	0.045356	0.051837
0.046915	0.046192	0.037733	0.053463	0.041179	0.062319	0.067767	0.042167	0.038795	0.054481
0.038514	0.043161	0.038943	0.049412	0.044706	0.067613	0.059606	0.047066	0.040905	0.049771
0.042833	0.043644	0.040448	0.048694	0.040983	0.062876	0.058132	0.051966	0.041274	0.050458
0.050762	0.045769	0.040365	0.048864	0.039765	0.068113	0.060759	0.062144	0.045311	0.051281
0.05107	0.045232	0.037748	0.035835	0.02816	0.067282	0.067803	0.065496	0.057375	0.047676
0.050879	0.040393	0.041013	0.046473	0.027944	0.069463	0.065473	0.061734	0.053702	0.049989
0.051775	0.037386	0.039302	0.044395	0.030103	0.071872	0.059773	0.067005	0.056545	0.05734
0.045975	0.038305	0.036839	0.049566	0.031921	0.063793	0.055369	0.060589	0.054505	0.058856
0.048263	0.041403	0.035451	0.052678	0.055156	0.064265	0.056622	0.063229	0.056653	0.059249
0.053783	0.041102	0.03538	0.048256	0.049445	0.067288	0.054137	0.057963	0.052803	0.058874
0.05057	0.041728	0.03561	0.045673	0.025244	0.055123	0.05737	0.06122	0.053086	0.062871
0.041743	0.043499	0.039116	0.044501	0.025298	0.061339	0.051002	0.05305	0.055361	0.06049
0.037071	0.051768	0.039386	0.048079	0.026367	0.063604	0.065849	0.057674	0.039066	0.063651
0.037217	0.057816	0.035436	0.044862	0.037309	0.056425	0.05689	0.050149	0.037734	0.052089
0.044588	0.049483	0.036288	0.043651	0.035014	0.054739	0.052285	0.064984	0.065105	0.058662
0.045385	0.045838	0.036157	0.048129	0.031648	0.06208	0.051819	0.042931	0.058225	0.048014
0.046443	0.04302	0.038688	0.043164	0.033335	0.052513	0.0529	0.050151	0.052935	0.050116
0.047403	0.045184	0.039957	0.044869	0.033176	0.054924	0.04943	0.043718	0.052207	0.0501
0.048555	0.046218	0.039154	0.04518	0.031988	0.048379	0.053969	0.044138	0.054982	0.045552
0.055727	0.041253	0.041752	0.041542	0.031612	0.059517	0.050604	0.045267	0.038878	0.046622
0.051731	0.041559	0.055057	0.043	0.032199	0.053687	0.049378	0.041216	0.038777	0.052137
0.046818	0.037849	0.04396	0.046534	0.036331	0.058053	0.047502	0.041826	0.039201	0.054825
0.043671	0.038836	0.035498	0.044027	0.037956	0.050921	0.050849	0.044158	0.045247	0.051847
0.042786	0.040814	0.040714	0.045373	0.035641	0.054888	0.050366	0.045005	0.041768	0.056157
0.045212	0.042344	0.039142	0.04291	0.041926	0.050559	0.044661	0.046756	0.046255	0.052803
0.04166	0.039589	0.042034	0.041616	0.043728	0.051038	0.047414	0.047941	0.046021	0.041164
0.037421	0.041095	0.041896	0.041515	0.04025	0.049743	0.047355	0.046753	0.045462	0.044499
0.040309	0.044362	0.038923	0.043364	0.030997	0.039935	0.050804	0.04506	0.056587	0.042475
0.04474	0.042825	0.044129	0.042867	0.029864	0.039686	0.050902	0.046275	0.056101	0.042669
0.045952	0.039516	0.046771	0.040258	0.032321	0.045681	0.047561	0.055404	0.049554	0.042897
0.042754	0.038182	0.056805	0.043981	0.034407	0.046299	0.046536	0.045179	0.043095	0.043637
0.042109	0.040751	0.056649	0.046504	0.035072	0.049176	0.048855	0.043949	0.046446	0.050606
0.042587	0.040545	0.058323	0.05326	0.030803	0.03649	0.04774	0.042871	0.049721	0.055808
0.042896	0.042285	0.045192	0.041181	0.031274	0.044773	0.045722	0.049254	0.048499	0.056098
0.04488	0.036305	0.041688	0.049857	0.03224	0.054191	0.042055	0.044665	0.055039	0.057304
0.041915	0.04057	0.042421	0.047625	0.040798	0.055135	0.042667	0.048246	0.057306	0.062759
0.042451	0.042785	0.042746	0.035176	0.036879	0.057262	0.041708	0.046716	0.053287	0.058446
0.04462	0.039604	0.039053	0.031044	0.035282	0.059963	0.042138	0.04387	0.0424	0.054249
0.039186	0.038846	0.038581	0.039619	0.037601	0.064441	0.042514	0.046082	0.045119	0.054469
0.036107	0.039115	0.039519	0.040537	0.033153	0.061417	0.040202	0.044628	0.046059	0.048533
0.037576	0.038744	0.040565	0.041357	0.03352	0.052811	0.040278	0.050277	0.042375	0.050736
0.034554	0.037078	0.040398	0.036605	0.03416	0.052571	0.039742	0.053902	0.042414	0.052787
0.036919	0.036893	0.038612	0.053055	0.033873	0.047766	0.043537	0.051621	0.04369	0.045897
0.036648	0.037917	0.036261	0.042827	0.037943	0.056162	0.047907	0.044728	0.047842	0.045012
0.039602	0.035078	0.040331	0.046346	0.040084	0.046002	0.043516	0.044472	0.043753	0.048022
0.038814	0.042101	0.04148	0.045135	0.046858	0.043696	0.044043	0.046535	0.05896	0.050675
0.042319	0.042674	0.041937	0.033322	0.051578	0.048842	0.041472	0.047329	0.048916	0.048738
0.044557	0.046028	0.045722	0.042723	0.046385	0.042326	0.041833	0.046021	0.050322	0.048825
0.045566	0.047215	0.046832	0.040579	0.041089	0.053643	0.044023	0.045038	0.058616	0.052666
0.042774	0.048645	0.038397	0.037764	0.036046	0.055953	0.043972	0.043955	0.049999	0.054351
0.035853	0.04719	0.043092	0.042121	0.037497	0.045705	0.045264	0.043392	0.045167	0.053249
0.039166	0.04528	0.047549	0.047538	0.038701	0.041569	0.042313	0.04393	0.045524	0.052108
0.039296	0.043497	0.041502	0.049274	0.037773	0.043819	0.041825	0.045677	0.044967	0.054591
0.036886	0.040849	0.044031	0.04882	0.038519	0.043185	0.043138	0.043772	0.054905	0.061442
0.040443	0.041291	0.041694	0.049076	0.037502	0.046043	0.044735	0.046145	0.056274	0.063032
0.040326	0.040532	0.037642	0.04792	0.03823	0.046189	0.041261	0.049045	0.061319	0.06561
0.044685	0.041859	0.048254	0.047962	0.04035	0.058772	0.056524	0.05052	0.039517	0.057394
0.040682	0.039762	0.044047	0.049838	0.046282	0.05568	0.058273	0.048198	0.040214	0.058994
0.038202	0.040686	0.048021	0.047156	0.039895	0.046334	0.048567	0.045703	0.05452	0.058753
0.038394	0.039611	0.05227	0.044122	0.030905	0.047464	0.048165	0.044989	0.065048	0.048206
0.041174	0.039715	0.037841	0.053137	0.036782	0.049429	0.04901	0.050626	0.064464	0.051278
0.04504	0.038474	0.036368	0.046403	0.049792	0.052457	0.057553	0.05477	0.063976	0.053522
0.042545	0.038374	0.045055	0.056529	0.04522	0.055424	0.054957	0.051791	0.069302	0.057904
0.041672	0.039319	0.041381	0.045186	0.045794	0.04611	0.04583	0.062912	0.056788	0.059163
0.040686	0.038806	0.034894	0.034762	0.043738	0.048295	0.045278	0.062143	0.058914	0.056251
0.038808	0.039783	0.044663	0.055003	0.041917	0.050338	0.043826	0.056327	0.056703	0.052858
0.040385	0.039464	0.045886	0.059194	0.044551	0.05417	0.041887	0.062484	0.052277	0.062421
0.044135	0.041366	0.052631	0.060898	0.046134	0.040128	0.043615	0.048282	0.056048	0.064908
0.046291	0.039424	0.048698	0.060754	0.051711	0.053785	0.042178	0.045564	0.052005	0.059317
0.045575	0.042013	0.044252	0.052192	0.049233	0.046735	0.041968	0.049026	0.049355	0.058633
0.042045	0.042951	0.053734	0.055078	0.048711	0.063002	0.043116	0.047191	0.056081	0.058696
0.053292	0.038426	0.054563	0.046742	0.045507	0.061506	0.046414	0.048719	0.060166	0.065587
0.029761	0.037786	0.052031	0.037625	0.045341	0.045831	0.040746	0.05323	0.060823	0.070644
0.038656	0.041315	0.048717	0.044371	0.044418	0.050545	0.038298	0.052152	0.057628	0.076768
0.038706	0.043335	0.045248	0.04846	0.037314	0.056343	0.041091	0.053648	0.068812	0.071263
0.046649	0.038876	0.043008	0.041008	0.038284	0.051603	0.041754	0.053532	0.066559	0.071958
0.043797	0.041189	0.036862	0.050976	0.03774	0.051654	0.042028	0.049531	0.062489	0.076174
0.04373	0.043131	0.043972	0.048718	0.045475	0.054314	0.040576	0.051707	0.066978	0.066744
0.042618	0.044	0.049329	0.058771	0.054063	0.04446	0.04129	0.049822	0.062955	0.070686
0.032045	0.044104	0.051052	0.054559	0.051816	0.047619	0.044433	0.049744	0.056065	0.068281
0.059652	0.040535	0.044569	0.044295	0.057566	0.049411	0.047353	0.048704	0.052271	0.076806
0.036866	0.042009	0.042065	0.051009	0.048366	0.048891	0.054913	0.05173	0.048537	0.055494
0.034483	0.038898	0.045149	0.053123	0.044115	0.049514	0.045706	0.048277	0.05524	0.055557
0.053423	0.039966	0.054419	0.051657	0.042268	0.049404	0.04342	0.050475	0.052578	0.053561
0.044556	0.039532	0.050981	0.057192	0.039827	0.048394	0.045456	0.05136	0.052243	0.052075
0.043707	0.041722	0.055078	0.053313	0.031463	0.051761	0.045468	0.051178	0.047935	0.056452
0.034725	0.041243	0.059316	0.055749	0.044461	0.050751	0.046152	0.0515	0.052932	0.064896
0.034915	0.041778	0.053306	0.056803	0.036123	0.056278	0.045306	0.051015	0.05253	0.065656
0.051765	0.048565	0.051119	0.061262	0.036234	0.047944	0.045255	0.049884	0.053546	0.063497
0.044885	0.046359	0.046423	0.053014	0.040488	0.043768	0.053505	0.047486	0.048573	0.067647
0.051421	0.044193	0.04554	0.042078	0.034385	0.043328	0.05015	0.046724	0.057685	0.065999
0.034984	0.044202	0.042446	0.048391	0.035788	0.041693	0.051069	0.047101	0.054101	0.057947
0.042897	0.038387	0.045584	0.041821	0.031241	0.039446	0.050382	0.050672	0.056194	0.057676
0.042186	0.037969	0.04026	0.041734	0.03809	0.046765	0.043837	0.05105	0.056928	0.050545
0.04315	0.040327	0.039018	0.043846	0.043796	0.058435	0.042391	0.05032	0.051859	0.059204
0.047979	0.038915	0.040659	0.050195	0.041351	0.068228	0.047658	0.056669	0.05114	0.059426
0.038387	0.041948	0.044691	0.048688	0.043483	0.07205	0.04344	0.06709	0.066441	0.057058
0.043045	0.058605	0.041983	0.051123	0.039871	0.068219	0.043201	0.060447	0.063617	0.059559
0.039012	0.045666	0.042409	0.044701	0.038547	0.064526	0.045904	0.056641	0.062665	0.050363
0.037563	0.033303	0.044032	0.048079	0.037521	0.048225	0.042873	0.051466	0.055894	0.062713
0.039567	0.038854	0.039294	0.053208	0.039622	0.062157	0.043324	0.050398	0.058906	0.069957
0.043422	0.043307	0.049018	0.051719	0.036868	0.046463	0.054754	0.051759	0.057756	0.059091
0.040678	0.043834	0.044236	0.046549	0.032487	0.050629	0.061719	0.04873	0.055111	0.050692
0.044497	0.039659	0.038522	0.047682	0.038854	0.049545	0.066358	0.051807	0.043875	0.059904
0.056274	0.03972	0.04227	0.052916	0.044043	0.055599	0.08171	0.052708	0.040322	0.064043
0.068351	0.058741	0.045477	0.062784	0.042906	0.063244	0.074997	0.06784	0.045955	0.059618
0.034991	0.039547	0.044927	0.052335	0.043182	0.05212	0.054256	0.048794	0.04865	0.061161
0.031402	0.038307	0.048397	0.0527	0.047654	0.05231	0.049953	0.048549	0.049702	0.066802
0.039511	0.040344	0.055787	0.048037	0.060999	0.048785	0.049912	0.049874	0.05766	0.067628
0.03913	0.046423	0.048385	0.048477	0.0463	0.05172	0.053321	0.050965	0.075873	0.065019
0.040289	0.055393	0.043011	0.053886	0.047581	0.054258	0.052263	0.067807	0.053932	0.06033
0.041243	0.056731	0.039811	0.05436	0.047144	0.057909	0.048889	0.078336	0.053979	0.060344
0.042253	0.051484	0.04386	0.058063	0.044426	0.037863	0.047363	0.06867	0.052681	0.057938
0.041867	0.048772	0.044833	0.058957	0.046589	0.047559	0.046096	0.060904	0.042406	0.054361
0.060471	0.048886	0.04572	0.066655	0.036343	0.049761	0.048806	0.053802	0.044029	0.053462
0.048002	0.049206	0.043158	0.055881	0.033251	0.052682	0.052113	0.051152	0.053608	0.059197
0.033827	0.050071	0.041435	0.042964	0.033124	0.040498	0.062685	0.053718	0.063853	0.053853
0.039328	0.042156	0.045708	0.04245	0.037102	0.062942	0.050658	0.055469	0.043788	0.059211
0.041847	0.04274	0.039403	0.045098	0.040296	0.059918	0.050829	0.052088	0.044737	0.048622
0.04279	0.042576	0.043596	0.049975	0.040094	0.063494	0.047294	0.051079	0.051884	0.058817
0.037356	0.044101	0.049638	0.05112	0.036384	0.054886	0.044225	0.054348	0.052772	0.049105
0.038184	0.044347	0.048164	0.05095	0.031907	0.06342	0.045755	0.052422	0.0552	0.04476
0.041249	0.041701	0.049599	0.044358	0.037664	0.056826	0.043693	0.051482	0.061781	0.051651
0.052816	0.043678	0.046556	0.052769	0.047452	0.055146	0.044224	0.050778	0.068958	0.056125
0.050924	0.043624	0.047497	0.048643	0.039201	0.055355	0.04294	0.050508	0.056538	0.055477
0.05117	0.042383	0.045595	0.051123	0.036605	0.059365	0.047811	0.052718	0.07106	0.05346
0.049385	0.042474	0.038092	0.069957	0.04484	0.056206	0.047758	0.052215	0.072994	0.052632
0.047436	0.041382	0.041261	0.050537	0.046378	0.06239	0.048159	0.061553	0.07861	0.056672
0.040667	0.042083	0.042023	0.042896	0.042152	0.051388	0.043832	0.051246	0.064532	0.047889
0.040848	0.042942	0.043083	0.041341	0.033603	0.051285	0.043236	0.047825	0.0564	0.054565
0.060469	0.040883	0.0389	0.044608	0.03686	0.046503	0.045889	0.05157	0.056365	0.055615
0.034116	0.041506	0.044467	0.047692	0.038618	0.046128	0.042636	0.051935	0.041709	0.05539
0.034736	0.044853	0.045415	0.045936	0.041861	0.0611	0.044285	0.051384	0.038435	0.055807
0.044682	0.049974	0.041796	0.044985	0.042817	0.054634	0.046808	0.053269	0.04432	0.05942
0.04812	0.057417	0.045856	0.061823	0.036635	0.04739	0.046116	0.05624	0.044075	0.056166
0.037832	0.049718	0.041847	0.04867	0.036809	0.055387	0.052963	0.054099	0.047935	0.058467
0.041999	0.047819	0.040869	0.056998	0.041301	0.0517	0.053149	0.050774	0.052524	0.056844
0.042793	0.04631	0.046162	0.045669	0.04634	0.056339	0.058175	0.051363	0.059094	0.056747
0.043239	0.045064	0.045798	0.054466	0.046261	0.049902	0.05349	0.051455	0.054338	0.05144
0.043646	0.044942	0.045776	0.044052	0.035205	0.050873	0.047869	0.054357	0.041511	0.054841
0.044256	0.044264	0.046384	0.056983	0.037912	0.052935	0.044702	0.056678	0.051487	0.05573
0.050834	0.042456	0.047821	0.05229	0.028604	0.052103	0.044671	0.049818	0.048533	0.054784
0.057526	0.043053	0.050347	0.060318	0.034195	0.065811	0.04408	0.048954	0.050624	0.053687
0.02772	0.04222	0.048166	0.049515	0.037984	0.05769	0.044932	0.04811	0.05737	0.052284
0.033677	0.044695	0.037337	0.053059	0.046186	0.056732	0.044768	0.051777	0.048715	0.063314
0.037484	0.045766	0.045214	0.044259	0.047258	0.046627	0.043856	0.053105	0.048233	0.063722
0.034677	0.0455	0.048486	0.048561	0.046152	0.052431	0.043071	0.053556	0.043982	0.06123
0.051595	0.044538	0.046496	0.052335	0.049063	0.055633	0.044382	0.051135	0.057811	0.065001
0.057068	0.042779	0.047516	0.055187	0.052329	0.05097	0.044872	0.047636	0.040938	0.065022
0.040369	0.043109	0.049913	0.054008	0.047029	0.050915	0.050377	0.048436	0.046749	0.066004
0.048586	0.043384	0.054532	0.070387	0.04661	0.044427	0.050744	0.053758	0.05394	0.073985
0.031539	0.042002	0.054884	0.040579	0.050844	0.051352	0.050764	0.052826	0.056135	0.047828
0.043739	0.042967	0.057675	0.047468	0.051225	0.068455	0.046447	0.050995	0.055212	0.069119
0.046541	0.048749	0.055712	0.051003	0.042555	0.053728	0.049608	0.051835	0.063183	0.075261
0.047869	0.055777	0.065918	0.052839	0.040253	0.052768	0.04505	0.049996	0.058847	0.057733
0.059414	0.055438	0.04816	0.05701	0.037987	0.052416	0.045318	0.047959	0.067622	0.057156
0.054325	0.053435	0.050165	0.055762	0.036612	0.051631	0.046766	0.049711	0.076159	0.054641
0.053483	0.0484	0.048795	0.054451	0.03063	0.048848	0.045854	0.05172	0.076067	0.063296
0.055627	0.046685	0.051267	0.0531	0.032226	0.053354	0.045395	0.055496	0.064538	0.059644
0.053674	0.04686	0.055246	0.04475	0.034385	0.052513	0.043406	0.066161	0.057724	0.064402
0.047861	0.046472	0.059956	0.038976	0.042618	0.044795	0.046673	0.065787	0.06186	0.066945
0.055133	0.045405	0.057732	0.042719	0.048444	0.046511	0.049408	0.059128	0.060297	0.06386
0.062903	0.04389	0.050016	0.039764	0.058757	0.060036	0.050895	0.055276	0.051333	0.063791
0.044851	0.043014	0.054286	0.044781	0.053747	0.05205	0.057309	0.053745	0.051001	0.067129
0.029653	0.044826	0.045945	0.046686	0.052439	0.049252	0.05663	0.057368	0.047172	0.061489
0.045643	0.044682	0.052055	0.050358	0.053741	0.069649	0.060234	0.057708	0.046901	0.058269
0.042064	0.043702	0.051439	0.055055	0.052798	0.054747	0.059194	0.058934	0.048449	0.061797
0.04753	0.044163	0.051176	0.056933	0.050538	0.055795	0.061449	0.058599	0.053861	0.062405
0.048524	0.045802	0.044261	0.05655	0.044024	0.061897	0.071194	0.055047	0.048586	0.063844
0.048159	0.045722	0.043165	0.054731	0.0418	0.061314	0.071999	0.054382	0.056545	0.064503
0.054617	0.045515	0.043857	0.059723	0.044926	0.049952	0.056817	0.051166	0.057187	0.065977
0.050185	0.049083	0.04075	0.057153	0.040122	0.056177	0.047137	0.050957	0.049422	0.06454
0.043927	0.047027	0.040317	0.048752	0.040534	0.055611	0.045123	0.049645	0.05087	0.064253
0.050622	0.050712	0.042568	0.04867	0.040047	0.060637	0.046778	0.050402	0.058292	0.061279
0.052345	0.057075	0.03728	0.038902	0.039474	0.059523	0.048148	0.050366	0.067967	0.05489
0.049945	0.04833	0.036673	0.042809	0.041249	0.05217	0.047055	0.052076	0.059683	0.064642
