CON fEVs					GW6471 fEVs				
0.049026	0.048811	0.027999	0.041379	0.025554	0.06193	0.052648	0.0524	0.050975	0.049182
0.051591	0.047834	0.031325	0.038576	0.026325	0.061621	0.053796	0.054522	0.045939	0.051426
0.049449	0.048671	0.027439	0.034247	0.024956	0.061535	0.053295	0.051154	0.056246	0.045279
0.050276	0.045152	0.026842	0.03811	0.023751	0.060918	0.052455	0.047138	0.043067	0.046252
0.049395	0.039819	0.030737	0.040677	0.02383	0.058443	0.049061	0.049655	0.049758	0.046191
0.053118	0.042462	0.026356	0.040538	0.023144	0.056359	0.047473	0.047935	0.040624	0.042514
0.049047	0.0361	0.023767	0.045506	0.022237	0.054223	0.047184	0.048571	0.02782	0.047451
0.043541	0.036872	0.028386	0.036573	0.02114	0.049624	0.043907	0.041462	0.025887	0.041626
0.050599	0.03695	0.031018	0.039997	0.022847	0.048608	0.047677	0.044803	0.029944	0.043099
0.052289	0.039347	0.029916	0.036679	0.0242	0.056536	0.051812	0.048165	0.032313	0.042964
0.052772	0.03979	0.032507	0.02874	0.023896	0.048274	0.050482	0.045223	0.033362	0.040405
0.04561	0.035644	0.043456	0.03056	0.025599	0.048591	0.050133	0.046488	0.029116	0.039071
0.054009	0.03598	0.037784	0.024714	0.02323	0.049423	0.04788	0.043111	0.030921	0.035754
0.052545	0.032	0.034394	0.030349	0.02344	0.05117	0.043828	0.040444	0.035695	0.029889
0.049482	0.032209	0.034496	0.026855	0.026553	0.053377	0.044625	0.045151	0.037638	0.03113
0.049745	0.035541	0.039321	0.027631	0.02373	0.050737	0.045878	0.049949	0.032033	0.03353
0.048844	0.034628	0.039154	0.024175	0.022569	0.047902	0.042965	0.049208	0.032559	0.040856
0.04522	0.033059	0.034816	0.030275	0.020888	0.048262	0.050948	0.044606	0.038829	0.034046
0.05028	0.030225	0.032172	0.031176	0.021947	0.045828	0.050545	0.046255	0.027615	0.026099
0.04614	0.031974	0.030309	0.025865	0.020095	0.04702	0.043867	0.041086	0.022661	0.030048
0.047218	0.030025	0.029059	0.036016	0.023364	0.054157	0.048753	0.042553	0.024653	0.031234
0.048786	0.033586	0.023068	0.028822	0.028775	0.051151	0.04956	0.044492	0.02524	0.031623
0.052093	0.042785	0.021047	0.026727	0.031847	0.046616	0.048959	0.049966	0.02663	0.034236
0.047749	0.044164	0.023359	0.029203	0.036815	0.048477	0.045984	0.052122	0.026462	0.036267
0.050487	0.037941	0.024464	0.030457	0.038549	0.042729	0.042427	0.049147	0.023715	0.047079
									
0.058061	0.04159	0.031122	0.028312	0.032109	0.038266	0.040398	0.048008	0.025319	0.047347
0.052695	0.040089	0.033134	0.035882	0.033978	0.036991	0.038676	0.047465	0.024934	0.041821
0.051093	0.042284	0.027704	0.035225	0.031185	0.03543	0.03158	0.03936	0.025004	0.036725
0.052297	0.038009	0.024121	0.036025	0.032109	0.031481	0.028707	0.041506	0.026739	0.030476
0.044519	0.036626	0.025769	0.033288	0.033131	0.03757	0.030336	0.040962	0.026606	0.032789
0.046612	0.04058	0.027543	0.028572	0.030239	0.047527	0.03995	0.041664	0.027873	0.03357
0.047436	0.039669	0.027656	0.029863	0.031862	0.055031	0.051088	0.042986	0.039082	0.033495
0.051328	0.040545	0.026897	0.030886	0.03415	0.058166	0.056708	0.032904	0.041024	0.042565
0.053696	0.036447	0.023518	0.03093	0.040857	0.058175	0.055644	0.041742	0.045969	0.035667
0.046178	0.034149	0.023262	0.037457	0.029623	0.052569	0.046888	0.051246	0.040876	0.036197
0.058703	0.035822	0.028921	0.04148	0.027996	0.051452	0.046632	0.064504	0.043625	0.031265
0.058191	0.032269	0.040768	0.042722	0.022639	0.049017	0.048745	0.050904	0.033533	0.031836
0.051082	0.032432	0.035724	0.038344	0.021864	0.047148	0.049575	0.050245	0.030207	0.033322
0.047911	0.041012	0.024325	0.034164	0.022595	0.051291	0.042007	0.044929	0.0328	0.035031
0.044763	0.039178	0.022434	0.03876	0.020876	0.050773	0.04464	0.046568	0.048183	0.035412
0.053172	0.03489	0.025263	0.037311	0.018916	0.047264	0.04514	0.047047	0.026423	0.037606
0.050656	0.039456	0.022981	0.034462	0.02543	0.05323	0.048556	0.048834	0.027329	0.037551
0.045043	0.039219	0.031869	0.029832	0.024585	0.054833	0.050366	0.054089	0.028127	0.034592
0.049628	0.037339	0.029091	0.02452	0.019128	0.049507	0.038492	0.043085	0.027127	0.02839
0.049385	0.032884	0.027348	0.025087	0.027625	0.046715	0.04003	0.044199	0.02901	0.029494
0.048941	0.038571	0.025803	0.028618	0.027662	0.063126	0.042294	0.047726	0.029875	0.035341
0.045014	0.041206	0.022873	0.029034	0.034978	0.059492	0.040092	0.05239	0.033036	0.043843
0.045684	0.031847	0.029143	0.028668	0.029662	0.061573	0.044635	0.050707	0.032518	0.051762
0.049327	0.030711	0.025435	0.024447	0.016775	0.06353	0.050912	0.047434	0.030472	0.047552
0.055142	0.032278	0.027104	0.028421	0.017511	0.052842	0.045196	0.04706	0.024235	0.043187
0.054228	0.034467	0.023263	0.027911	0.018171	0.054564	0.043103	0.050834	0.030304	0.040164
0.047613	0.025955	0.024178	0.030809	0.019785	0.043449	0.044432	0.047062	0.02603	0.041448
0.047679	0.026197	0.023741	0.031093	0.020782	0.049791	0.044708	0.044085	0.024396	0.035315
0.048239	0.025592	0.027707	0.029281	0.020557	0.054488	0.045479	0.054053	0.027548	0.032884
0.047982	0.029716	0.029628	0.031461	0.0226	0.057006	0.04858	0.043928	0.027958	0.032467
0.043054	0.03402	0.0317	0.02668	0.019515	0.05222	0.050648	0.043708	0.026893	0.029861
0.043187	0.03116	0.024411	0.03005	0.020091	0.051371	0.046215	0.038925	0.025901	0.032668
0.052212	0.039131	0.025742	0.036222	0.021559	0.052016	0.044591	0.031324	0.026831	0.038548
0.0475	0.037505	0.027199	0.032672	0.025298	0.050555	0.045691	0.04373	0.02817	0.041061
0.044093	0.037285	0.026512	0.030937	0.020407	0.050853	0.047475	0.047788	0.025639	0.038103
0.046263	0.033417	0.027251	0.039364	0.018213	0.042487	0.048402	0.063325	0.025264	0.027198
0.043567	0.034232	0.026867	0.036116	0.018759	0.05071	0.057697	0.050777	0.031347	0.033968
0.041114	0.03124	0.028348	0.039303	0.019456	0.046421	0.047809	0.051439	0.047113	0.035587
0.044122	0.030604	0.026909	0.038718	0.018466	0.052916	0.049818	0.042791	0.044999	0.0296
0.048083	0.029644	0.030936	0.031166	0.019282	0.054201	0.050045	0.039881	0.042825	0.042797
0.034279	0.030338	0.023823	0.022608	0.019472	0.049341	0.050231	0.040225	0.052174	0.036092
0.02603	0.026731	0.026493	0.026197	0.017823	0.045986	0.044452	0.037657	0.034064	0.035605
0.027372	0.026141	0.029477	0.030301	0.017293	0.049617	0.048551	0.044091	0.02485	0.027742
0.030354	0.028796	0.026868	0.029507	0.019908	0.049771	0.044141	0.045478	0.027392	0.0216
0.030811	0.030793	0.02963	0.033649	0.030068	0.045892	0.039561	0.038755	0.027298	0.032846
0.02919	0.03199	0.032328	0.044067	0.027765	0.048169	0.046694	0.038924	0.027188	0.03547
0.036106	0.031764	0.031456	0.035479	0.032111	0.047301	0.054666	0.034824	0.029392	0.028497
0.034801	0.036905	0.028266	0.04971	0.035476	0.046515	0.043258	0.03667	0.028638	0.035316
0.031613	0.040588	0.030633	0.036148	0.031319	0.046632	0.04052	0.035664	0.030888	0.03355
0.031181	0.041675	0.026385	0.035241	0.031258	0.045051	0.035738	0.035968	0.027648	0.046966
0.031902	0.04005	0.026027	0.034067	0.029405	0.045025	0.028857	0.035635	0.0234	0.041515
0.032523	0.039331	0.025911	0.033761	0.025984	0.040569	0.029459	0.034842	0.026362	0.042072
0.044698	0.033565	0.027197	0.029302	0.021904	0.03991	0.032045	0.03263	0.029983	0.041905
0.041451	0.033701	0.033517	0.028576	0.021256	0.03353	0.029903	0.034349	0.028404	0.054159
0.04044	0.032592	0.040724	0.030027	0.021526	0.036766	0.027261	0.032867	0.028709	0.043038
0.046737	0.028299	0.045178	0.030452	0.021174	0.040913	0.032443	0.03251	0.041378	0.044291
0.047538	0.030368	0.039102	0.028114	0.02231	0.035947	0.031077	0.032544	0.044162	0.042279
0.047023	0.032633	0.038543	0.030779	0.022702	0.03919	0.029929	0.034321	0.042925	0.039252
0.044747	0.028148	0.039842	0.031529	0.021075	0.037221	0.033538	0.036038	0.045346	0.038802
0.045518	0.028655	0.035202	0.02899	0.027428	0.033958	0.032018	0.036891	0.032014	0.031563
0.043879	0.028808	0.028976	0.023767	0.023525	0.033495	0.039609	0.035764	0.040961	0.035381
0.029351	0.028925	0.029188	0.027271	0.021084	0.035452	0.032805	0.036982	0.030056	0.035343
0.033579	0.031899	0.03044	0.032091	0.024121	0.021336	0.033008	0.034179	0.029855	0.034502
0.033719	0.033445	0.02728	0.031275	0.026559	0.032749	0.034843	0.039598	0.038692	0.036024
0.034544	0.031786	0.025396	0.029646	0.028716	0.034307	0.033388	0.053014	0.032725	0.033974
0.030374	0.030973	0.02608	0.030609	0.030818	0.035468	0.032162	0.05077	0.031356	0.036486
0.032298	0.027033	0.029682	0.035108	0.030797	0.03864	0.03456	0.048113	0.030286	0.045012
0.028569	0.027345	0.027095	0.033694	0.026366	0.045956	0.035296	0.042145	0.030964	0.046334
0.031513	0.028219	0.024442	0.039204	0.021622	0.044751	0.04007	0.044264	0.031424	0.040644
0.033894	0.032834	0.026615	0.036707	0.023586	0.041728	0.042848	0.045161	0.029671	0.032844
0.039138	0.033454	0.027764	0.034819	0.01744	0.041865	0.042285	0.039468	0.026386	0.030952
0.03706	0.032352	0.027228	0.041397	0.02291	0.038244	0.047062	0.036403	0.024263	0.030216
0.033719	0.032493	0.02837	0.029783	0.021692	0.033174	0.048636	0.035913	0.027318	0.034664
0.027529	0.0345	0.027195	0.028555	0.02575	0.036965	0.051051	0.036565	0.028775	0.040377
0.033478	0.036968	0.028082	0.03278	0.024192	0.037074	0.049195	0.032656	0.031371	0.034975
0.03283	0.036738	0.028021	0.031503	0.019595	0.034871	0.050514	0.035031	0.039	0.031929
0.034071	0.036584	0.02651	0.031013	0.01911	0.042996	0.044637	0.030842	0.044069	0.036089
0.035052	0.037127	0.028776	0.034318	0.019123	0.030009	0.040693	0.033299	0.052342	0.034565
0.034646	0.038332	0.030554	0.02565	0.016176	0.026391	0.030368	0.035044	0.048506	0.033444
0.039674	0.037497	0.034136	0.029412	0.017141	0.032138	0.030492	0.034479	0.043869	0.030531
0.035494	0.038515	0.032959	0.030867	0.018365	0.032578	0.030977	0.034814	0.045693	0.032566
0.032412	0.043199	0.025917	0.029968	0.018048	0.04315	0.031838	0.038948	0.038897	0.030862
0.036703	0.03243	0.024187	0.02894	0.023491	0.026357	0.033478	0.048666	0.040365	0.035499
0.038406	0.031443	0.029502	0.035147	0.023718	0.030076	0.028546	0.047674	0.039075	0.031209
0.034526	0.03199	0.02802	0.030152	0.017575	0.029553	0.033362	0.046604	0.038296	0.032101
0.048029	0.029045	0.025596	0.026199	0.022671	0.028347	0.038776	0.045309	0.035603	0.029169
0.030878	0.026964	0.028205	0.032172	0.020802	0.033976	0.036002	0.047645	0.031422	0.033127
0.035677	0.03088	0.030592	0.0338	0.016677	0.041719	0.044911	0.047371	0.0299	0.039688
0.032058	0.031991	0.026763	0.034711	0.021034	0.044617	0.046342	0.040258	0.028028	0.040222
0.036285	0.032839	0.025579	0.036166	0.017737	0.050178	0.049004	0.034452	0.027104	0.044709
0.037421	0.032494	0.025379	0.033378	0.02265	0.051867	0.048853	0.032287	0.029861	0.038973
0.051188	0.032185	0.02575	0.034125	0.020759	0.052172	0.046724	0.029779	0.030227	0.038806
0.047135	0.032153	0.028494	0.033967	0.030274	0.044249	0.04553	0.031184	0.03032	0.038289
0.042675	0.035181	0.026416	0.031694	0.02362	0.043387	0.052475	0.031115	0.028795	0.03394
0.046726	0.043113	0.027082	0.037381	0.025403	0.043973	0.044822	0.03193	0.028973	0.033932
0.042624	0.045846	0.026991	0.035013	0.019027	0.048872	0.044745	0.034196	0.028146	0.034772
0.040442	0.040463	0.026006	0.035626	0.024398	0.045904	0.05108	0.034297	0.023461	0.033222
0.045988	0.036337	0.025557	0.035705	0.02672	0.05035	0.060655	0.031769	0.025803	0.034803
0.04828	0.035246	0.031741	0.033082	0.031023	0.049728	0.051825	0.033307	0.030282	0.039414
0.041708	0.034189	0.036072	0.032408	0.020684	0.046682	0.051206	0.033195	0.027964	0.030152
0.038064	0.03527	0.039091	0.034285	0.022462	0.044068	0.04661	0.033636	0.026901	0.038916
0.035681	0.037248	0.043467	0.032688	0.018363	0.040051	0.032495	0.032854	0.027239	0.039088
0.040404	0.036154	0.039856	0.034579	0.018035	0.042584	0.032112	0.033181	0.026384	0.028689
0.045291	0.038053	0.031482	0.031873	0.018943	0.04491	0.031526	0.034933	0.02668	0.038083
0.046211	0.030669	0.03168	0.026935	0.018133	0.048168	0.027149	0.039589	0.029136	0.043487
0.054711	0.037397	0.029445	0.028429	0.019912	0.046553	0.027423	0.045323	0.029351	0.041008
0.043967	0.036648	0.028386	0.032499	0.022785	0.051838	0.027047	0.043995	0.042719	0.039603
0.039564	0.033277	0.028516	0.034406	0.021677	0.041686	0.027164	0.047442	0.042304	0.036134
0.041828	0.033153	0.025635	0.026234	0.021456	0.039554	0.026989	0.043072	0.040241	0.036548
0.039996	0.034283	0.026108	0.022187	0.025786	0.039797	0.026137	0.044158	0.034964	0.035154
0.037305	0.042261	0.028007	0.02898	0.023015	0.033493	0.027232	0.038972	0.03703	0.034528
0.03113	0.035205	0.02853	0.031528	0.023109	0.026548	0.023781	0.036876	0.032335	0.035708
0.025401	0.03301	0.028997	0.030233	0.025113	0.029048	0.024991	0.031995	0.030601	0.034102
0.028666	0.032604	0.027794	0.029264	0.019885	0.031215	0.033771	0.031429	0.029383	0.033736
0.026952	0.026074	0.027956	0.028602	0.025208	0.030741	0.040218	0.028768	0.030848	0.028538
0.02992	0.029888	0.02877	0.035112	0.017223	0.029075	0.029682	0.02743	0.031209	0.031965
0.027868	0.027156	0.028389	0.040418	0.023145	0.032134	0.029323	0.0284	0.031362	0.033663
0.028304	0.028243	0.029185	0.047453	0.023851	0.032053	0.026866	0.030555	0.029945	0.034156
0.028733	0.026836	0.026682	0.026797	0.017793	0.032094	0.029314	0.027863	0.032465	0.031171
0.029403	0.026692	0.025334	0.031412	0.018627	0.034333	0.03087	0.028253	0.026602	0.031486
0.028987	0.024647	0.02671	0.037907	0.018934	0.034063	0.040453	0.027278	0.029822	0.041507
0.027781	0.024722	0.030021	0.032331	0.018272	0.029669	0.045724	0.028282	0.031603	0.045581
0.026476	0.026762	0.032337	0.036846	0.021999	0.035226	0.046576	0.030607	0.030942	0.051869
0.025666	0.024827	0.03164	0.036187	0.026021	0.032253	0.054963	0.031819	0.031104	0.059865
0.026244	0.026159	0.031063	0.027887	0.02821	0.034328	0.052637	0.030925	0.032515	0.060217
0.026643	0.025794	0.024364	0.02942	0.034229	0.032439	0.056161	0.031462	0.038213	0.04324
0.028878	0.027257	0.027265	0.02478	0.024412	0.033295	0.045974	0.03112	0.040527	0.042743
0.036588	0.024386	0.030031	0.041276	0.023881	0.032053	0.046377	0.030382	0.042013	0.044118
0.045512	0.024616	0.029764	0.030996	0.022337	0.034406	0.052444	0.030824	0.040548	0.044401
0.047939	0.026788	0.028423	0.031084	0.024518	0.04227	0.042371	0.031184	0.031697	0.042639
0.046039	0.0274	0.030279	0.037295	0.024812	0.049951	0.04209	0.032021	0.031863	0.037795
0.054891	0.025051	0.026414	0.041708	0.022541	0.049546	0.05001	0.044429	0.031068	0.03648
0.045985	0.024984	0.028195	0.036223	0.024262	0.048801	0.051572	0.044132	0.028699	0.032807
0.035963	0.026247	0.027224	0.036398	0.024558	0.042108	0.036357	0.042273	0.027544	0.039224
0.044567	0.027687	0.027406	0.042583	0.023141	0.046097	0.033985	0.045303	0.027757	0.03829
0.043575	0.030285	0.029891	0.035332	0.03404	0.040725	0.036278	0.034131	0.027427	0.036363
0.039997	0.030782	0.033221	0.034649	0.030423	0.038752	0.037455	0.033756	0.032462	0.034078
0.037668	0.022022	0.037601	0.035488	0.028149	0.039463	0.039358	0.033343	0.032736	0.036619
0.037717	0.023238	0.038338	0.030933	0.024291	0.032297	0.035632	0.029894	0.033216	0.040427
0.036127	0.028143	0.039348	0.031381	0.021295	0.02419	0.039851	0.030763	0.032459	0.036685
0.035281	0.023733	0.037625	0.032652	0.023502	0.030558	0.035381	0.031738	0.032149	0.034369
0.030041	0.025461	0.035449	0.031116	0.02046	0.03571	0.033458	0.027591	0.033684	0.037658
0.029536	0.025449	0.032453	0.0299	0.025231	0.033312	0.034898	0.02874	0.037594	0.040749
0.029823	0.02502	0.02764	0.030922	0.025272	0.029428	0.034324	0.028693	0.041657	0.040991
0.032539	0.034019	0.02709	0.0303	0.020458	0.028136	0.029353	0.029447	0.045159	0.035216
0.029787	0.029839	0.02873	0.030074	0.020071	0.030119	0.028619	0.029878	0.039204	0.043722
0.029552	0.018944	0.030762	0.03064	0.023355	0.031039	0.027318	0.029368	0.0354	0.04858
0.029714	0.038968	0.029074	0.031972	0.026958	0.03449	0.027595	0.028492	0.032135	0.049468
0.027295	0.025952	0.033444	0.032579	0.034114	0.035388	0.028294	0.027563	0.03255	0.042366
0.028971	0.030907	0.033372	0.032077	0.03825	0.026519	0.025784	0.028697	0.033075	0.036332
0.028481	0.02917	0.032502	0.038173	0.03923	0.034954	0.02751	0.035306	0.033847	0.038346
0.028261	0.027701	0.033155	0.037739	0.036961	0.040476	0.028538	0.037206	0.036543	0.03677
0.026771	0.028564	0.036559	0.032269	0.033454	0.040219	0.028785	0.044743	0.036911	0.048038
0.029516	0.027505	0.041997	0.034355	0.029719	0.045098	0.025333	0.035552	0.040856	0.042602
0.029919	0.026716	0.04432	0.036151	0.026965	0.041149	0.037537	0.034153	0.04728	0.042467
0.029891	0.026764	0.039707	0.035271	0.029602	0.028701	0.031549	0.029319	0.047238	0.050434
0.028164	0.030021	0.035912	0.04052	0.032698	0.027111	0.029687	0.030385	0.049625	0.050542
0.028791	0.0285	0.028883	0.037783	0.036152	0.029324	0.032237	0.030834	0.048958	0.045714
0.030401	0.025621	0.026757	0.02819	0.038065	0.044171	0.030556	0.030178	0.041964	0.048998
0.030207	0.027743	0.030575	0.033162	0.033887	0.027184	0.029332	0.030063	0.051186	0.046801
0.030437	0.027611	0.034244	0.036378	0.029026	0.031159	0.027926	0.029196	0.050662	0.046609
0.028178	0.026974	0.03363	0.035596	0.02972	0.033334	0.028501	0.030181	0.047734	0.048318
0.028987	0.028724	0.030103	0.034355	0.032032	0.033713	0.028619	0.029048	0.043498	0.044417
0.029583	0.029289	0.029104	0.036498	0.029677	0.032675	0.028125	0.027592	0.043626	0.04741
0.031038	0.02686	0.031712	0.04179	0.02764	0.032076	0.025887	0.028365	0.05918	0.048918
0.040612	0.027783	0.033265	0.038719	0.03115	0.033389	0.034205	0.030762	0.053909	0.036874
0.032673	0.027307	0.04086	0.041572	0.023388	0.033107	0.039583	0.035108	0.04782	0.037306
0.027904	0.029571	0.036445	0.041555	0.028217	0.039056	0.039954	0.039806	0.047318	0.050125
0.030613	0.030418	0.029794	0.040101	0.038163	0.04343	0.042247	0.032533	0.046159	0.048762
0.032784	0.029985	0.025802	0.03621	0.039381	0.04233	0.039109	0.034296	0.038559	0.055031
0.03037	0.036434	0.028274	0.034189	0.043455	0.032906	0.03767	0.032422	0.041598	0.049391
0.031571	0.039013	0.034361	0.031623	0.045083	0.03742	0.035193	0.031934	0.050447	0.044252
0.031642	0.038166	0.039009	0.03121	0.040243	0.038414	0.029193	0.033098	0.046231	0.042784
0.030925	0.038573	0.031782	0.037993	0.04458	0.046725	0.028491	0.033099	0.039978	0.045078
0.036686	0.036258	0.034576	0.033062	0.038779	0.046965	0.028694	0.031383	0.040467	0.049031
0.037612	0.032641	0.03904	0.040003	0.035988	0.039974	0.033221	0.03243	0.03903	0.047856
0.038684	0.032976	0.040454	0.036922	0.032532	0.04079	0.028438	0.033138	0.032382	0.043755
0.0498	0.03379	0.044312	0.035713	0.032307	0.039591	0.026608	0.030998	0.038515	0.047203
0.042756	0.036434	0.04288	0.039474	0.027397	0.039962	0.037728	0.032312	0.0346	0.046142
0.042503	0.032557	0.035019	0.042177	0.022195	0.032354	0.039576	0.031766	0.032895	0.046323
0.036215	0.031221	0.035348	0.040546	0.021199	0.042521	0.040104	0.035783	0.039617	0.04375
0.035692	0.031373	0.034868	0.038948	0.021603	0.035647	0.044124	0.043499	0.041748	0.034215
0.034395	0.031232	0.039364	0.038972	0.026517	0.035273	0.046648	0.048616	0.03083	0.0396
0.035519	0.032734	0.030842	0.038122	0.035015	0.032974	0.040052	0.044077	0.033791	0.041814
0.033548	0.031377	0.033181	0.03307	0.034862	0.045043	0.038237	0.043885	0.034265	0.03728
0.029741	0.028993	0.030372	0.033817	0.041771	0.031483	0.034416	0.040595	0.036011	0.037231
0.025768	0.02612	0.023878	0.029835	0.038287	0.039306	0.035112	0.039791	0.048414	0.036766
0.028267	0.028063	0.026348	0.027692	0.036306	0.027645	0.03463	0.043387	0.048381	0.036053
0.029161	0.031689	0.02954	0.037082	0.037316	0.037487	0.038954	0.041606	0.053461	0.029189
0.029425	0.029746	0.029516	0.03853	0.039328	0.028861	0.034981	0.036078	0.046679	0.040541
0.028985	0.027495	0.032221	0.044304	0.035804	0.037842	0.038083	0.035096	0.045201	0.048346
0.029773	0.030652	0.031102	0.037283	0.027514	0.036618	0.041428	0.034569	0.055027	0.045385
0.029753	0.033609	0.036785	0.036804	0.025301	0.028976	0.034979	0.034307	0.040673	0.048957
0.02968	0.028239	0.035514	0.030735	0.032038	0.034953	0.032063	0.034917	0.045686	0.048418
0.027796	0.022351	0.034707	0.027431	0.029036	0.034593	0.02918	0.036697	0.039714	0.048715
0.028995	0.028663	0.030938	0.032267	0.031977	0.040129	0.039517	0.047232	0.037097	0.045505
0.027333	0.032474	0.026671	0.033557	0.036132	0.042513	0.033238	0.042071	0.036277	0.041739
0.027256	0.031045	0.035729	0.035001	0.037901	0.052085	0.033181	0.042438	0.041052	0.050064
0.029213	0.031534	0.033083	0.034802	0.035692	0.045952	0.033351	0.044169	0.041329	0.042214
0.029267	0.030733	0.030955	0.033807	0.032916	0.042608	0.032251	0.04156	0.036117	0.048646
0.02596	0.029183	0.034969	0.031785	0.035914	0.041698	0.032328	0.036184	0.041759	0.036444
0.034345	0.029939	0.032961	0.026853	0.032868	0.036673	0.036051	0.035303	0.041165	0.03934
0.034724	0.030715	0.030619	0.033465	0.030892	0.035192	0.031389	0.035291	0.040895	0.043073
0.028675	0.028267	0.031196	0.041066	0.028521	0.034715	0.033583	0.036775	0.03266	0.048175
0.03021	0.026525	0.033523	0.030363	0.024583	0.032669	0.032799	0.037836	0.028019	0.039353
0.04231	0.028303	0.034904	0.026946	0.025588	0.034464	0.04194	0.035711	0.029324	0.03631
0.042107	0.02754	0.039633	0.033635	0.027911	0.035728	0.035705	0.034403	0.027272	0.032884
0.038327	0.030098	0.039284	0.037308	0.027096	0.034287	0.030646	0.03549	0.029396	0.031808
0.036464	0.029572	0.040335	0.037356	0.024271	0.033794	0.026477	0.035843	0.029751	0.038084
0.034824	0.027483	0.039891	0.035344	0.02356	0.035958	0.031457	0.034501	0.030158	0.04393
0.02689	0.029328	0.03859	0.03452	0.024376	0.033846	0.031377	0.03466	0.029815	0.045877
0.02849	0.030243	0.038334	0.034879	0.025134	0.036964	0.032579	0.035037	0.031343	0.04533
0.031851	0.037403	0.034311	0.031172	0.026564	0.035256	0.033048	0.035149	0.037691	0.041169
0.034426	0.041531	0.036906	0.02621	0.027626	0.035941	0.01989	0.031936	0.044925	0.049236
0.033094	0.038271	0.03298	0.029271	0.030454	0.035786	0.026068	0.030613	0.045666	0.044616
0.032615	0.034208	0.033092	0.033398	0.031788	0.036723	0.0275	0.035283	0.040457	0.041624
0.031839	0.032667	0.032123	0.032549	0.043662	0.035907	0.039189	0.035792	0.038269	0.041295
0.029361	0.031394	0.03109	0.034648	0.036438	0.043103	0.032666	0.040863	0.061983	0.034311
0.029386	0.029869	0.025581	0.039635	0.032396	0.044175	0.048777	0.040446	0.048938	0.034126
0.031222	0.03037	0.025695	0.035172	0.032289	0.03699	0.041451	0.045437	0.049031	0.038453
0.03211	0.031292	0.02577	0.035731	0.03812	0.037386	0.041027	0.051669	0.049504	0.038137
0.031469	0.02929	0.028875	0.035631	0.02741	0.040229	0.039188	0.038198	0.039746	0.044513
0.033395	0.029781	0.027983	0.026124	0.022546	0.046155	0.035651	0.039312	0.042328	0.038977
0.032751	0.02976	0.030956	0.029786	0.030152	0.051005	0.034376	0.03561	0.042122	0.041832
0.0345	0.029297	0.029632	0.032426	0.03599	0.046299	0.033886	0.032264	0.042934	0.040162
0.033717	0.028302	0.036916	0.032845	0.02691	0.047274	0.030393	0.036926	0.03728	0.035029
0.038858	0.026987	0.032587	0.032443	0.024459	0.047351	0.031706	0.038378	0.030615	0.035914
0.040969	0.030864	0.037185	0.033186	0.02442	0.036353	0.031261	0.034769	0.027046	0.036588
0.050836	0.027937	0.053523	0.031913	0.029407	0.034021	0.034911	0.033457	0.028007	0.038148
0.048962	0.032515	0.039885	0.028746	0.029047	0.045755	0.048123	0.036389	0.03002	0.038012
0.040842	0.036142	0.037999	0.02855	0.03112	0.051915	0.032132	0.034122	0.0306	0.038875
0.036108	0.033759	0.035755	0.03235	0.024213	0.040252	0.051074	0.044146	0.031701	0.037063
0.044391	0.034294	0.030689	0.041066	0.020879	0.034883	0.043692	0.036747	0.027827	0.03488
0.04181	0.03208	0.032859	0.034389	0.028889	0.034996	0.032311	0.032517	0.02837	0.040781
0.042706	0.030288	0.032236	0.038565	0.031232	0.030991	0.032636	0.028139	0.034706	0.044193
0.041698	0.029192	0.032372	0.027356	0.032284	0.028194	0.02936	0.035274	0.033876	0.045149
0.040314	0.029843	0.030192	0.031727	0.03521	0.0331	0.039093	0.047153	0.030978	0.045706
0.035793	0.02668	0.022864	0.033054	0.037071	0.03482	0.03308	0.049445	0.029869	0.040073
0.036934	0.041721	0.025254	0.031941	0.030784	0.03719	0.028707	0.047477	0.037686	0.048296
0.033892	0.033287	0.028761	0.035072	0.029733	0.03454	0.032708	0.044773	0.042339	0.047994
0.034573	0.027597	0.02918	0.032148	0.024915	0.035543	0.03543	0.052307	0.036892	0.044222
0.030744	0.025885	0.028258	0.040988	0.028792	0.041005	0.034173	0.045776	0.030799	0.040507
0.032769	0.027808	0.031802	0.033666	0.026538	0.045568	0.030723	0.040525	0.038374	0.036933
0.031699	0.029037	0.030965	0.029685	0.022416	0.046619	0.032197	0.036632	0.042782	0.040768
0.033035	0.032877	0.031166	0.023749	0.024308	0.038854	0.031327	0.037134	0.031813	0.044317
0.032742	0.030169	0.036127	0.033783	0.030872	0.03737	0.03197	0.037042	0.025358	0.043199
0.034183	0.031888	0.04243	0.036838	0.038349	0.036705	0.043603	0.036889	0.027247	0.036879
0.03181	0.0308	0.040693	0.036973	0.042683	0.044775	0.035324	0.036045	0.03097	0.035438
0.035902	0.031475	0.041033	0.03634	0.036952	0.041684	0.032978	0.037525	0.029354	0.034361
0.032977	0.033891	0.040465	0.033643	0.039369	0.03938	0.036313	0.036967	0.033913	0.040597
0.034873	0.034676	0.042137	0.038476	0.043821	0.038893	0.03206	0.036578	0.032742	0.043294
0.041575	0.038343	0.038666	0.043108	0.040157	0.039882	0.035433	0.04211	0.040592	0.047384
0.039185	0.044679	0.033019	0.034678	0.034057	0.038696	0.034565	0.031861	0.033249	0.050227
0.035208	0.040864	0.033226	0.033407	0.039642	0.033025	0.037114	0.034688	0.040875	0.050368
0.033254	0.032692	0.034749	0.037727	0.030843	0.041096	0.034083	0.038839	0.044059	0.051538
0.03278	0.036347	0.035259	0.037637	0.028579	0.045138	0.042765	0.03745	0.045453	0.053711
0.036336	0.035596	0.031825	0.03552	0.024638	0.051186	0.04523	0.036359	0.046269	0.050788
0.036274	0.035881	0.029404	0.045838	0.026981	0.04754	0.040226	0.041443	0.03834	0.045543
0.03573	0.033751	0.028149	0.043785	0.023988	0.054285	0.035568	0.043899	0.046163	0.041684
0.033303	0.031736	0.025185	0.044726	0.02565	0.050592	0.035028	0.045216	0.048357	0.046176
0.035757	0.029819	0.026378	0.038273	0.021478	0.04515	0.036836	0.062273	0.043841	0.044133
0.035953	0.028512	0.029946	0.038448	0.024737	0.049043	0.048381	0.042763	0.039381	0.039401
0.036605	0.031772	0.026059	0.038042	0.026067	0.050947	0.053584	0.037835	0.030676	0.044769
0.034688	0.030781	0.026428	0.036615	0.02852	0.049862	0.055463	0.042971	0.040656	0.043021
0.032996	0.031284	0.027282	0.037548	0.037169	0.045345	0.052714	0.045371	0.042927	0.048088
0.034923	0.033547	0.029557	0.03504	0.019722	0.03897	0.047744	0.038879	0.042183	0.045515
0.033413	0.029894	0.030828	0.029097	0.026992	0.037576	0.040903	0.03971	0.039486	0.041326
0.035786	0.029429	0.027221	0.034102	0.026441	0.040882	0.042184	0.043053	0.039886	0.040246
0.040578	0.032272	0.028364	0.025614	0.027749	0.040153	0.043041	0.043318	0.040542	0.039198
0.045137	0.034424	0.025575	0.01869	0.02388	0.035305	0.033883	0.033759	0.039396	0.031055
0.048207	0.031362	0.028105	0.02545	0.02162	0.038295	0.031012	0.037442	0.028047	0.031168
0.050308	0.033761	0.029363	0.025792	0.022115	0.039604	0.033141	0.037145	0.028422	0.035236
0.042914	0.034809	0.030641	0.028531	0.025076	0.03926	0.031514	0.040887	0.027098	0.034489
0.045356	0.035508	0.034109	0.027282	0.028926	0.037218	0.030641	0.04843	0.031295	0.034884
0.043741	0.033445	0.031155	0.025668	0.030292	0.039898	0.033183	0.050678	0.02889	0.035524
0.03634	0.033257	0.028806	0.024231	0.033111	0.047413	0.032232	0.04817	0.025406	0.038266
0.036086	0.031411	0.024056	0.025815	0.038386	0.036187	0.039987	0.049589	0.026215	0.032183
0.037686	0.034803	0.024041	0.028237	0.040281	0.042578	0.047556	0.041513	0.037347	0.026175
0.038467	0.031334	0.025399	0.026921	0.03444	0.036893	0.042076	0.038155	0.034505	0.02912
0.037937	0.032345	0.02392	0.030326	0.032176	0.038874	0.043155	0.042457	0.036303	0.032379
0.040134	0.034289	0.023614	0.026115	0.0353	0.043427	0.043947	0.040901	0.02953	0.030673
0.040685	0.037486	0.023855	0.031251	0.039953	0.046777	0.039826	0.046046	0.024679	0.032727
0.043345	0.038331	0.025176	0.035875	0.039901	0.052298	0.037545	0.03729	0.032111	0.037246
0.048814	0.037734	0.027416	0.032425	0.040284	0.058701	0.036725	0.040873	0.029996	0.042078
0.052076	0.044183	0.025485	0.032658	0.035686	0.057421	0.046202	0.050852	0.030483	0.039871
0.052566	0.046903	0.026022	0.025109	0.032795	0.053168	0.053247	0.055163	0.027694	0.039559
0.051847	0.041314	0.028327	0.02608	0.027625	0.05325	0.055492	0.054434	0.026749	0.038374
0.05529	0.037319	0.031448	0.029283	0.024961	0.054657	0.059376	0.054074	0.032451	0.033046
0.050184	0.041439	0.040192	0.029479	0.02655	0.058336	0.059771	0.05591	0.044137	0.025971
0.05556	0.038667	0.039687	0.033966	0.026653	0.057264	0.055867	0.052203	0.030454	0.030212
0.057619	0.038109	0.040855	0.033079	0.031713	0.053936	0.054154	0.050365	0.024313	0.034076
0.046677	0.037194	0.036415	0.033722	0.03469	0.055544	0.048251	0.051965	0.033012	0.033971
0.047925	0.035249	0.034083	0.031682	0.027017	0.048527	0.051075	0.057714	0.041483	0.032218
0.055835	0.040354	0.031189	0.032292	0.026976	0.053529	0.056478	0.060888	0.034179	0.031629
0.052997	0.039186	0.03357	0.034313	0.024823	0.056672	0.057236	0.056625	0.025155	0.034084
0.056828	0.036121	0.031629	0.033878	0.024119	0.055445	0.061517	0.058632	0.029656	0.033587
0.054101	0.033516	0.031587	0.034269	0.02575	0.051286	0.055601	0.055057	0.026264	0.041195
0.048963	0.030725	0.027225	0.039861	0.02617	0.053278	0.057272	0.050129	0.031291	0.046291
0.050847	0.03461	0.027622	0.032093	0.027662	0.05545	0.064026	0.052609	0.03183	0.040697
0.047442	0.034044	0.028518	0.02644	0.026233	0.045983	0.05503	0.04687	0.040368	0.042599
0.052154	0.033455	0.024092	0.028579	0.028794	0.047516	0.053123	0.050365	0.025092	0.045151
0.051524	0.035946	0.025504	0.030608	0.026678	0.050623	0.049152	0.039198	0.02613	0.043817
0.05108	0.038348	0.029305	0.032357	0.021484	0.045168	0.04938	0.038996	0.027516	0.040301
0.045898	0.036074	0.031694	0.031317	0.023926	0.041695	0.053375	0.041583	0.029803	0.036491
0.045145	0.029367	0.028581	0.030633	0.028473	0.046883	0.053496	0.047322	0.036604	0.027481
0.040798	0.039894	0.028232	0.035947	0.024243	0.041782	0.049627	0.042005	0.04442	0.028283
0.04181	0.04266	0.025063	0.028299	0.019566	0.048342	0.051203	0.050944	0.049897	0.033545
0.04211	0.045235	0.025594	0.027367	0.025985	0.048209	0.05996	0.050106	0.037513	0.032308
0.047322	0.047337	0.027812	0.030079	0.027071	0.040377	0.04837	0.05001	0.029232	0.034706
0.048648	0.041911	0.026166	0.029338	0.029804	0.054947	0.045241	0.052148	0.026577	0.030558
0.045833	0.041125	0.026049	0.026843	0.029277	0.051512	0.045669	0.056226	0.026136	0.035561
0.036889	0.043067	0.02585	0.027975	0.032097	0.050764	0.047812	0.048166	0.02673	0.035206
0.034248	0.035159	0.024539	0.031082	0.025909	0.03289	0.048191	0.049272	0.029147	0.034357
0.034013	0.034293	0.02378	0.030652	0.021504	0.040083	0.052069	0.051827	0.025852	0.032459
0.033084	0.039764	0.024817	0.033753	0.02027	0.0493	0.047068	0.043216	0.025796	0.032077
0.033884	0.040829	0.028315	0.040439	0.023426	0.052798	0.049033	0.045569	0.028128	0.032668
0.037926	0.03674	0.026621	0.046599	0.024521	0.044781	0.046064	0.036585	0.028342	0.034197
0.038992	0.033509	0.032493	0.041385	0.02739	0.045059	0.050463	0.037161	0.028732	0.034608
0.041281	0.033474	0.029003	0.03767	0.031127	0.042897	0.045786	0.041407	0.031394	0.03137
0.043628	0.031567	0.02529	0.040235	0.025043	0.038433	0.045039	0.040259	0.035368	0.032527
0.046627	0.028484	0.026325	0.035044	0.025133	0.038231	0.050784	0.038708	0.027286	0.030201
0.041131	0.028621	0.025832	0.040828	0.021615	0.039509	0.04821	0.039239	0.021202	0.036717
0.045003	0.028954	0.027369	0.036754	0.020709	0.040616	0.047497	0.039333	0.026227	0.045613
0.048904	0.028193	0.029083	0.033907	0.024184	0.040633	0.045899	0.038901	0.027684	0.035144
0.045244	0.027358	0.03116	0.035569	0.024601	0.036965	0.044965	0.041552	0.025193	0.034798
0.038916	0.034163	0.024671	0.032998	0.019509	0.043134	0.043229	0.045412	0.025045	0.037665
0.037548	0.036199	0.025075	0.03335	0.019727	0.040563	0.04039	0.049727	0.026214	0.039535
0.038034	0.033201	0.033974	0.034995	0.025731	0.045815	0.044293	0.04463	0.026503	0.037927
0.032396	0.036161	0.029625	0.038471	0.026222	0.04954	0.037729	0.047584	0.03444	0.038135
0.032121	0.039824	0.029625	0.034612	0.024637	0.052438	0.040317	0.050428	0.041446	0.034577
0.032162	0.034465	0.029368	0.031011	0.033267	0.052244	0.042215	0.050915	0.053811	0.034628
0.03453	0.032192	0.031095	0.029424	0.034146	0.048677	0.037045	0.044814	0.044071	0.033899
0.035051	0.030707	0.03195	0.037568	0.033452	0.049349	0.036674	0.035211	0.04037	0.039627
0.03259	0.032794	0.026221	0.030576	0.030887	0.046333	0.030042	0.036991	0.034544	0.043762
0.03118	0.030183	0.027363	0.027604	0.03077	0.04873	0.036891	0.031625	0.045961	0.042107
0.034623	0.029868	0.03485	0.030091	0.027253	0.044711	0.034153	0.031757	0.034776	0.040919
0.033113	0.030301	0.033158	0.029956	0.027801	0.045722	0.029615	0.034114	0.023808	0.036658
0.032132	0.029532	0.026937	0.03288	0.020408	0.042081	0.026592	0.033514	0.031621	0.035667
0.031745	0.034072	0.0269	0.027983	0.018156	0.038227	0.026061	0.036165	0.041162	0.034781
0.031126	0.035029	0.034585	0.025943	0.020584	0.033648	0.027949	0.03362	0.038613	0.033093
0.036056	0.031405	0.037155	0.030481	0.019631	0.032517	0.028186	0.035978	0.035532	0.030773
0.039378	0.028656	0.036797	0.028209	0.027311	0.035228	0.037253	0.041826	0.029515	0.032321
0.032443	0.031048	0.030436	0.027918	0.020355	0.036224	0.034073	0.042729	0.016559	0.033982
0.030045	0.028938	0.028043	0.032978	0.024412	0.035818	0.034695	0.032564	0.026295	0.033462
0.032556	0.030396	0.029315	0.037585	0.029241	0.03384	0.033672	0.041686	0.029427	0.032049
0.031142	0.031003	0.029765	0.032898	0.017836	0.033042	0.034305	0.039484	0.025489	0.029398
0.031237	0.027576	0.033047	0.028319	0.021212	0.032103	0.034187	0.039171	0.031709	0.030605
0.03334	0.030118	0.029806	0.029096	0.026349	0.037065	0.032568	0.042997	0.035727	0.032415
0.036672	0.033667	0.031171	0.034647	0.020617	0.034457	0.032874	0.039419	0.039943	0.02712
0.036246	0.034686	0.030145	0.033765	0.018768	0.030448	0.031088	0.035686	0.045901	0.033563
0.034487	0.035814	0.028379	0.032874	0.020606	0.03715	0.030973	0.036153	0.042256	0.046502
0.032686	0.036459	0.029165	0.030867	0.021331	0.039162	0.030501	0.046975	0.041419	0.048035
0.035461	0.038979	0.03327	0.032671	0.021828	0.039037	0.038825	0.046788	0.038943	0.048045
0.040445	0.037785	0.02102	0.030592	0.023331	0.03977	0.046279	0.0362	0.037654	0.045455
0.044188	0.034032	0.026834	0.031385	0.02146	0.03955	0.045083	0.03374	0.041291	0.045747
0.046192	0.034069	0.029633	0.028752	0.025812	0.03934	0.046184	0.042492	0.032873	0.04223
0.045899	0.035038	0.024761	0.028332	0.032359	0.038628	0.048189	0.040091	0.034331	0.036164
0.052568	0.035439	0.029562	0.03643	0.026111	0.038592	0.044583	0.040624	0.038792	0.042093
0.049944	0.033354	0.029244	0.031357	0.028837	0.044105	0.050035	0.0377	0.033914	0.036281
0.042355	0.028932	0.022298	0.036411	0.032057	0.04896	0.039327	0.039052	0.032456	0.03769
0.034743	0.03057	0.030952	0.030261	0.032131	0.050832	0.038696	0.038518	0.027536	0.029935
0.032241	0.029867	0.036161	0.039587	0.026325	0.045995	0.032991	0.037752	0.023311	0.031292
0.026047	0.03214	0.032949	0.044605	0.02731	0.045361	0.032566	0.038821	0.025978	0.030512
0.032528	0.030862	0.031896	0.045941	0.025871	0.052339	0.030327	0.04467	0.029296	0.032648
0.032032	0.026713	0.040611	0.035579	0.021334	0.046038	0.034354	0.04429	0.026871	0.034671
0.044657	0.026986	0.030532	0.037925	0.022024	0.048931	0.052097	0.048765	0.026597	0.042374
0.029157	0.032459	0.026545	0.033496	0.021552	0.048834	0.039696	0.047774	0.027371	0.044794
0.030338	0.027978	0.025602	0.040306	0.02167	0.043435	0.037827	0.042427	0.030684	0.048501
0.033131	0.025353	0.026058	0.038081	0.023421	0.042086	0.041723	0.049813	0.041215	0.038451
0.0336	0.036871	0.026427	0.045962	0.024198	0.042555	0.033749	0.03992	0.035951	0.036089
0.037695	0.037678	0.026511	0.032702	0.02159	0.044219	0.038415	0.051617	0.030508	0.036472
0.049046	0.040342	0.025041	0.034151	0.018852	0.03303	0.045416	0.037564	0.031198	0.037855
0.034389	0.041885	0.028654	0.033578	0.018295	0.032661	0.043696	0.043728	0.04379	0.038818
0.033041	0.035058	0.028474	0.03816	0.019389	0.038764	0.049014	0.032269	0.045017	0.035582
0.032606	0.036361	0.028264	0.034425	0.020168	0.039053	0.050999	0.031342	0.036511	0.036052
0.046624	0.039528	0.027744	0.032714	0.026024	0.038672	0.048288	0.047196	0.031957	0.037059
0.037223	0.035093	0.02948	0.034914	0.033765	0.049518	0.053602	0.031829	0.026541	0.036791
0.046468	0.031846	0.028757	0.033924	0.035949	0.052063	0.048029	0.034565	0.02742	0.033777
0.046659	0.032388	0.03256	0.033336	0.032989	0.05073	0.046438	0.038445	0.028974	0.035239
0.052947	0.03347	0.032654	0.033249	0.032141	0.052649	0.047718	0.044882	0.032661	0.035465
0.050382	0.034948	0.030722	0.025191	0.022708	0.053427	0.052809	0.049131	0.040832	0.034267
0.049881	0.029988	0.032939	0.035239	0.022024	0.054642	0.050531	0.046847	0.037059	0.035687
0.044369	0.026415	0.03216	0.034547	0.023496	0.055213	0.046286	0.050382	0.039957	0.043013
0.043001	0.027287	0.029579	0.037582	0.024222	0.048669	0.042553	0.045831	0.038657	0.045869
0.046517	0.029671	0.027592	0.038507	0.04186	0.048645	0.043505	0.048531	0.038702	0.046035
0.043149	0.030123	0.027943	0.035063	0.035528	0.051083	0.042825	0.04488	0.035065	0.045529
0.041707	0.030652	0.028676	0.033619	0.019098	0.042767	0.04402	0.046782	0.034064	0.049239
0.05141	0.031542	0.030615	0.033272	0.018878	0.046387	0.039202	0.040335	0.037661	0.045443
0.048156	0.03792	0.031351	0.036322	0.019862	0.048281	0.050397	0.044328	0.024043	0.045044
0.045005	0.042224	0.026108	0.031838	0.029313	0.042416	0.043	0.038708	0.024771	0.03572
0.040642	0.037675	0.026887	0.031215	0.027497	0.042033	0.039649	0.048361	0.044083	0.03984
0.038722	0.035052	0.027533	0.033988	0.025371	0.046687	0.039609	0.0327	0.042071	0.032604
0.041671	0.03281	0.029491	0.029824	0.026041	0.040136	0.039444	0.038219	0.035938	0.033865
0.042883	0.034388	0.030012	0.03126	0.025655	0.041711	0.036601	0.032775	0.033271	0.034051
0.041145	0.03567	0.030133	0.031125	0.024463	0.037395	0.040798	0.033218	0.037598	0.030871
0.042321	0.031799	0.032291	0.029284	0.023958	0.045707	0.04026	0.033467	0.025957	0.032565
0.041383	0.032136	0.042997	0.030866	0.023696	0.041508	0.038619	0.029699	0.025076	0.036972
0.033442	0.027845	0.034501	0.03348	0.02633	0.044617	0.036916	0.029828	0.025104	0.039432
0.037848	0.028936	0.027598	0.031097	0.027245	0.039565	0.039132	0.032154	0.029118	0.037254
0.037151	0.029795	0.032317	0.033972	0.026751	0.042302	0.039195	0.032037	0.026884	0.041679
0.031338	0.030839	0.029149	0.033089	0.032086	0.039491	0.034182	0.03285	0.029498	0.037708
0.024061	0.028714	0.030148	0.03198	0.032881	0.039028	0.036976	0.033282	0.029663	0.029929
0.025731	0.029611	0.030794	0.033699	0.030382	0.038296	0.036804	0.033398	0.029601	0.034648
0.030061	0.031848	0.02948	0.035657	0.023612	0.029596	0.039019	0.031432	0.035484	0.033824
0.028471	0.03082	0.035472	0.034129	0.022138	0.029236	0.038395	0.032553	0.036222	0.032894
0.02867	0.028581	0.036151	0.032224	0.023625	0.032113	0.034978	0.040221	0.03262	0.033032
0.028126	0.027593	0.042858	0.036599	0.02408	0.032965	0.033913	0.031882	0.026719	0.032694
0.029035	0.029136	0.042328	0.037883	0.024672	0.034716	0.036451	0.031731	0.030669	0.039723
0.030182	0.029406	0.044426	0.041203	0.022416	0.026073	0.036376	0.031508	0.032134	0.044863
0.02731	0.031099	0.034072	0.031917	0.022619	0.033933	0.034512	0.034639	0.035681	0.044097
0.027886	0.027229	0.031041	0.038544	0.023518	0.041386	0.03147	0.031228	0.041103	0.044858
0.028858	0.030599	0.031429	0.034827	0.029835	0.042093	0.032325	0.033398	0.040953	0.04803
0.029459	0.032541	0.030996	0.025358	0.027104	0.044569	0.030791	0.032164	0.039139	0.043555
0.035314	0.030051	0.028628	0.021675	0.025836	0.046258	0.031001	0.030084	0.030542	0.04004
0.034379	0.02959	0.026873	0.027869	0.027042	0.049906	0.031137	0.031875	0.030212	0.041218
0.033395	0.029607	0.027766	0.028231	0.023638	0.046308	0.0299	0.030486	0.031492	0.037435
0.043234	0.029323	0.02949	0.02943	0.023807	0.039997	0.030212	0.036075	0.028798	0.038553
0.057316	0.028022	0.029512	0.027497	0.024093	0.039915	0.028564	0.040283	0.028444	0.040533
0.044796	0.02733	0.02815	0.039323	0.024041	0.036114	0.031748	0.038966	0.029208	0.034534
0.048643	0.028084	0.026846	0.032892	0.028401	0.043544	0.036451	0.033859	0.031872	0.034224
0.038639	0.02643	0.028056	0.035165	0.03014	0.034905	0.033206	0.03346	0.028685	0.035291
0.044422	0.031634	0.028796	0.034218	0.034674	0.032558	0.032719	0.033788	0.037884	0.036598
0.04353	0.032232	0.030136	0.024909	0.037183	0.034706	0.030891	0.034206	0.031056	0.034344
0.03025	0.034281	0.033772	0.032899	0.035216	0.028826	0.030405	0.0334	0.034141	0.035196
0.038628	0.035266	0.034257	0.030099	0.031991	0.037951	0.032333	0.032818	0.043396	0.037108
0.034656	0.035629	0.028012	0.028336	0.027818	0.03925	0.032409	0.032368	0.036538	0.038533
0.040737	0.035316	0.032142	0.031735	0.028911	0.033798	0.034007	0.03245	0.031294	0.038543
0.028906	0.033619	0.034307	0.035761	0.029965	0.028068	0.031175	0.032159	0.032062	0.039246
0.041251	0.033037	0.031354	0.036972	0.028199	0.030253	0.030212	0.033842	0.03033	0.042449
0.03418	0.030327	0.032357	0.038613	0.028253	0.030194	0.032493	0.032319	0.039586	0.049944
0.036631	0.031153	0.031357	0.039841	0.02727	0.032174	0.034846	0.033374	0.038782	0.050345
0.044212	0.030053	0.028567	0.039071	0.027589	0.033751	0.031373	0.035165	0.041175	0.052295
0.033149	0.029809	0.037466	0.037436	0.031017	0.043507	0.045532	0.035961	0.026435	0.043619
0.02853	0.028744	0.036502	0.036672	0.036455	0.040877	0.046551	0.035076	0.028906	0.044128
0.01923	0.029376	0.040365	0.036606	0.031987	0.035032	0.0381	0.033699	0.040426	0.043572
0.024297	0.028249	0.043343	0.031402	0.025155	0.035967	0.036295	0.032301	0.048646	0.035001
0.029945	0.028622	0.032259	0.035649	0.03099	0.037677	0.037404	0.035856	0.046481	0.036145
0.030421	0.027455	0.030292	0.029516	0.040932	0.039743	0.043783	0.040487	0.045055	0.035639
0.027586	0.028121	0.038351	0.037031	0.036693	0.042457	0.041737	0.040772	0.047516	0.038444
0.02713	0.028708	0.034499	0.02935	0.037213	0.03503	0.035777	0.050038	0.038954	0.043236
0.030489	0.028013	0.030143	0.02116	0.036231	0.035994	0.035578	0.047876	0.044281	0.041082
0.027183	0.02854	0.037498	0.037343	0.035446	0.037483	0.032883	0.043091	0.042572	0.037724
0.031225	0.029016	0.039268	0.042325	0.037058	0.041117	0.031563	0.046684	0.037722	0.044905
0.033446	0.030858	0.044164	0.044113	0.03777	0.030405	0.031335	0.03515	0.040638	0.048519
0.028671	0.02915	0.039179	0.044735	0.042124	0.040824	0.031411	0.033229	0.036004	0.043563
0.026036	0.030721	0.035021	0.03718	0.039182	0.037679	0.031383	0.036147	0.034189	0.041326
0.032055	0.032761	0.042303	0.040336	0.038128	0.049404	0.032087	0.035658	0.041088	0.040903
0.033857	0.028936	0.042937	0.03443	0.036777	0.047634	0.03454	0.038393	0.045115	0.047159
0.0332	0.026644	0.040189	0.026837	0.035951	0.034823	0.029446	0.041052	0.04368	0.052585
0.03701	0.028917	0.036513	0.032447	0.034475	0.038156	0.027818	0.038926	0.041244	0.056756
0.041877	0.031284	0.034685	0.035448	0.028919	0.042013	0.029682	0.039146	0.048865	0.053073
0.049494	0.026781	0.031789	0.029268	0.029586	0.037309	0.029455	0.03772	0.04595	0.053448
0.029172	0.027923	0.027764	0.036307	0.029618	0.037394	0.029135	0.033691	0.044049	0.05567
0.027543	0.030994	0.033287	0.036994	0.03571	0.040143	0.028681	0.035397	0.048133	0.04826
0.029589	0.032297	0.036187	0.043762	0.042117	0.032358	0.029352	0.034805	0.043287	0.051757
0.025987	0.031281	0.036399	0.041718	0.04043	0.033446	0.031446	0.034444	0.038382	0.051682
0.034269	0.029943	0.03075	0.033556	0.043982	0.034461	0.03471	0.033912	0.035366	0.056373
0.033428	0.030507	0.029255	0.038338	0.037083	0.03366	0.042543	0.036515	0.033482	0.04215
0.035987	0.02697	0.032973	0.040718	0.033622	0.034009	0.03475	0.033032	0.038348	0.041733
0.030092	0.027395	0.040811	0.041194	0.0323	0.033577	0.032014	0.033914	0.034889	0.040599
0.025332	0.028768	0.038793	0.043676	0.030618	0.034203	0.035391	0.036158	0.034944	0.038722
0.028257	0.029801	0.043275	0.040718	0.023988	0.036119	0.035033	0.035281	0.032452	0.040461
0.026127	0.028575	0.045885	0.042864	0.03308	0.035615	0.03571	0.035644	0.034535	0.045477
0.022549	0.029308	0.039769	0.044528	0.027291	0.038755	0.035001	0.035722	0.034364	0.048072
0.032899	0.036269	0.038315	0.047194	0.027835	0.034027	0.034293	0.034768	0.035104	0.048476
0.029043	0.03505	0.034029	0.03978	0.030749	0.02992	0.04087	0.033469	0.03228	0.052849
0.018382	0.034844	0.033657	0.032155	0.025725	0.029419	0.039703	0.032466	0.041833	0.050893
0.036879	0.033595	0.031013	0.035998	0.026425	0.027891	0.042818	0.032324	0.039435	0.044386
0.038855	0.028758	0.032997	0.031874	0.022136	0.027796	0.039411	0.035758	0.041145	0.04462
0.040071	0.02792	0.030017	0.030887	0.028659	0.032878	0.033443	0.034845	0.042804	0.038392
0.043727	0.029472	0.028206	0.032766	0.033783	0.042721	0.032119	0.033524	0.038504	0.042744
0.045116	0.028545	0.029163	0.039143	0.032392	0.049389	0.03638	0.039409	0.039977	0.042878
0.039633	0.03171	0.03164	0.038083	0.0335	0.054185	0.033784	0.049271	0.05	0.040578
0.039058	0.044208	0.029259	0.038519	0.030143	0.052981	0.033702	0.042875	0.046447	0.043173
0.036128	0.033387	0.030777	0.034041	0.029614	0.05363	0.035927	0.04164	0.046177	0.038092
0.040492	0.022733	0.030031	0.036868	0.028631	0.038163	0.02948	0.036895	0.040988	0.04844
0.04223	0.027504	0.026658	0.039909	0.030742	0.050069	0.032246	0.036919	0.041897	0.053299
0.02758	0.031003	0.034463	0.039169	0.028248	0.034748	0.041994	0.037546	0.04156	0.04565
0.028816	0.03169	0.032582	0.034402	0.025269	0.037836	0.049506	0.035192	0.040949	0.039307
0.033912	0.02796	0.027561	0.034466	0.029241	0.035634	0.053915	0.037408	0.030297	0.044369
0.030175	0.030684	0.03051	0.037728	0.033149	0.03733	0.06231	0.03809	0.02751	0.047408
0.038358	0.033184	0.033432	0.047202	0.03157	0.032422	0.041433	0.036803	0.031377	0.045622
0.033199	0.028975	0.032318	0.037703	0.033137	0.035996	0.040902	0.033504	0.032202	0.046868
0.024895	0.027518	0.036179	0.037082	0.037711	0.036927	0.038847	0.033766	0.033739	0.04965
0.025558	0.029996	0.041339	0.0332	0.04644	0.035399	0.040446	0.03456	0.038946	0.049769
0.029151	0.034454	0.033952	0.03462	0.035838	0.037433	0.043259	0.035646	0.054817	0.048295
0.028151	0.041667	0.030718	0.038996	0.036164	0.038746	0.041291	0.048631	0.037858	0.044655
0.032694	0.041538	0.029316	0.037646	0.035198	0.041874	0.037331	0.055804	0.038857	0.044747
0.031811	0.037662	0.032022	0.040246	0.034461	0.026143	0.033245	0.048831	0.037602	0.042659
0.031581	0.036029	0.032451	0.042773	0.035828	0.032682	0.032181	0.045812	0.029573	0.041085
0.029509	0.036716	0.03239	0.051373	0.028462	0.034175	0.035392	0.040949	0.031702	0.041496
0.02921	0.035975	0.0323	0.042177	0.02611	0.036592	0.038862	0.03847	0.039008	0.044701
0.029474	0.03651	0.030914	0.031749	0.025841	0.028811	0.048695	0.041462	0.045973	0.040153
0.033099	0.029358	0.032827	0.032027	0.028684	0.046716	0.038868	0.040788	0.028543	0.043465
0.036074	0.030071	0.029151	0.033057	0.030463	0.044872	0.0396	0.037481	0.030852	0.03482
0.034849	0.029555	0.031403	0.036241	0.030729	0.04778	0.035086	0.035664	0.03616	0.041591
0.028683	0.029979	0.03728	0.0383	0.028231	0.041735	0.031187	0.036448	0.037673	0.035183
0.033933	0.029672	0.036189	0.03898	0.02522	0.048339	0.032059	0.034301	0.043174	0.031614
0.032311	0.027936	0.035364	0.033574	0.029516	0.043247	0.030687	0.033988	0.046381	0.035036
0.031908	0.031034	0.032563	0.039446	0.037904	0.041286	0.03131	0.034596	0.049698	0.038565
0.026221	0.031142	0.033942	0.035642	0.030451	0.041864	0.030422	0.033737	0.040275	0.04065
0.026251	0.029282	0.03267	0.03722	0.028729	0.043401	0.033873	0.035521	0.051946	0.037847
0.041045	0.029569	0.026249	0.050764	0.035109	0.040455	0.034899	0.035413	0.050336	0.035816
0.041069	0.028081	0.027418	0.037244	0.036349	0.046586	0.035309	0.042018	0.054383	0.040996
0.03649	0.029267	0.028344	0.030338	0.032852	0.038457	0.032203	0.03569	0.045046	0.034807
0.042573	0.029311	0.029489	0.028506	0.026224	0.037575	0.031873	0.034398	0.039409	0.041061
0.041851	0.028656	0.027097	0.031265	0.029025	0.035296	0.034929	0.037763	0.038332	0.042986
0.034323	0.028349	0.030354	0.034272	0.030751	0.034058	0.032314	0.038008	0.026455	0.04266
0.033122	0.030947	0.030318	0.032448	0.033512	0.044326	0.033071	0.03722	0.024047	0.04181
0.049928	0.035734	0.028396	0.030922	0.033482	0.040812	0.035272	0.040066	0.028014	0.045656
0.028652	0.042856	0.033684	0.043842	0.02891	0.035516	0.034689	0.043093	0.029116	0.042395
0.035873	0.035486	0.031558	0.034649	0.027773	0.043011	0.041939	0.039966	0.031692	0.044249
0.038989	0.034281	0.03107	0.041811	0.032062	0.04032	0.04288	0.035839	0.034012	0.043085
0.028965	0.032424	0.035259	0.034138	0.035923	0.041571	0.048682	0.036034	0.037962	0.042793
0.025559	0.031159	0.034696	0.040751	0.037266	0.036473	0.042254	0.035418	0.036997	0.036747
0.032239	0.0305	0.034468	0.034332	0.026728	0.037191	0.03628	0.036788	0.026608	0.039584
0.029744	0.030407	0.034136	0.044924	0.029661	0.037922	0.033363	0.038589	0.032911	0.039458
0.030145	0.029612	0.037789	0.041167	0.022924	0.038697	0.034201	0.034385	0.031527	0.039888
0.035222	0.030958	0.039327	0.046692	0.027101	0.049411	0.034586	0.035308	0.033909	0.037996
0.034729	0.028594	0.036327	0.038999	0.030302	0.043057	0.035078	0.03428	0.04178	0.03731
0.043605	0.030502	0.028648	0.041238	0.036586	0.042069	0.033986	0.037804	0.034906	0.04699
0.043138	0.031144	0.034279	0.0343	0.037441	0.033517	0.032349	0.038071	0.034005	0.048081
0.037023	0.031005	0.036571	0.036682	0.036903	0.037076	0.032111	0.038536	0.029898	0.046669
0.039171	0.030987	0.034542	0.039983	0.03956	0.042955	0.032386	0.035837	0.041036	0.047277
0.037536	0.030136	0.035047	0.041526	0.041602	0.036371	0.0326	0.033595	0.027929	0.047755
0.03671	0.029335	0.03814	0.040199	0.037347	0.037345	0.039302	0.034802	0.033328	0.047709
0.043335	0.030276	0.041562	0.051132	0.036285	0.032997	0.039358	0.037576	0.039457	0.052844
0.031876	0.027237	0.041258	0.030399	0.038258	0.038053	0.03779	0.03626	0.04048	0.03512
0.01998	0.029305	0.042457	0.035983	0.037663	0.049553	0.033732	0.034399	0.03963	0.04981
0.027454	0.034875	0.041599	0.038595	0.033501	0.037974	0.036069	0.036238	0.045796	0.053876
0.026623	0.039894	0.048746	0.040383	0.031196	0.037385	0.031626	0.034415	0.043463	0.041017
0.026092	0.040278	0.035727	0.041133	0.029694	0.036578	0.031994	0.032637	0.049881	0.042211
0.044428	0.039369	0.036276	0.041368	0.028728	0.035568	0.035462	0.034448	0.056234	0.038801
0.033031	0.036557	0.035731	0.039756	0.023561	0.034951	0.035366	0.03644	0.056216	0.04683
0.026433	0.035376	0.038336	0.038452	0.024379	0.037406	0.035154	0.041708	0.047248	0.044289
0.026056	0.034443	0.041904	0.032072	0.025462	0.036242	0.032675	0.049171	0.041182	0.046359
0.031288	0.032986	0.045389	0.027446	0.032611	0.030512	0.034279	0.047378	0.044252	0.048042
0.038103	0.032769	0.044914	0.030018	0.038001	0.031228	0.036957	0.043014	0.041484	0.045599
0.034749	0.031094	0.037223	0.027212	0.046191	0.042193	0.037645	0.040762	0.034663	0.044494
0.029232	0.029839	0.040126	0.031181	0.042516	0.034396	0.045015	0.039948	0.033336	0.047982
0.026587	0.031446	0.033977	0.031406	0.041306	0.033501	0.047479	0.044515	0.030556	0.044436
0.031862	0.031785	0.037516	0.034871	0.04268	0.051035	0.050831	0.046139	0.029531	0.042409
0.031408	0.031895	0.037742	0.03856	0.041926	0.041857	0.048465	0.046424	0.033849	0.045634
0.052347	0.031827	0.038884	0.041581	0.039861	0.043968	0.049153	0.046406	0.038085	0.046068
0.036616	0.033264	0.032713	0.041604	0.03467	0.051145	0.057537	0.044414	0.033063	0.047822
0.031898	0.032307	0.031033	0.03965	0.032237	0.046143	0.055283	0.040552	0.039014	0.047385
0.037369	0.032098	0.031581	0.044336	0.033856	0.035977	0.042938	0.037842	0.039659	0.048233
0.026747	0.034688	0.029355	0.042645	0.031446	0.04031	0.035352	0.036535	0.03329	0.047711
0.033678	0.033475	0.02988	0.036303	0.031671	0.039356	0.032831	0.034859	0.034274	0.047356
0.041119	0.036481	0.0316	0.036702	0.030814	0.042469	0.033394	0.035283	0.038524	0.044101
0.047387	0.041557	0.025727	0.029403	0.028817	0.043005	0.034267	0.035371	0.045873	0.03982
0.04746	0.033991	0.025469	0.032478	0.031108	0.036585	0.03226	0.035164	0.040221	0.047078
