CON fEVs						GW6471 fEVs					
0.709957	0.761487	0.740644	0.782623	0.697575	0.721903	0.740153	0.80917	0.751812	0.714018	0.694487	0.707805
0.728774	0.743816	0.763789	0.797654	0.692748	0.707818	0.741435	0.815029	0.741459	0.696498	0.699424	0.706007
0.738947	0.739273	0.745021	0.796376	0.686141	0.705504	0.736049	0.825719	0.734208	0.686687	0.729576	0.70674
0.744715	0.757259	0.750644	0.794568	0.703573	0.70157	0.744656	0.8159	0.741464	0.679708	0.698652	0.715426
0.780079	0.774044	0.782046	0.798548	0.740829	0.698536	0.746534	0.809587	0.741208	0.700469	0.723831	0.710675
0.785015	0.764104	0.763083	0.797312	0.690237	0.703421	0.757253	0.794487	0.743354	0.685487	0.707079	0.710818
0.760003	0.762973	0.750263	0.770194	0.68792	0.713087	0.717292	0.774665	0.726036	0.710115	0.722605	0.699114
0.70586	0.747269	0.753961	0.782451	0.690395	0.694172	0.729928	0.740334	0.708186	0.666507	0.72143	0.696182
0.739075	0.750195	0.793624	0.795062	0.685408	0.712666	0.736271	0.759723	0.736341	0.675731	0.722911	0.690468
0.747448	0.747529	0.763077	0.781395	0.685678	0.722684	0.731534	0.759617	0.72678	0.67796	0.717493	0.705132
0.73795	0.753198	0.773853	0.745152	0.707866	0.711114	0.73497	0.760708	0.720626	0.687873	0.720681	0.711321
0.729367	0.732015	0.761088	0.71908	0.741004	0.698189	0.709847	0.737341	0.696343	0.664495	0.718794	0.708391
0.762057	0.759371	0.760553	0.727542	0.741889	0.690889	0.720383	0.749687	0.730457	0.665005	0.709209	0.706389
0.751175	0.777875	0.749738	0.749794	0.733902	0.703709	0.770906	0.739516	0.73437	0.680396	0.713045	0.690184
0.76972	0.756424	0.769222	0.769413	0.724234	0.695371	0.718282	0.782808	0.801712	0.665805	0.696661	0.669211
0.794568	0.762863	0.785722	0.752746	0.707334	0.694498	0.747212	0.789547	0.812025	0.641932	0.711548	0.672364
0.766486	0.756738	0.817321	0.761688	0.744842	0.693614	0.775832	0.751521	0.773563	0.681766	0.720967	0.690075
0.736656	0.696723	0.793634	0.741767	0.732813	0.699658	0.776073	0.755724	0.776791	0.708619	0.72288	0.694877
0.786592	0.755739	0.786543	0.723198	0.733473	0.695746	0.721348	0.73115	0.732128	0.673328	0.684445	0.697927
0.737733	0.739192	0.766096	0.731465	0.743817	0.681513	0.758457	0.756369	0.780067	0.643416	0.700655	0.683277
0.779299	0.763713	0.751004	0.738258	0.725884	0.72309	0.754525	0.7853	0.813778	0.640589	0.685185	0.677889
0.78717	0.782231	0.788646	0.752769	0.702568	0.731399	0.734795	0.749523	0.783712	0.617925	0.684979	0.684624
0.777661	0.753357	0.814549	0.751246	0.67498	0.728926	0.745956	0.729689	0.763894	0.628888	0.674586	0.676925
0.758202	0.732452	0.802192	0.744969	0.662534	0.742897	0.768722	0.736341	0.762553	0.610926	0.688341	0.702628
0.761552	0.725759	0.769323	0.724236	0.663337	0.762621	0.723361	0.736054	0.767482	0.577278	0.693638	0.736335
											
0.775791	0.731919	0.7812	0.749542	0.687891	0.763753	0.723957	0.747003	0.778145	0.623578	0.734229	0.70371
0.776329	0.734267	0.751593	0.765444	0.681311	0.776045	0.711807	0.735952	0.779851	0.607794	0.677902	0.702118
0.767046	0.750055	0.737289	0.778798	0.663967	0.760808	0.71293	0.699528	0.752372	0.619426	0.711548	0.701268
0.754182	0.736976	0.724375	0.76352	0.64753	0.753349	0.711146	0.693092	0.764441	0.629546	0.749222	0.673924
0.773509	0.724096	0.742583	0.753874	0.673943	0.755634	0.717545	0.720249	0.745429	0.637796	0.776975	0.684584
0.770891	0.725769	0.738453	0.740346	0.707855	0.75929	0.782731	0.790494	0.761676	0.653434	0.722304	0.709732
0.773377	0.735185	0.753953	0.737983	0.704517	0.744402	0.808663	0.799215	0.751245	0.70481	0.74259	0.711527
0.789688	0.739256	0.783096	0.742708	0.652781	0.744804	0.810943	0.782598	0.748314	0.719132	0.735037	0.701718
0.792198	0.779131	0.798302	0.765341	0.671244	0.737441	0.817174	0.801752	0.786929	0.710737	0.720485	0.698522
0.780713	0.789392	0.804612	0.735717	0.669528	0.748005	0.814654	0.778182	0.762478	0.721395	0.699468	0.692264
0.779134	0.806165	0.803591	0.737837	0.676388	0.751155	0.802211	0.770092	0.743409	0.714909	0.712325	0.685382
0.782135	0.805924	0.806476	0.725027	0.699254	0.74047	0.784592	0.770128	0.784501	0.72941	0.723628	0.70079
0.767004	0.746085	0.797802	0.728928	0.72383	0.704486	0.763391	0.749253	0.798956	0.710586	0.702041	0.692106
0.779191	0.771422	0.776159	0.78497	0.721573	0.685428	0.80176	0.783673	0.781739	0.725632	0.716905	0.697571
0.773293	0.767002	0.810075	0.80043	0.710757	0.698198	0.784895	0.778496	0.793024	0.74462	0.721745	0.713641
0.77818	0.782907	0.806396	0.782001	0.739986	0.707265	0.762895	0.771272	0.802465	0.695302	0.721438	0.707243
0.774707	0.771236	0.796121	0.764187	0.703567	0.708589	0.794261	0.769723	0.802563	0.651514	0.698849	0.691895
0.793531	0.779452	0.816548	0.764563	0.747514	0.706098	0.80237	0.754679	0.81329	0.669309	0.70033	0.677931
0.768415	0.734551	0.806198	0.765665	0.740945	0.677729	0.772185	0.723805	0.779349	0.665081	0.713351	0.670188
0.771213	0.728229	0.806807	0.743446	0.720036	0.705947	0.798333	0.73862	0.797819	0.661391	0.712215	0.721348
0.76383	0.749941	0.808066	0.795278	0.745623	0.700536	0.800196	0.753489	0.797829	0.661989	0.697237	0.737918
0.772722	0.747952	0.794099	0.796158	0.696848	0.658473	0.804882	0.761678	0.813222	0.654535	0.67271	0.706262
0.782462	0.777327	0.810448	0.779721	0.747824	0.67465	0.794439	0.777082	0.814746	0.658104	0.682427	0.721782
0.789306	0.776211	0.814651	0.75943	0.718648	0.667586	0.784411	0.780728	0.818107	0.66305	0.702922	0.757282
0.792984	0.767916	0.813358	0.773373	0.720759	0.687702	0.766761	0.765458	0.78529	0.65131	0.684294	0.717309
0.781822	0.773662	0.786171	0.731505	0.717406	0.707749	0.758484	0.752739	0.791073	0.658507	0.711058	0.714402
0.782848	0.777578	0.79188	0.712574	0.725566	0.693498	0.722431	0.754407	0.793692	0.630816	0.714256	0.725343
0.781201	0.778054	0.796863	0.734134	0.712037	0.687087	0.756416	0.764394	0.792683	0.640613	0.758216	0.753052
0.780551	0.79117	0.796926	0.712966	0.744545	0.67691	0.770246	0.784314	0.777985	0.66556	0.718766	0.705038
0.778117	0.785786	0.813885	0.703891	0.752985	0.70855	0.772302	0.793496	0.781608	0.659585	0.725198	0.73419
0.740254	0.771352	0.786239	0.710896	0.722804	0.672679	0.774491	0.79074	0.803192	0.650986	0.712811	0.668845
0.764994	0.767245	0.808502	0.747888	0.700573	0.679386	0.780622	0.802462	0.764734	0.64676	0.710388	0.700911
0.728879	0.790785	0.78197	0.769106	0.694239	0.683653	0.77573	0.771432	0.737385	0.64487	0.691518	0.716167
0.735352	0.733285	0.751887	0.707208	0.676715	0.714958	0.739329	0.715165	0.702858	0.64513	0.675508	0.702556
0.740507	0.738128	0.779789	0.735425	0.664404	0.69572	0.766342	0.762018	0.751417	0.624066	0.660642	0.689197
0.761976	0.735171	0.787839	0.766766	0.687331	0.687094	0.765336	0.786109	0.765092	0.629855	0.668214	0.649693
0.764276	0.727162	0.790804	0.760438	0.683748	0.661979	0.765222	0.807518	0.810398	0.679449	0.677594	0.68213
0.76652	0.734788	0.789632	0.718951	0.655451	0.694719	0.75453	0.79258	0.777363	0.707711	0.681666	0.669862
0.743235	0.72861	0.773531	0.714271	0.682182	0.694151	0.749603	0.786863	0.783235	0.715718	0.70764	0.696805
0.700608	0.75144	0.773409	0.723419	0.701548	0.676832	0.768331	0.786687	0.808823	0.700656	0.682167	0.682339
0.666311	0.725423	0.779858	0.734243	0.709988	0.64873	0.765351	0.769274	0.807329	0.746235	0.693399	0.662961
0.703194	0.703028	0.784667	0.722697	0.718121	0.64071	0.769427	0.791538	0.787962	0.72768	0.715289	0.715061
0.736718	0.706023	0.777356	0.702025	0.741662	0.663042	0.779579	0.772581	0.793398	0.68409	0.754102	0.79134
0.723027	0.690146	0.772221	0.704926	0.737112	0.672648	0.77786	0.773005	0.798803	0.670218	0.757631	0.670214
0.70906	0.701988	0.766362	0.726993	0.737871	0.725828	0.766561	0.780208	0.794987	0.653069	0.724433	0.695117
0.712221	0.698511	0.765484	0.721371	0.741363	0.730568	0.794661	0.794794	0.801407	0.64493	0.701815	0.70722
0.701929	0.694828	0.749983	0.702642	0.724171	0.719805	0.792148	0.780487	0.783948	0.657029	0.70986	0.670724
0.705527	0.716722	0.732792	0.753188	0.732556	0.756276	0.762302	0.76045	0.777871	0.62741	0.689754	0.683056
0.71932	0.698999	0.735914	0.766282	0.752451	0.761337	0.779298	0.769186	0.771729	0.662283	0.687378	0.721903
0.744389	0.676556	0.733681	0.798593	0.707871	0.772358	0.800665	0.76346	0.749722	0.650353	0.659469	0.738771
0.712164	0.713305	0.702802	0.793737	0.723287	0.776104	0.788651	0.729788	0.723977	0.60142	0.668625	0.725787
0.70795	0.717591	0.753022	0.779691	0.745306	0.786634	0.767575	0.687511	0.695739	0.659762	0.67589	0.748855
0.758619	0.769153	0.773784	0.764784	0.749734	0.766975	0.764852	0.714791	0.699738	0.659079	0.695248	0.761406
0.811438	0.757935	0.741298	0.727254	0.77427	0.746357	0.726266	0.690991	0.697962	0.662132	0.679625	0.692239
0.800358	0.778262	0.730718	0.742098	0.783692	0.732994	0.715938	0.691751	0.693525	0.643014	0.666793	0.72507
0.78558	0.836276	0.719746	0.731883	0.744578	0.719228	0.722759	0.723631	0.70153	0.66815	0.671724	0.736621
0.777862	0.77592	0.739643	0.719126	0.740299	0.712883	0.717743	0.713803	0.683882	0.723163	0.658183	0.726824
0.779604	0.782878	0.731518	0.712585	0.754494	0.732707	0.761856	0.720761	0.696854	0.676651	0.662591	0.720242
0.775751	0.767547	0.705365	0.70663	0.76912	0.739401	0.739765	0.726235	0.720755	0.711499	0.691569	0.728415
0.747136	0.740949	0.717152	0.722071	0.74892	0.739221	0.739998	0.722859	0.728182	0.698251	0.717789	0.680607
0.718888	0.721126	0.756804	0.72647	0.722601	0.717589	0.713986	0.783928	0.735887	0.705686	0.761323	0.695016
0.736663	0.697555	0.790633	0.704436	0.72667	0.738766	0.704184	0.78605	0.746377	0.70024	0.774255	0.695655
0.732669	0.698303	0.802618	0.717474	0.727101	0.746845	0.697224	0.738279	0.776808	0.671726	0.740259	0.693426
0.732008	0.718838	0.814908	0.726551	0.692899	0.741317	0.690577	0.76427	0.80771	0.671219	0.739701	0.685178
0.739988	0.722611	0.827248	0.727007	0.679957	0.728778	0.754475	0.796818	0.833159	0.656919	0.713415	0.675355
0.727765	0.700758	0.780828	0.710867	0.664663	0.704432	0.773443	0.777999	0.813946	0.655835	0.688669	0.683463
0.730797	0.706987	0.781503	0.725513	0.719175	0.7116	0.74555	0.771716	0.803357	0.632713	0.697543	0.7201
0.722988	0.71854	0.778373	0.742271	0.688045	0.695559	0.746128	0.767761	0.79417	0.624014	0.707959	0.726793
0.711365	0.718424	0.761688	0.755876	0.683739	0.704494	0.767322	0.796348	0.808836	0.641922	0.700175	0.709755
0.715866	0.742443	0.755193	0.769773	0.712967	0.693011	0.767177	0.810797	0.798404	0.644341	0.708054	0.678493
0.740311	0.765442	0.757865	0.782091	0.715005	0.720593	0.778202	0.815905	0.823024	0.631144	0.71372	0.659144
0.73363	0.744024	0.783492	0.755147	0.692014	0.728787	0.747109	0.810492	0.825844	0.622366	0.729706	0.666289
0.702578	0.748213	0.815684	0.770264	0.71703	0.739796	0.742458	0.799345	0.802606	0.660002	0.764178	0.692798
0.736748	0.720398	0.804849	0.81885	0.688591	0.715181	0.753166	0.819884	0.781853	0.65849	0.752625	0.680774
0.734964	0.726941	0.78913	0.789851	0.691624	0.700396	0.755975	0.800163	0.750387	0.679102	0.770912	0.667255
0.736477	0.731114	0.791147	0.776685	0.692899	0.691544	0.776387	0.80567	0.770723	0.713188	0.749986	0.665779
0.743388	0.739988	0.785654	0.763816	0.700771	0.689412	0.747089	0.814718	0.753988	0.732552	0.708501	0.678638
0.736487	0.76249	0.785507	0.746467	0.707412	0.687879	0.764917	0.79456	0.779356	0.723955	0.689862	0.671908
0.73989	0.778576	0.779923	0.784244	0.740138	0.670808	0.737464	0.762937	0.762822	0.697664	0.714175	0.679416
0.712643	0.787713	0.782253	0.783855	0.785406	0.67694	0.728578	0.742957	0.739055	0.73046	0.708866	0.708188
0.760949	0.787658	0.783275	0.789238	0.793955	0.683814	0.727987	0.746322	0.741546	0.715418	0.682096	0.664397
0.770688	0.794897	0.778695	0.790715	0.768758	0.70133	0.760333	0.755306	0.776231	0.700133	0.716522	0.678492
0.766407	0.824017	0.766764	0.762575	0.730518	0.694499	0.71339	0.731612	0.771942	0.713008	0.714816	0.690399
0.766189	0.83209	0.779806	0.738436	0.767247	0.67897	0.714848	0.727647	0.76137	0.715275	0.728197	0.659721
0.753515	0.810019	0.798089	0.753646	0.742603	0.685091	0.718001	0.718293	0.769526	0.7034	0.765441	0.664399
0.769244	0.791981	0.801437	0.730505	0.709793	0.705519	0.719262	0.77238	0.777112	0.682897	0.7267	0.653902
0.759993	0.760249	0.808112	0.718112	0.765251	0.714669	0.725459	0.770405	0.791337	0.666051	0.72232	0.679157
0.744679	0.780884	0.780406	0.728426	0.756385	0.700334	0.766637	0.776511	0.798426	0.643253	0.735791	0.753204
0.704714	0.806823	0.788846	0.739042	0.724216	0.706303	0.817212	0.809318	0.789617	0.62575	0.74326	0.760919
0.788254	0.767739	0.788647	0.740137	0.728227	0.72151	0.823307	0.809892	0.774574	0.623621	0.755301	0.742808
0.791283	0.766808	0.785342	0.729419	0.71121	0.699522	0.79899	0.839369	0.776359	0.624483	0.707051	0.715425
0.741683	0.765348	0.784027	0.724949	0.68113	0.688057	0.801997	0.84224	0.749077	0.611912	0.692847	0.714779
0.786591	0.780082	0.777949	0.723958	0.69554	0.715454	0.793395	0.806731	0.719357	0.610333	0.715259	0.692477
0.756916	0.736581	0.772294	0.738135	0.691952	0.698343	0.785516	0.792916	0.713476	0.603843	0.737437	0.681861
0.760951	0.704902	0.777171	0.733483	0.703327	0.733477	0.792848	0.802125	0.713333	0.603985	0.706353	0.688789
0.745199	0.734597	0.783645	0.721766	0.695261	0.711452	0.806809	0.808643	0.720648	0.611533	0.724848	0.702948
0.740138	0.713822	0.797533	0.748757	0.690588	0.737581	0.806993	0.785279	0.707585	0.594171	0.711938	0.695003
0.754311	0.731409	0.781376	0.752085	0.672816	0.725226	0.785706	0.786261	0.738164	0.589488	0.706673	0.674811
0.767835	0.724023	0.793745	0.759448	0.716408	0.718005	0.793824	0.811082	0.718209	0.623445	0.759314	0.676786
0.706337	0.716334	0.782334	0.738748	0.735498	0.726163	0.764506	0.779396	0.702872	0.633517	0.757899	0.69525
0.751659	0.713602	0.738905	0.743578	0.717028	0.68754	0.758323	0.774516	0.702923	0.599589	0.714221	0.695286
0.730127	0.710269	0.781598	0.730126	0.752282	0.731051	0.770242	0.758082	0.694473	0.617851	0.695293	0.686345
0.763292	0.773265	0.834869	0.758703	0.765244	0.721993	0.785236	0.771565	0.692676	0.61559	0.710647	0.695597
0.771223	0.788698	0.795282	0.727765	0.74382	0.738604	0.806105	0.76779	0.692087	0.61207	0.679172	0.733605
0.767091	0.799748	0.79333	0.742645	0.74789	0.757747	0.777352	0.732897	0.735009	0.62783	0.671706	0.771058
0.759135	0.794552	0.766693	0.729553	0.749649	0.730435	0.774625	0.694869	0.754282	0.624702	0.665896	0.753058
0.764154	0.808613	0.762386	0.728842	0.745148	0.725535	0.769274	0.725363	0.749376	0.680018	0.658934	0.713918
0.761016	0.811923	0.769933	0.750618	0.73058	0.752964	0.765812	0.747916	0.761565	0.719457	0.682347	0.69627
0.755347	0.831858	0.78893	0.731245	0.705882	0.727912	0.768034	0.718534	0.785056	0.724958	0.664234	0.700861
0.761361	0.813989	0.778639	0.730229	0.712896	0.710702	0.776694	0.7325	0.783899	0.709868	0.660228	0.687408
0.732607	0.768645	0.787155	0.73561	0.707026	0.707491	0.761656	0.694261	0.749528	0.720531	0.687902	0.688848
0.729784	0.77853	0.767825	0.731492	0.718909	0.698676	0.726529	0.67401	0.759562	0.686315	0.694865	0.699873
0.71803	0.754512	0.741203	0.75197	0.708799	0.717645	0.733411	0.688645	0.745121	0.667333	0.708467	0.689969
0.710698	0.747411	0.738118	0.747022	0.712529	0.700767	0.732958	0.741464	0.739512	0.666378	0.734126	0.678244
0.689541	0.723565	0.728162	0.690607	0.711911	0.733896	0.70459	0.752462	0.716562	0.685415	0.707904	0.660878
0.69655	0.73285	0.730382	0.704221	0.719372	0.722189	0.690715	0.740699	0.695545	0.699126	0.715019	0.689414
0.709404	0.729929	0.729749	0.722605	0.734616	0.722572	0.709201	0.762371	0.695597	0.698735	0.735244	0.701838
0.696047	0.736524	0.732441	0.712008	0.719952	0.750437	0.71101	0.75099	0.692783	0.682065	0.742848	0.684106
0.695532	0.750893	0.743183	0.725683	0.718516	0.736669	0.710516	0.778451	0.68868	0.706441	0.768017	0.672876
0.705591	0.742088	0.736773	0.733504	0.709059	0.73279	0.716949	0.805878	0.698953	0.659969	0.732899	0.672725
0.703495	0.709995	0.754653	0.709687	0.701841	0.722074	0.72458	0.787568	0.710967	0.691065	0.762681	0.747188
0.705205	0.737413	0.742172	0.722366	0.721926	0.723109	0.749762	0.836125	0.728452	0.68894	0.804336	0.765357
0.691056	0.71924	0.755456	0.722176	0.711716	0.732921	0.769689	0.835309	0.723391	0.6683	0.799556	0.733049
0.676376	0.711839	0.736599	0.708077	0.715996	0.744443	0.756768	0.816987	0.721023	0.661214	0.77557	0.729206
0.698577	0.709597	0.763587	0.711212	0.710451	0.742755	0.766225	0.835775	0.723373	0.675658	0.774233	0.726736
0.678949	0.708414	0.793725	0.704608	0.694064	0.723584	0.749356	0.815225	0.728613	0.710807	0.759203	0.749056
0.702869	0.716904	0.820141	0.722609	0.717218	0.716782	0.759699	0.832757	0.718057	0.720079	0.768713	0.748232
0.754675	0.742159	0.807582	0.730685	0.727066	0.720965	0.737408	0.821788	0.72185	0.702859	0.793964	0.749376
0.776998	0.787673	0.818854	0.714778	0.730478	0.713035	0.76736	0.839293	0.72888	0.701404	0.788111	0.771133
0.775776	0.777209	0.803113	0.732597	0.721214	0.709636	0.823877	0.82035	0.717971	0.695151	0.739645	0.741727
0.781236	0.77896	0.815401	0.733135	0.734513	0.729892	0.83362	0.837284	0.731872	0.690623	0.746255	0.691815
0.789763	0.790806	0.81126	0.721629	0.734093	0.743339	0.794673	0.805247	0.752779	0.676209	0.73361	0.675568
0.770462	0.763652	0.790999	0.708299	0.73533	0.750554	0.783698	0.792837	0.746224	0.66625	0.723016	0.658062
0.733164	0.784522	0.809153	0.720686	0.731239	0.750648	0.789113	0.772833	0.759222	0.670509	0.706947	0.685938
0.771993	0.774024	0.809763	0.734642	0.70932	0.735022	0.767054	0.777824	0.798846	0.670317	0.717593	0.676263
0.7546	0.760997	0.792856	0.72274	0.683084	0.717603	0.765153	0.767058	0.77447	0.654622	0.696159	0.668152
0.754556	0.752223	0.788382	0.737682	0.729257	0.719535	0.776447	0.773823	0.78118	0.675262	0.641795	0.646134
0.761947	0.76606	0.789498	0.699464	0.75196	0.714076	0.759512	0.735436	0.768061	0.661334	0.704982	0.673177
0.759838	0.766242	0.795346	0.686261	0.758761	0.704106	0.719374	0.720931	0.735617	0.647062	0.699028	0.710554
0.744906	0.751334	0.818148	0.69631	0.758761	0.724881	0.74796	0.730955	0.721806	0.651221	0.696787	0.712194
0.733763	0.710981	0.76828	0.704104	0.759353	0.732492	0.708589	0.737967	0.701514	0.65232	0.706165	0.705336
0.732884	0.701838	0.78134	0.70527	0.775336	0.699097	0.77822	0.748693	0.683836	0.697231	0.709642	0.728472
0.721538	0.726514	0.781602	0.712995	0.774431	0.681114	0.75545	0.752501	0.723317	0.714501	0.695706	0.751328
0.708585	0.699874	0.79116	0.698071	0.734946	0.691939	0.716805	0.758188	0.706988	0.703308	0.697651	0.73199
0.714248	0.653483	0.778544	0.711781	0.740877	0.647497	0.732955	0.73009	0.700165	0.682871	0.704256	0.700945
0.715526	0.687571	0.761055	0.735707	0.75584	0.681602	0.721716	0.709662	0.682836	0.696785	0.724851	0.749446
0.725704	0.698119	0.786168	0.742002	0.755145	0.72426	0.673279	0.709381	0.690945	0.713873	0.749316	0.799926
0.719839	0.719986	0.794176	0.770983	0.750192	0.734691	0.755526	0.737204	0.711353	0.686863	0.735642	0.795034
0.721088	0.704016	0.799965	0.77527	0.742685	0.699556	0.758279	0.727736	0.715038	0.675655	0.734447	0.747001
0.716528	0.713438	0.816917	0.861743	0.736481	0.742153	0.715724	0.712119	0.706293	0.682367	0.692232	0.711237
0.711157	0.71449	0.793166	0.815357	0.758642	0.765085	0.768792	0.726194	0.716241	0.682789	0.718475	0.739855
0.691397	0.744444	0.821999	0.770857	0.756606	0.784786	0.772197	0.704122	0.729508	0.69239	0.695195	0.695346
0.691573	0.725162	0.785126	0.753914	0.780837	0.788078	0.784347	0.722703	0.735142	0.691009	0.712716	0.725766
0.713402	0.686028	0.781156	0.744378	0.77034	0.801356	0.777118	0.747527	0.710697	0.727322	0.791853	0.740965
0.708056	0.706419	0.747781	0.741875	0.781893	0.780861	0.755149	0.78114	0.728934	0.755976	0.792811	0.766465
0.7081	0.729251	0.747358	0.753702	0.761397	0.747761	0.733944	0.762946	0.70439	0.71151	0.784587	0.779528
0.702619	0.713024	0.73311	0.745125	0.760436	0.757897	0.72417	0.753532	0.707055	0.716725	0.808744	0.749204
0.70673	0.718631	0.725675	0.73014	0.758909	0.757978	0.749542	0.740155	0.708452	0.712204	0.755199	0.723203
0.711935	0.721339	0.778932	0.739038	0.731277	0.767336	0.781477	0.76868	0.705956	0.708062	0.734659	0.729382
0.703554	0.708908	0.766663	0.752825	0.758827	0.766635	0.7538	0.743473	0.694688	0.727539	0.725191	0.72638
0.711792	0.719105	0.739759	0.727526	0.750477	0.763037	0.757031	0.783929	0.690465	0.738184	0.729014	0.738084
0.702638	0.760264	0.735961	0.719887	0.731874	0.747344	0.737576	0.751536	0.680272	0.711561	0.712502	0.735927
0.728556	0.779942	0.738273	0.721929	0.728908	0.731452	0.734303	0.724575	0.690972	0.701398	0.714398	0.701277
0.737604	0.764109	0.728	0.732943	0.719769	0.723734	0.734298	0.743357	0.694524	0.713802	0.740482	0.73694
0.740189	0.788409	0.747419	0.756171	0.736855	0.715477	0.743623	0.727135	0.702454	0.701865	0.723465	0.732635
0.780787	0.809226	0.751882	0.767691	0.752997	0.730576	0.754816	0.782168	0.717348	0.718148	0.73496	0.725791
0.772754	0.790425	0.735815	0.767545	0.784078	0.703166	0.750505	0.773217	0.724226	0.694703	0.779533	0.758668
0.758164	0.795624	0.734074	0.798474	0.762385	0.738743	0.805451	0.793628	0.762127	0.681184	0.763945	0.768664
0.743223	0.819247	0.734265	0.804798	0.732045	0.761762	0.815478	0.796369	0.779072	0.649796	0.733004	0.739865
0.735813	0.768386	0.698833	0.78315	0.723907	0.782198	0.796961	0.77796	0.75452	0.675063	0.723461	0.755757
0.712943	0.742641	0.6991	0.760525	0.748242	0.761509	0.797723	0.762085	0.731572	0.709894	0.730584	0.736668
0.738891	0.757048	0.764102	0.752741	0.75643	0.76739	0.785771	0.76662	0.745808	0.709526	0.753159	0.704168
0.734557	0.751034	0.792135	0.757124	0.74615	0.77322	0.803415	0.768736	0.750249	0.702773	0.733765	0.725394
0.739635	0.797911	0.830383	0.759192	0.744322	0.75819	0.802543	0.747841	0.746572	0.681389	0.738456	0.735123
0.768441	0.799699	0.809858	0.771347	0.771498	0.766941	0.830411	0.719851	0.727897	0.674445	0.729832	0.736957
0.788368	0.79218	0.806602	0.787223	0.769989	0.770609	0.814405	0.721888	0.751216	0.687474	0.734186	0.735088
0.795661	0.784021	0.774472	0.780438	0.765169	0.777282	0.801706	0.727296	0.73777	0.671306	0.75441	0.723877
0.783084	0.810605	0.791581	0.773079	0.75309	0.778081	0.811269	0.739545	0.720427	0.688619	0.737028	0.712944
0.768232	0.766226	0.766846	0.734231	0.755979	0.769145	0.779218	0.771228	0.739347	0.710864	0.761216	0.74054
0.771093	0.764988	0.788477	0.759537	0.758711	0.751507	0.770111	0.754875	0.74476	0.735242	0.766181	0.747708
0.773735	0.789313	0.807849	0.75819	0.766982	0.741765	0.786448	0.841532	0.756806	0.735437	0.766019	0.744391
0.779205	0.786414	0.838941	0.729708	0.767217	0.739574	0.792224	0.808822	0.756068	0.745357	0.742093	0.719336
0.734905	0.763564	0.800856	0.738535	0.754147	0.75591	0.776724	0.76532	0.764023	0.716114	0.730222	0.681331
0.742835	0.785924	0.795042	0.722616	0.728427	0.760562	0.755405	0.773896	0.762953	0.693485	0.710405	0.6902
0.742348	0.783514	0.77813	0.729051	0.727247	0.764084	0.766188	0.779388	0.788376	0.676999	0.700632	0.673454
0.713558	0.786894	0.796894	0.712665	0.742401	0.769844	0.75364	0.741508	0.815475	0.668594	0.681668	0.647559
0.701754	0.720535	0.790671	0.707124	0.724318	0.773475	0.760024	0.750455	0.822853	0.72546	0.715811	0.695747
0.724881	0.71592	0.765759	0.712757	0.720054	0.769238	0.739308	0.741019	0.811521	0.722942	0.723084	0.680262
0.712716	0.709456	0.77309	0.743318	0.717294	0.771829	0.76192	0.762005	0.820541	0.738412	0.754872	0.691634
0.696285	0.711816	0.741314	0.718748	0.723327	0.779353	0.760412	0.755138	0.761339	0.732463	0.764621	0.75764
0.697584	0.713484	0.758662	0.735351	0.741764	0.778996	0.769866	0.765567	0.766026	0.720988	0.738083	0.779646
0.703148	0.722259	0.761083	0.720547	0.729448	0.747088	0.762055	0.775733	0.757454	0.710942	0.761556	0.762171
0.698575	0.722209	0.777063	0.723	0.741166	0.734219	0.788384	0.757733	0.770177	0.696972	0.794415	0.743979
0.699579	0.726144	0.810042	0.74834	0.749889	0.741181	0.738412	0.787563	0.764872	0.72155	0.778577	0.748732
0.706735	0.735409	0.812383	0.739845	0.76546	0.759182	0.728942	0.749434	0.746829	0.707956	0.778739	0.751534
0.698766	0.759291	0.793485	0.752337	0.762948	0.755455	0.785684	0.759442	0.771753	0.686812	0.767543	0.74005
0.66128	0.759422	0.783308	0.750981	0.73119	0.761205	0.807938	0.721851	0.750586	0.678865	0.744734	0.723107
0.679884	0.781063	0.79788	0.758383	0.71631	0.761174	0.797457	0.741588	0.795325	0.686985	0.74817	0.724575
0.70008	0.808077	0.8186	0.75309	0.737145	0.718756	0.835441	0.738678	0.828208	0.669764	0.751907	0.738508
0.688249	0.81487	0.805476	0.732505	0.744284	0.751135	0.819068	0.735057	0.780969	0.662897	0.747092	0.750193
0.655514	0.768816	0.781372	0.719368	0.761298	0.753263	0.783738	0.721678	0.746639	0.665001	0.74087	0.697254
0.721954	0.761535	0.811373	0.719073	0.7451	0.747997	0.758429	0.722124	0.731444	0.665107	0.739004	0.709091
0.741913	0.738211	0.826696	0.726906	0.732045	0.746478	0.752076	0.743697	0.733282	0.685486	0.760981	0.723455
0.708038	0.733366	0.83139	0.702841	0.746817	0.752809	0.744881	0.746325	0.726438	0.67655	0.758354	0.728272
0.707194	0.722417	0.79812	0.70335	0.7349	0.721442	0.732873	0.749828	0.728838	0.672501	0.749901	0.724817
0.748319	0.759661	0.790287	0.729881	0.750982	0.714425	0.748985	0.75711	0.744983	0.662825	0.744474	0.729395
0.768277	0.766664	0.80315	0.705468	0.756822	0.719686	0.756329	0.761666	0.742884	0.655829	0.750754	0.647848
0.777199	0.742891	0.785536	0.718497	0.761164	0.722181	0.753678	0.726808	0.735059	0.657294	0.753466	0.743496
0.771509	0.713608	0.75205	0.713239	0.768723	0.718432	0.743713	0.707366	0.701379	0.658098	0.760395	0.770158
0.769717	0.74325	0.764079	0.722346	0.779906	0.725112	0.774027	0.744325	0.741886	0.660558	0.783444	0.771464
0.733208	0.692054	0.782181	0.734002	0.759684	0.723546	0.757567	0.740026	0.745356	0.658847	0.78358	0.755728
0.75294	0.696846	0.784586	0.731729	0.75293	0.728542	0.775681	0.764594	0.739712	0.649643	0.765988	0.756321
0.738369	0.748062	0.774095	0.745713	0.744793	0.746853	0.761913	0.792127	0.718845	0.665586	0.754209	0.744804
0.717298	0.702434	0.761333	0.750472	0.774054	0.746673	0.774654	0.721111	0.696146	0.693889	0.754837	0.745687
0.70092	0.723917	0.76199	0.758962	0.753235	0.738539	0.776264	0.720837	0.688279	0.714171	0.749185	0.739487
0.696225	0.730501	0.755174	0.768549	0.749305	0.73727	0.7551	0.735879	0.724111	0.708027	0.745502	0.735292
0.692041	0.73001	0.769103	0.797762	0.728266	0.747384	0.745686	0.756977	0.734334	0.690577	0.749576	0.721293
0.688724	0.724076	0.74836	0.774116	0.738291	0.773278	0.763139	0.800145	0.726676	0.721698	0.735089	0.710822
0.703152	0.742102	0.769368	0.769047	0.730271	0.785019	0.740472	0.820089	0.760453	0.702491	0.775606	0.733428
0.693044	0.784651	0.785152	0.76046	0.71195	0.772935	0.753185	0.798619	0.784836	0.697459	0.788425	0.733949
0.709893	0.781385	0.756684	0.733868	0.684051	0.758256	0.736972	0.814071	0.822489	0.683879	0.709663	0.704152
0.723226	0.768927	0.753111	0.722274	0.716246	0.762511	0.768918	0.827423	0.780933	0.703277	0.735228	0.729735
0.737548	0.75161	0.755971	0.736864	0.721754	0.734454	0.814671	0.820262	0.752129	0.714564	0.766649	0.740528
0.746008	0.698394	0.718745	0.711908	0.709777	0.762703	0.805986	0.771508	0.71743	0.713295	0.73002	0.740025
0.74935	0.699382	0.754355	0.724875	0.691227	0.762205	0.826611	0.742226	0.72149	0.714146	0.750894	0.725767
0.739405	0.696162	0.763725	0.714006	0.726947	0.744415	0.839657	0.764262	0.718711	0.6916	0.772979	0.719597
0.784621	0.706467	0.735874	0.717677	0.738832	0.747916	0.804876	0.757462	0.712314	0.687616	0.773566	0.712874
0.824167	0.728984	0.756571	0.724261	0.74233	0.721302	0.784546	0.736256	0.693644	0.672268	0.764429	0.711606
0.843415	0.768022	0.806115	0.740341	0.766821	0.749377	0.782436	0.768049	0.741421	0.659065	0.759905	0.714652
0.818485	0.718661	0.79588	0.741884	0.760131	0.742462	0.779242	0.818764	0.742771	0.657747	0.751946	0.710823
0.779611	0.714443	0.785326	0.746064	0.752723	0.737947	0.820927	0.830985	0.712825	0.651421	0.755631	0.724717
0.787711	0.709933	0.763216	0.757551	0.753591	0.730503	0.803635	0.840074	0.735556	0.666216	0.712627	0.719772
0.78914	0.724215	0.753271	0.74773	0.747126	0.746978	0.744744	0.827553	0.723095	0.654922	0.730215	0.754301
0.80589	0.714039	0.770768	0.746175	0.716759	0.771635	0.748187	0.781362	0.699878	0.631395	0.732059	0.735948
0.796566	0.773492	0.73545	0.717044	0.708768	0.770839	0.758242	0.744063	0.710138	0.634846	0.76242	0.741331
0.78883	0.775044	0.736484	0.700961	0.728655	0.780315	0.756831	0.732022	0.75014	0.630449	0.753612	0.773422
0.805088	0.766735	0.775785	0.726694	0.693728	0.749975	0.774979	0.763352	0.769372	0.615246	0.738817	0.76259
0.779848	0.782663	0.746675	0.704496	0.665821	0.730819	0.761847	0.757201	0.774219	0.6244	0.732543	0.735984
0.765361	0.81908	0.805672	0.723864	0.688188	0.733951	0.794936	0.765511	0.800835	0.686721	0.764385	0.751685
0.718209	0.739594	0.73117	0.748797	0.690467	0.711895	0.809257	0.795383	0.827146	0.693217	0.746344	0.735192
0.730989	0.736148	0.721904	0.740343	0.68588	0.719964	0.795788	0.800206	0.816311	0.684092	0.754484	0.750171
0.730989	0.718585	0.713833	0.614493	0.680963	0.735911	0.694438	0.693893	0.741705	0.680038	0.753774	0.759398
0.716457	0.769363	0.745746	0.691914	0.712943	0.737233	0.813958	0.764129	0.797212	0.703391	0.762638	0.74742
0.718971	0.734083	0.7336	0.702759	0.697139	0.716199	0.853738	0.785626	0.771374	0.715091	0.752243	0.731145
0.705901	0.72423	0.721878	0.722084	0.684298	0.738206	0.821757	0.758062	0.753547	0.704234	0.773611	0.740227
0.704666	0.717105	0.72399	0.734974	0.714567	0.77389	0.780141	0.768116	0.747148	0.652285	0.742099	0.741818
0.71574	0.746904	0.75827	0.744683	0.721848	0.791476	0.766174	0.783678	0.745808	0.635324	0.72506	0.711958
0.705507	0.697318	0.785914	0.75123	0.735364	0.786747	0.771759	0.819	0.74495	0.647206	0.710677	0.675837
0.712741	0.711807	0.795091	0.768467	0.741163	0.773531	0.726272	0.807204	0.749841	0.627763	0.712249	0.699065
0.673048	0.741276	0.751306	0.756838	0.763014	0.784382	0.735624	0.77924	0.703077	0.636496	0.712973	0.711378
0.712989	0.780096	0.79684	0.761979	0.767629	0.780212	0.781972	0.792669	0.713298	0.626811	0.71443	0.713311
0.779594	0.763603	0.798295	0.790937	0.760312	0.788255	0.773376	0.826605	0.738324	0.639641	0.716145	0.751614
0.805401	0.740169	0.79113	0.769145	0.739814	0.766334	0.748618	0.81683	0.721609	0.636924	0.73749	0.750835
0.787819	0.723502	0.732856	0.764473	0.717583	0.750202	0.801821	0.790831	0.728539	0.67829	0.735759	0.730605
0.756749	0.696985	0.789345	0.763436	0.739562	0.755302	0.822969	0.827951	0.723563	0.710121	0.753686	0.752067
0.750685	0.706214	0.820227	0.789415	0.743362	0.740728	0.823308	0.875189	0.735349	0.670072	0.761288	0.744093
0.768898	0.692017	0.780959	0.772134	0.749634	0.74994	0.788146	0.890093	0.724036	0.673455	0.751128	0.730166
0.758337	0.725479	0.777271	0.7639	0.743291	0.746214	0.780267	0.847286	0.74389	0.663471	0.7594	0.722036
0.732439	0.714996	0.784974	0.748937	0.745713	0.69606	0.752312	0.807083	0.777654	0.695461	0.755121	0.716997
0.715128	0.712181	0.806797	0.732244	0.739846	0.717535	0.774109	0.794729	0.755956	0.695691	0.765812	0.726322
0.716543	0.704508	0.747665	0.711737	0.726227	0.687285	0.801595	0.785752	0.78857	0.671711	0.74568	0.728976
0.725222	0.722412	0.776138	0.719126	0.738294	0.750127	0.832261	0.839814	0.797278	0.660135	0.754811	0.70799
0.719562	0.733185	0.77374	0.741507	0.735908	0.746926	0.822799	0.849455	0.808496	0.653215	0.740426	0.72344
0.710192	0.757594	0.808085	0.739451	0.750775	0.720835	0.821046	0.842523	0.78819	0.683456	0.745056	0.722987
0.71318	0.802493	0.809989	0.742603	0.747351	0.732155	0.788587	0.841929	0.809844	0.684792	0.713878	0.721563
0.703463	0.799659	0.801272	0.756762	0.742959	0.698071	0.748712	0.831219	0.78651	0.689492	0.770002	0.74407
0.715923	0.780337	0.822474	0.723388	0.73697	0.688783	0.72316	0.81192	0.762599	0.688312	0.734597	0.72671
0.75583	0.758104	0.819383	0.724119	0.71701	0.715397	0.715319	0.818149	0.77652	0.677199	0.728155	0.727571
0.788046	0.778732	0.795804	0.728523	0.711384	0.711757	0.709898	0.812187	0.795989	0.697473	0.736981	0.733932
0.795784	0.757346	0.815321	0.730846	0.707674	0.69859	0.694141	0.757345	0.739333	0.69704	0.737121	0.712971
0.800172	0.766386	0.818616	0.729446	0.716206	0.703839	0.717815	0.745081	0.739431	0.675437	0.722946	0.7005
0.772612	0.759684	0.789228	0.738438	0.720801	0.703883	0.704593	0.749919	0.721083	0.686985	0.722783	0.70907
0.743968	0.735892	0.802374	0.736161	0.746667	0.722348	0.718667	0.730172	0.745289	0.675469	0.728972	0.703497
0.775006	0.757729	0.789228	0.746378	0.765235	0.750692	0.741483	0.712284	0.766164	0.678908	0.734268	0.716676
0.775312	0.753735	0.800237	0.780222	0.745871	0.750389	0.770406	0.738846	0.777143	0.661847	0.718708	0.716329
0.752973	0.721544	0.791598	0.775281	0.697849	0.750633	0.780165	0.736299	0.76584	0.686671	0.715736	0.694767
0.718365	0.703601	0.764021	0.763435	0.670773	0.763224	0.761338	0.754539	0.755979	0.693309	0.718245	0.690658
0.71132	0.741519	0.756642	0.794988	0.658849	0.768461	0.792321	0.8213	0.780006	0.670057	0.713266	0.659386
0.71405	0.781025	0.768427	0.793957	0.687624	0.766723	0.782712	0.828023	0.788645	0.659918	0.702354	0.678368
0.699202	0.762436	0.782435	0.78825	0.682254	0.775461	0.772438	0.795782	0.773381	0.656037	0.697402	0.685506
0.723805	0.756701	0.764512	0.77765	0.661509	0.781789	0.829868	0.798582	0.777454	0.670858	0.683783	0.663504
0.726307	0.776132	0.758187	0.782079	0.669842	0.782795	0.829582	0.826582	0.764999	0.69539	0.687946	0.665301
0.725549	0.790233	0.750261	0.785712	0.68492	0.747467	0.788706	0.824559	0.744989	0.681863	0.674886	0.717863
0.771229	0.789868	0.74098	0.751218	0.669616	0.757541	0.782257	0.806129	0.762825	0.674033	0.6699	0.727638
0.761701	0.786102	0.776891	0.750241	0.679899	0.788387	0.805414	0.836217	0.801326	0.680857	0.672765	0.70638
0.755127	0.776976	0.756439	0.746162	0.688447	0.745867	0.802667	0.849128	0.802857	0.680857	0.673179	0.727517
0.733297	0.76812	0.722991	0.730056	0.680952	0.769626	0.805404	0.848345	0.805083	0.723977	0.69765	0.738937
0.742381	0.772272	0.706175	0.711405	0.713955	0.762489	0.789494	0.827445	0.819462	0.714219	0.679285	0.714208
0.747442	0.772451	0.728435	0.716409	0.736812	0.752604	0.81765	0.817178	0.825485	0.736952	0.677596	0.681706
0.732392	0.778588	0.735667	0.700294	0.753301	0.736074	0.809291	0.814234	0.816836	0.681321	0.679966	0.714279
0.721568	0.784771	0.764414	0.70517	0.757536	0.744646	0.798425	0.80871	0.803827	0.675705	0.690354	0.709418
0.756668	0.785735	0.754667	0.718566	0.758222	0.746839	0.781388	0.797185	0.804207	0.695136	0.727472	0.695798
0.753374	0.784625	0.769444	0.737291	0.758005	0.758581	0.780627	0.79251	0.798916	0.728542	0.741165	0.695738
0.760432	0.798976	0.772541	0.744823	0.772873	0.759319	0.804127	0.803196	0.807118	0.668033	0.736036	0.68353
0.753144	0.785071	0.760497	0.737377	0.771262	0.742297	0.788019	0.801828	0.807445	0.68845	0.702956	0.679189
0.744141	0.777366	0.755308	0.733866	0.772056	0.728499	0.758906	0.785443	0.796059	0.652552	0.674893	0.696573
0.732741	0.78653	0.784901	0.712923	0.796396	0.740774	0.747139	0.797069	0.797554	0.658075	0.664907	0.75579
0.734407	0.785421	0.795485	0.695286	0.768417	0.739121	0.763715	0.806714	0.809008	0.701808	0.696644	0.709794
0.762187	0.788199	0.785322	0.718421	0.738618	0.713529	0.757656	0.8109	0.823444	0.663416	0.685894	0.700926
0.744236	0.779504	0.802378	0.720293	0.718198	0.694312	0.778857	0.789971	0.805587	0.686482	0.727955	0.726423
0.737	0.752476	0.789334	0.70316	0.683135	0.721216	0.770391	0.758346	0.77358	0.642	0.709132	0.742504
0.754561	0.730561	0.766578	0.699	0.71003	0.723138	0.75925	0.750851	0.730469	0.675859	0.709346	0.722061
0.748555	0.721025	0.783767	0.683842	0.721673	0.708395	0.766494	0.751229	0.717194	0.665196	0.744611	0.730004
0.736246	0.722044	0.78277	0.70507	0.719988	0.714902	0.759079	0.750071	0.723229	0.667017	0.731383	0.726058
0.72629	0.751238	0.784343	0.70731	0.70666	0.702541	0.753063	0.776443	0.716036	0.686709	0.732753	0.691559
0.721053	0.769065	0.748605	0.731083	0.694597	0.745212	0.740968	0.752965	0.729337	0.685408	0.724055	0.696222
0.738078	0.763347	0.753056	0.722561	0.690662	0.713892	0.775206	0.765361	0.736852	0.715442	0.707978	0.68696
0.725714	0.773014	0.751535	0.745469	0.690459	0.732629	0.78651	0.747833	0.772554	0.68828	0.703494	0.682413
0.759887	0.762791	0.780204	0.759053	0.708688	0.744955	0.77802	0.75394	0.782579	0.694472	0.70585	0.687586
0.767598	0.795904	0.790668	0.770677	0.708313	0.747019	0.774753	0.75896	0.790352	0.674853	0.667924	0.677313
0.752532	0.775284	0.778122	0.760456	0.689819	0.750077	0.788491	0.766726	0.801308	0.666348	0.670567	0.696711
0.73442	0.784801	0.778156	0.764711	0.685638	0.747168	0.784553	0.772098	0.779713	0.661276	0.720299	0.703165
0.700995	0.775478	0.785933	0.773203	0.699476	0.756179	0.766813	0.771192	0.777212	0.666164	0.761539	0.695965
0.686848	0.768201	0.764067	0.767017	0.674262	0.744356	0.840374	0.785099	0.7876	0.673935	0.762505	0.68714
0.667311	0.721342	0.762995	0.762982	0.711285	0.730483	0.829563	0.790343	0.766965	0.684732	0.743034	0.698822
0.680413	0.723556	0.779851	0.766005	0.734568	0.751361	0.81939	0.813312	0.798847	0.677885	0.748698	0.671625
0.709456	0.749874	0.743061	0.742629	0.750154	0.749577	0.821881	0.791162	0.79303	0.690326	0.760933	0.679577
0.728306	0.755906	0.75766	0.73578	0.74664	0.730287	0.788846	0.776179	0.77569	0.674474	0.768978	0.665725
0.736949	0.741265	0.777085	0.733732	0.722824	0.736175	0.798555	0.805994	0.775269	0.638238	0.721188	0.641842
0.746255	0.777442	0.800121	0.715874	0.701143	0.718124	0.780713	0.781204	0.784436	0.624581	0.714393	0.660421
0.761387	0.782127	0.761665	0.705526	0.702785	0.729275	0.762277	0.782383	0.774057	0.630555	0.713868	0.667215
0.779158	0.762951	0.780171	0.718436	0.726017	0.702962	0.768839	0.781842	0.747167	0.639246	0.700268	0.720441
0.785728	0.757225	0.794539	0.708738	0.69439	0.688312	0.766367	0.769893	0.748425	0.631803	0.686732	0.738551
0.782195	0.764871	0.779808	0.698876	0.691393	0.704728	0.746542	0.769631	0.723215	0.625322	0.694656	0.708602
0.746475	0.791782	0.925404	0.714961	0.70595	0.720308	0.71275	0.749086	0.728829	0.622517	0.680421	0.712666
0.81877	0.821587	0.798164	0.795213	0.705173	0.723122	0.773143	0.752074	0.770159	0.624323	0.694003	0.716189
0.765185	0.797332	0.774647	0.760141	0.712086	0.7262	0.769174	0.751857	0.759843	0.627546	0.69428	0.700821
0.760517	0.8066	0.813731	0.768164	0.734001	0.746529	0.80373	0.787949	0.768102	0.650234	0.7032	0.706
0.746701	0.773802	0.816313	0.74599	0.74188	0.747179	0.803862	0.771782	0.795789	0.686046	0.720359	0.7123
0.72087	0.770868	0.793605	0.745291	0.731524	0.746869	0.820666	0.767737	0.800456	0.703689	0.702509	0.679373
0.72885	0.765872	0.770303	0.754432	0.718854	0.76706	0.797713	0.769212	0.801041	0.712392	0.715113	0.682846
0.703603	0.74598	0.765685	0.727723	0.710356	0.75352	0.787305	0.742256	0.787898	0.669886	0.71344	0.693774
0.691481	0.744656	0.771935	0.739774	0.734376	0.758624	0.785549	0.724602	0.787937	0.611821	0.695391	0.723432
0.673835	0.710138	0.744526	0.738057	0.720107	0.771585	0.769168	0.683546	0.750966	0.666009	0.701681	0.759992
0.66175	0.702714	0.736936	0.744653	0.742555	0.765522	0.776331	0.684375	0.733423	0.693344	0.713368	0.733367
0.685139	0.725824	0.761241	0.748537	0.727404	0.752961	0.804693	0.720294	0.747154	0.692327	0.748872	0.71555
0.679667	0.718134	0.783175	0.725926	0.724628	0.749835	0.79362	0.712866	0.715069	0.631134	0.769603	0.69706
0.678264	0.70137	0.774032	0.718402	0.711814	0.73821	0.765606	0.687088	0.71447	0.67288	0.780816	0.69637
0.688097	0.726103	0.786094	0.753339	0.760279	0.742926	0.784174	0.721751	0.743739	0.684424	0.755938	0.672671
0.667061	0.726937	0.77958	0.73488	0.765454	0.718802	0.75601	0.686775	0.723132	0.665755	0.757729	0.693015
0.693707	0.766954	0.789055	0.729126	0.776104	0.721584	0.745682	0.68346	0.707297	0.685006	0.746039	0.663604
0.758322	0.765717	0.784118	0.72092	0.750102	0.738601	0.744686	0.718364	0.725096	0.650393	0.720858	0.676313
0.729874	0.737678	0.775286	0.717613	0.791437	0.718967	0.731163	0.755548	0.707722	0.601916	0.725841	0.69911
0.733782	0.753938	0.742592	0.693385	0.786615	0.710293	0.705792	0.741605	0.718349	0.648463	0.72453	0.67318
0.734525	0.781443	0.746848	0.697288	0.739429	0.706644	0.723929	0.734701	0.752196	0.65076	0.698663	0.662209
0.764748	0.749248	0.760495	0.725203	0.743786	0.733792	0.727029	0.775816	0.767701	0.651139	0.704503	0.672791
0.770452	0.763932	0.755965	0.721035	0.748575	0.736643	0.72235	0.763909	0.747159	0.665263	0.704255	0.673364
0.780894	0.776351	0.757043	0.732969	0.740213	0.732757	0.749034	0.774163	0.766899	0.700754	0.674664	0.667879
0.771159	0.760403	0.725195	0.751842	0.732718	0.713146	0.757804	0.760974	0.760731	0.743377	0.689789	0.673671
0.756669	0.78488	0.725944	0.749397	0.748183	0.700457	0.72828	0.741274	0.78578	0.701665	0.688854	0.693337
0.721621	0.793563	0.734506	0.731145	0.754081	0.718754	0.742239	0.743857	0.767166	0.661541	0.6775	0.74975
0.715057	0.784835	0.729443	0.735888	0.729171	0.718263	0.750156	0.737444	0.751565	0.664561	0.703228	0.749765
0.716166	0.794272	0.787125	0.747625	0.717458	0.703749	0.780628	0.750584	0.737323	0.682033	0.74735	0.714976
0.748672	0.779407	0.768795	0.739448	0.696828	0.697239	0.75678	0.79441	0.754061	0.69273	0.750079	0.730245
0.785188	0.792068	0.746202	0.741267	0.749523	0.742418	0.762423	0.823502	0.763036	0.720978	0.790309	0.754942
0.795104	0.795045	0.780348	0.748629	0.732199	0.760539	0.780018	0.813808	0.760308	0.694631	0.765203	0.750942
0.772091	0.787217	0.750954	0.735752	0.73116	0.746898	0.765528	0.781928	0.774413	0.675435	0.736502	0.734157
0.77694	0.790174	0.762087	0.73992	0.739622	0.731257	0.773588	0.787601	0.767767	0.650854	0.721917	0.745505
0.749812	0.764598	0.736587	0.713733	0.719497	0.754797	0.789931	0.768436	0.764196	0.674567	0.693912	0.733307
0.715218	0.764141	0.724398	0.700266	0.694511	0.777449	0.806934	0.746025	0.789816	0.676189	0.686583	0.699345
0.731204	0.771335	0.734266	0.708315	0.761598	0.781234	0.797547	0.787131	0.755286	0.684976	0.697059	0.690768
0.743187	0.781462	0.76697	0.683437	0.782249	0.776745	0.762343	0.709756	0.733633	0.664195	0.709305	0.675816
0.714374	0.731698	0.782163	0.673011	0.772174	0.785456	0.77723	0.69717	0.748758	0.657331	0.73555	0.647756
0.727814	0.726646	0.791535	0.698609	0.761275	0.782997	0.788578	0.717168	0.755218	0.662307	0.7436	0.663649
0.720376	0.750416	0.775722	0.699193	0.754004	0.773899	0.759363	0.74309	0.77816	0.649055	0.696412	0.645073
0.755456	0.775479	0.756708	0.683048	0.766351	0.795707	0.775591	0.74297	0.793978	0.650856	0.649913	0.709091
0.749335	0.768028	0.790671	0.714421	0.791589	0.799974	0.781669	0.766482	0.772802	0.65207	0.654669	0.742956
0.765524	0.75635	0.779649	0.723109	0.805649	0.796356	0.770264	0.784082	0.76907	0.665501	0.608638	0.70621
0.768893	0.731736	0.758566	0.688445	0.822152	0.80704	0.776055	0.763586	0.747841	0.652683	0.596915	0.651144
0.764655	0.746178	0.777314	0.726051	0.811948	0.844753	0.807659	0.774896	0.768192	0.676886	0.629102	0.659649
0.770803	0.761998	0.743234	0.728994	0.811109	0.856193	0.793365	0.812373	0.769171	0.677266	0.612344	0.68587
0.770759	0.816743	0.779613	0.721976	0.855023	0.821285	0.80365	0.825981	0.788025	0.707076	0.614537	0.687979
0.758991	0.762744	0.795998	0.754587	0.848234	0.796033	0.774119	0.795865	0.776095	0.726789	0.673103	0.705243
0.74117	0.738613	0.788892	0.784385	0.846252	0.793042	0.761523	0.788404	0.760831	0.684789	0.67865	0.729703
0.732137	0.7341	0.799197	0.765918	0.801344	0.804435	0.768588	0.782213	0.752379	0.665484	0.705741	0.721353
0.731997	0.75749	0.754127	0.740355	0.808269	0.82428	0.763373	0.770024	0.748297	0.704581	0.715583	0.714912
0.755995	0.751273	0.772237	0.759729	0.781278	0.81994	0.794597	0.790975	0.754839	0.684147	0.688115	0.675297
0.772351	0.782471	0.781925	0.737845	0.738433	0.804113	0.77002	0.805781	0.734401	0.670322	0.656917	0.678646
0.784931	0.767149	0.751442	0.742098	0.804996	0.804941	0.806818	0.798824	0.7398	0.701978	0.681077	0.698374
0.766574	0.754876	0.753998	0.731282	0.808988	0.808289	0.772955	0.785371	0.722227	0.720816	0.699266	0.691583
0.752788	0.756999	0.781795	0.772639	0.813863	0.806372	0.794077	0.778862	0.750126	0.711675	0.704572	0.718762
0.728384	0.755346	0.744444	0.742411	0.803132	0.788119	0.78663	0.771787	0.75886	0.690084	0.697575	0.713893
0.739693	0.722001	0.738881	0.706555	0.818271	0.780519	0.768214	0.774357	0.751918	0.706638	0.71058	0.750133
0.729938	0.715348	0.744592	0.712361	0.802914	0.758807	0.762919	0.768535	0.756422	0.709227	0.688565	0.779344
0.733565	0.729685	0.739833	0.716648	0.778313	0.75894	0.756936	0.768338	0.767539	0.683142	0.644838	0.776977
0.744617	0.735671	0.75648	0.732902	0.789799	0.718533	0.759174	0.79106	0.774284	0.664065	0.654229	0.773321
0.743917	0.732955	0.757799	0.734582	0.805296	0.756527	0.775843	0.767308	0.764156	0.641676	0.670419	0.783175
0.765584	0.742359	0.753346	0.725115	0.782661	0.746227	0.756233	0.768645	0.76032	0.680273	0.688982	0.751258
0.760806	0.731231	0.720633	0.732502	0.795999	0.753305	0.759081	0.765342	0.768606	0.615433	0.715484	0.707673
0.738696	0.705025	0.71207	0.730309	0.736755	0.785691	0.751714	0.755845	0.771856	0.656472	0.740149	0.685754
0.73563	0.70991	0.734053	0.761381	0.740915	0.785336	0.76788	0.75833	0.744193	0.677099	0.735011	0.679157
0.735264	0.728164	0.747868	0.764692	0.761499	0.801644	0.752041	0.764371	0.761687	0.72255	0.763511	0.679051
0.761855	0.75922	0.748233	0.762677	0.762288	0.781184	0.7643	0.745637	0.762076	0.678901	0.75385	0.675735
0.758087	0.767525	0.73132	0.761072	0.751111	0.77332	0.759434	0.740471	0.749695	0.637285	0.76655	0.679658
0.746855	0.752043	0.757107	0.771778	0.769602	0.764775	0.772949	0.755964	0.752607	0.683829	0.753791	0.677697
0.748278	0.767664	0.763969	0.770818	0.773397	0.757874	0.767975	0.795595	0.739332	0.667642	0.780052	0.698491
0.730867	0.770041	0.746986	0.773258	0.780945	0.735902	0.773147	0.78212	0.720558	0.646672	0.838861	0.709135
0.746535	0.776151	0.736528	0.735698	0.784835	0.724724	0.768554	0.777153	0.713145	0.640405	0.839483	0.719237
0.748654	0.765082	0.747789	0.745083	0.777448	0.717811	0.77699	0.769571	0.728159	0.643527	0.791832	0.718526
0.760069	0.753672	0.752376	0.730007	0.793745	0.750575	0.770683	0.778205	0.71185	0.643653	0.796902	0.742185
0.740781	0.757235	0.756983	0.728296	0.744695	0.765297	0.781088	0.765363	0.702579	0.637733	0.79214	0.714116
0.709337	0.711274	0.721511	0.725308	0.71722	0.751934	0.764675	0.779844	0.694223	0.644546	0.768857	0.727072
0.717076	0.706932	0.700633	0.720533	0.735018	0.754826	0.76988	0.777195	0.714346	0.65112	0.765083	0.778612
0.709407	0.714124	0.690418	0.717917	0.757381	0.761758	0.741101	0.76804	0.69756	0.627075	0.77909	0.796326
0.720291	0.718183	0.699071	0.719668	0.803817	0.741308	0.736679	0.754281	0.703479	0.64565	0.779264	0.770912
0.713444	0.705103	0.687382	0.723285	0.772946	0.730956	0.702987	0.735436	0.725955	0.658281	0.762094	0.770015
0.706235	0.698892	0.693068	0.722661	0.75447	0.699867	0.711998	0.728758	0.705669	0.620007	0.747106	0.749241
0.700334	0.697618	0.685458	0.714968	0.7472	0.703484	0.705956	0.746109	0.722003	0.660303	0.714888	0.78495
0.714494	0.708773	0.689609	0.725267	0.761728	0.727739	0.714547	0.76197	0.734951	0.646293	0.780548	0.803885
0.699597	0.684594	0.68282	0.735463	0.753926	0.723247	0.757901	0.75481	0.703264	0.735703	0.770832	0.786077
0.674523	0.687452	0.696898	0.749998	0.74461	0.72946	0.763713	0.748322	0.699156	0.746799	0.763183	0.78282
0.685866	0.69548	0.687966	0.75424	0.740877	0.731284	0.763446	0.757613	0.69225	0.714635	0.734536	0.76531
0.681845	0.681175	0.692785	0.760566	0.72512	0.734949	0.778324	0.738262	0.688493	0.734492	0.760251	0.745225
0.716437	0.713667	0.714934	0.75878	0.733048	0.732271	0.771443	0.735714	0.685753	0.720341	0.729662	0.738079
0.740356	0.704745	0.728704	0.761722	0.696543	0.719179	0.774451	0.732381	0.691709	0.669611	0.723917	0.756732
0.727471	0.695064	0.723015	0.75693	0.702597	0.713017	0.753996	0.74376	0.683117	0.683746	0.728021	0.771318
0.735288	0.716425	0.719942	0.756858	0.72697	0.710232	0.757365	0.7501	0.717523	0.679596	0.798412	0.759867
0.790552	0.740704	0.738449	0.755764	0.730531	0.705309	0.759259	0.718737	0.747333	0.670637	0.79802	0.767852
0.780738	0.740647	0.781777	0.740802	0.729064	0.709723	0.756073	0.729223	0.754841	0.668519	0.801388	0.752409
0.738036	0.778373	0.793142	0.740669	0.740346	0.748509	0.775342	0.760869	0.757006	0.666187	0.80811	0.760341
0.744411	0.757064	0.792288	0.753469	0.695663	0.751917	0.758777	0.763076	0.752389	0.655601	0.762386	0.734899
0.760535	0.754582	0.786557	0.751382	0.694206	0.739977	0.745104	0.742885	0.726086	0.64253	0.715427	0.722209
0.712319	0.783999	0.767396	0.755296	0.718587	0.720917	0.710572	0.744859	0.72273	0.634881	0.730334	0.704668
0.724545	0.745538	0.732258	0.744794	0.738645	0.759212	0.681048	0.726827	0.725755	0.678444	0.722245	0.720852
0.766273	0.778025	0.749215	0.746926	0.731488	0.778576	0.70747	0.734441	0.728672	0.740345	0.767122	0.704582
0.73293	0.757561	0.784277	0.73242	0.72953	0.771739	0.701492	0.737043	0.736392	0.730783	0.775399	0.708974
0.73994	0.763089	0.750469	0.74837	0.745895	0.771007	0.739489	0.751305	0.747843	0.692837	0.76511	0.723826
0.741772	0.731032	0.724599	0.742472	0.721508	0.774277	0.675224	0.736775	0.732066	0.704278	0.81355	0.753181
0.752619	0.730763	0.715983	0.759513	0.755463	0.746531	0.690424	0.722329	0.740898	0.674486	0.785758	0.77758
0.742242	0.727954	0.708374	0.74241	0.734867	0.733483	0.699175	0.753248	0.738349	0.720992	0.793757	0.812855
0.729848	0.723433	0.724704	0.754461	0.752078	0.727151	0.698774	0.778934	0.723248	0.689164	0.772578	0.798728
0.715706	0.736464	0.710881	0.741455	0.758905	0.721646	0.730726	0.760362	0.716985	0.67148	0.742864	0.797058
0.678672	0.706323	0.728834	0.712116	0.776443	0.768686	0.740257	0.805532	0.711824	0.66895	0.704447	0.75999
0.683459	0.716822	0.748379	0.722904	0.828707	0.787669	0.734147	0.798848	0.727739	0.718792	0.676705	0.74801
0.662933	0.699399	0.764892	0.722023	0.840557	0.801765	0.756076	0.78448	0.737352	0.741498	0.653816	0.741608
0.667735	0.677022	0.753337	0.713158	0.829213	0.813956	0.757768	0.753554	0.717977	0.747843	0.647109	0.726076
0.681988	0.6913	0.753928	0.72068	0.852479	0.842523	0.762243	0.763199	0.708244	0.721034	0.608876	0.70489
0.671363	0.682999	0.727648	0.713602	0.832917	0.822064	0.757626	0.76074	0.739215	0.704256	0.575406	0.665865
0.64945	0.7234	0.746308	0.732813	0.851199	0.811439	0.766049	0.759441	0.787237	0.685629	0.578637	0.663921
0.667209	0.756407	0.755702	0.730135	0.833686	0.81261	0.759718	0.780637	0.79536	0.685959	0.633291	0.730805
0.66357	0.725431	0.742852	0.721866	0.863862	0.82836	0.745294	0.785765	0.770409	0.751615	0.64565	0.730335
0.656656	0.681299	0.743369	0.717402	0.839578	0.845633	0.744619	0.750308	0.765018	0.750782	0.651124	0.713679
0.670868	0.697461	0.752379	0.73525	0.855776	0.831808	0.759042	0.753534	0.747139	0.721582	0.648922	0.719388
0.681936	0.683685	0.756752	0.745971	0.83913	0.8187	0.757716	0.718439	0.728001	0.725048	0.681948	0.747505
0.665101	0.715341	0.800461	0.739404	0.804527	0.814607	0.759025	0.744737	0.729284	0.69232	0.727044	0.734413
0.646784	0.686501	0.757143	0.731229	0.791414	0.795839	0.806219	0.747786	0.737304	0.692727	0.705896	0.704813
0.677313	0.70501	0.759324	0.762761	0.787259	0.782731	0.784159	0.744207	0.755619	0.732648	0.729232	0.696861
0.712095	0.702271	0.770539	0.753036	0.786916	0.808159	0.774469	0.744163	0.788051	0.749847	0.740347	0.719023
0.701955	0.707261	0.709049	0.705114	0.772409	0.792916	0.759812	0.722668	0.771214	0.718138	0.747561	0.744367
0.743779	0.707996	0.737632	0.699929	0.749505	0.776147	0.754896	0.726357	0.746406	0.715688	0.787249	0.739321
0.740706	0.713289	0.728024	0.721907	0.766562	0.775022	0.745664	0.722338	0.729685	0.710123	0.788974	0.744744
0.727119	0.701879	0.717278	0.688873	0.739149	0.772823	0.722999	0.705437	0.70463	0.69037	0.799665	0.742772
0.71037	0.711	0.710524	0.677929	0.753191	0.784796	0.723942	0.693226	0.680201	0.704902	0.801526	0.730826
0.71427	0.740096	0.743567	0.7186	0.757006	0.785265	0.739082	0.706851	0.684568	0.718638	0.78817	0.723065
0.72716	0.779059	0.749776	0.734032	0.733594	0.779039	0.727791	0.710881	0.698582	0.687583	0.756565	0.732215
0.712805	0.764222	0.755484	0.709249	0.71298	0.780271	0.702376	0.707711	0.692423	0.684597	0.786707	0.756899
0.732004	0.757102	0.711694	0.738693	0.689942	0.76403	0.697423	0.733008	0.696299	0.676585	0.768287	0.733968
0.703008	0.730621	0.702256	0.72619	0.69547	0.766712	0.688469	0.774739	0.705865	0.689818	0.811755	0.75954
0.694273	0.707157	0.705904	0.693336	0.730308	0.762145	0.686863	0.760295	0.684218	0.694215	0.820628	0.751175
0.673733	0.669634	0.715382	0.685446	0.749941	0.764184	0.679644	0.737326	0.67189	0.663565	0.805504	0.757993
0.676066	0.687563	0.698208	0.72772	0.760928	0.768775	0.706766	0.778583	0.70402	0.668886	0.794971	0.743581
0.65647	0.703476	0.679992	0.714272	0.785693	0.7624	0.697799	0.770492	0.68939	0.676996	0.82127	0.71672
0.666234	0.698745	0.711621	0.692851	0.773573	0.744031	0.701766	0.773743	0.692124	0.652438	0.801659	0.700764
0.669012	0.692464	0.750089	0.701499	0.746048	0.755511	0.688631	0.772533	0.700227	0.654186	0.800826	0.732176
0.645505	0.752603	0.774938	0.746822	0.749526	0.768206	0.709722	0.757775	0.696968	0.65558	0.830806	0.763441
0.732245	0.747013	0.804176	0.756043	0.733037	0.759447	0.683606	0.763853	0.704809	0.664559	0.822035	0.781247
0.727251	0.727558	0.803723	0.788433	0.739064	0.748162	0.678989	0.791689	0.694847	0.725194	0.831913	0.771125
0.695588	0.742038	0.788276	0.76002	0.730655	0.738384	0.668962	0.838443	0.68628	0.728905	0.79776	0.76597
0.737749	0.785746	0.789595	0.749158	0.723874	0.708538	0.704652	0.782253	0.705684	0.732185	0.801363	0.773631
0.728513	0.790922	0.781975	0.735332	0.745567	0.75239	0.703044	0.762896	0.682563	0.751907	0.833229	0.759562
0.743436	0.803524	0.756138	0.730813	0.722892	0.771367	0.731084	0.757671	0.666219	0.742466	0.80817	0.721982
0.757793	0.797544	0.747148	0.733535	0.717262	0.783338	0.72388	0.763355	0.695429	0.781713	0.80534	0.721546
0.766166	0.792934	0.74862	0.755941	0.70798	0.770428	0.752054	0.777726	0.734397	0.752552	0.809147	0.71117
0.784437	0.765164	0.723039	0.754339	0.69691	0.756011	0.776637	0.780123	0.709294	0.730105	0.813364	0.724881
0.775734	0.758936	0.702334	0.731114	0.725728	0.768256	0.831144	0.782649	0.735168	0.736886	0.813823	0.756355
0.75042	0.715906	0.691211	0.682609	0.682017	0.763063	0.791355	0.687608	0.716894	0.733317	0.821601	0.77241
0.73046	0.68809	0.751466	0.707882	0.678435	0.775877	0.805525	0.744303	0.732551	0.711254	0.829926	0.761884
0.694524	0.704005	0.713545	0.715896	0.703082	0.766194	0.74785	0.766956	0.725404	0.719591	0.826926	0.772542
0.690256	0.700107	0.684532	0.722943	0.736545	0.777827	0.747312	0.80212	0.722172	0.743034	0.796305	0.775403
0.666379	0.673383	0.68265	0.705015	0.715457	0.752598	0.719227	0.812492	0.722072	0.690535	0.799094	0.740663
0.682027	0.726004	0.687932	0.772508	0.721798	0.75266	0.671405	0.762579	0.722659	0.682273	0.805631	0.740253
0.692068	0.690935	0.710595	0.697499	0.735147	0.735788	0.748076	0.769544	0.784667	0.682773	0.791902	0.765247
0.638174	0.714133	0.664709	0.732659	0.719347	0.767386	0.690645	0.753867	0.686655	0.661922	0.768085	0.766303
0.661285	0.68454	0.706564	0.718346	0.747545	0.791348	0.705928	0.777669	0.695491	0.678816	0.761506	0.743244
0.685811	0.699158	0.713008	0.743516	0.741007	0.761318	0.725601	0.810343	0.692948	0.675447	0.77262	0.735933
0.657907	0.684849	0.701257	0.742184	0.701695	0.774051	0.723759	0.811299	0.699409	0.722491	0.763864	0.742774
0.618912	0.661672	0.671485	0.752212	0.714197	0.760054	0.714105	0.79006	0.717196	0.701947	0.776568	0.740182
0.661857	0.645299	0.702757	0.732184	0.73639	0.746616	0.723111	0.76358	0.712366	0.719849	0.796788	0.741531
0.657262	0.749423	0.68719	0.731519	0.730094	0.775686	0.690442	0.701924	0.711101	0.713766	0.769707	0.736282
0.660578	0.677255	0.705137	0.738724	0.723811	0.769011	0.68719	0.698124	0.752198	0.697363	0.763677	0.755778
0.666068	0.674749	0.725417	0.751051	0.708439	0.783154	0.686784	0.725143	0.761108	0.720021	0.793416	0.776177
0.659385	0.639354	0.707	0.731114	0.748429	0.785231	0.694578	0.745716	0.75206	0.727662	0.801853	0.755133
0.691647	0.70472	0.734906	0.729167	0.746081	0.780125	0.71141	0.776811	0.771856	0.719981	0.772328	0.745612
0.70247	0.718609	0.752534	0.6964	0.718187	0.773108	0.742203	0.767267	0.735334	0.651848	0.772577	0.734069
0.680823	0.754111	0.772522	0.703579	0.739821	0.755996	0.748877	0.779085	0.719565	0.689636	0.773532	0.716136
0.683667	0.743768	0.769212	0.694166	0.72031	0.766426	0.752507	0.741866	0.698222	0.696937	0.770824	0.707127
0.689844	0.730182	0.767688	0.679769	0.751037	0.775914	0.760386	0.705179	0.670639	0.713892	0.785984	0.716486
0.664872	0.733813	0.747182	0.669083	0.751376	0.790417	0.762213	0.700671	0.654314	0.782134	0.814727	0.706295
0.655669	0.753955	0.742676	0.669894	0.713006	0.783686	0.761045	0.702329	0.66019	0.750733	0.768101	0.678313
0.677251	0.783017	0.758614	0.710529	0.699431	0.798788	0.74866	0.707984	0.68133	0.720708	0.721992	0.687124
0.69506	0.749476	0.735331	0.713864	0.714607	0.776789	0.756283	0.708479	0.667954	0.712341	0.722627	0.732744
0.689062	0.73943	0.739657	0.690881	0.716512	0.784857	0.731093	0.708471	0.673787	0.731017	0.739902	0.707956
0.743718	0.730726	0.7212	0.696173	0.689099	0.782973	0.719762	0.730739	0.678213	0.689586	0.73527	0.680508
0.730557	0.725719	0.721672	0.678583	0.664489	0.783753	0.746689	0.733174	0.682628	0.691813	0.758809	0.723388
0.705315	0.713314	0.703375	0.695459	0.674478	0.779361	0.748352	0.734694	0.696447	0.698041	0.748229	0.726812
0.718009	0.731304	0.718857	0.682573	0.684461	0.780416	0.732675	0.737186	0.719239	0.698744	0.729351	0.752511
0.727404	0.719359	0.749535	0.700928	0.696594	0.787431	0.759	0.76117	0.732262	0.680058	0.749493	0.772909
0.739342	0.669508	0.779854	0.683027	0.682605	0.796298	0.738351	0.757895	0.731838	0.63427	0.74819	0.770172
0.78142	0.684485	0.781155	0.689959	0.667571	0.800573	0.725474	0.746774	0.724358	0.62565	0.795852	0.749189
0.792891	0.697894	0.757221	0.715053	0.679403	0.781991	0.747005	0.753537	0.752142	0.632079	0.810057	0.768364
0.744349	0.67792	0.728141	0.746395	0.734563	0.789118	0.749448	0.752219	0.766236	0.660609	0.775631	0.75483
0.739225	0.684112	0.749934	0.713748	0.754116	0.754513	0.776551	0.791863	0.738764	0.661149	0.761151	0.756821
0.723293	0.710951	0.737617	0.716889	0.760239	0.776301	0.779894	0.806792	0.705861	0.647553	0.773779	0.757952
0.687869	0.737457	0.742943	0.700141	0.763818	0.775197	0.737874	0.836833	0.701548	0.642403	0.75068	0.754099
0.657864	0.763457	0.761112	0.691432	0.757584	0.805555	0.730898	0.789942	0.688329	0.680865	0.74302	0.714375
0.68073	0.750967	0.741756	0.678655	0.752969	0.759214	0.731065	0.757916	0.676784	0.640992	0.765593	0.721796
0.674308	0.751824	0.728403	0.686941	0.735937	0.782351	0.716391	0.746332	0.68084	0.639207	0.734013	0.70803
0.667987	0.741831	0.787943	0.697468	0.790221	0.801428	0.742697	0.765626	0.690201	0.64959	0.742527	0.728089
0.695714	0.737708	0.790704	0.719067	0.781122	0.792524	0.750797	0.784613	0.72125	0.669824	0.750832	0.707721
0.693738	0.698528	0.676664	0.677248	0.754192	0.79776	0.746347	0.780688	0.712537	0.728247	0.747174	0.713599
0.729409	0.72611	0.692325	0.682462	0.767301	0.792153	0.741532	0.759168	0.730139	0.71653	0.727521	0.742166
0.731144	0.720726	0.705412	0.680514	0.758158	0.792268	0.718837	0.73761	0.716898	0.705031	0.733103	0.754541
0.742466	0.759011	0.728383	0.681424	0.754253	0.799585	0.707136	0.74554	0.719554	0.679765	0.747775	0.762193
0.734142	0.750554	0.724029	0.69573	0.742901	0.80632	0.772108	0.72971	0.700833	0.709841	0.723822	0.727327
0.721041	0.739209	0.781576	0.704463	0.737582	0.794996	0.713567	0.726499	0.705233	0.682229	0.734899	0.734449
0.681819	0.737914	0.773129	0.680477	0.764123	0.794136	0.733473	0.780157	0.718515	0.712914	0.765141	0.722823
0.682809	0.781003	0.785518	0.697871	0.762156	0.77849	0.742719	0.775625	0.698978	0.731499	0.745111	0.714253
0.690486	0.748515	0.730785	0.648461	0.75174	0.752469	0.741024	0.744416	0.686398	0.721106	0.752306	0.734307
0.59442	0.682543	0.732466	0.682036	0.736146	0.735242	0.723884	0.726249	0.674555	0.717773	0.7502	0.720636
0.628105	0.679728	0.713294	0.715402	0.746671	0.787236	0.706779	0.727084	0.699098	0.724821	0.761329	0.715855
0.606754	0.674731	0.726503	0.715239	0.739496	0.775	0.708479	0.702031	0.688355	0.738582	0.768704	0.710451
0.635751	0.681156	0.784142	0.726535	0.741841	0.781688	0.69785	0.705981	0.680525	0.737645	0.772069	0.738512
0.692471	0.689455	0.774711	0.736765	0.72313	0.784667	0.688888	0.758271	0.692966	0.738368	0.745506	0.710111
0.682169	0.688029	0.791475	0.755306	0.732281	0.769217	0.715508	0.771281	0.704562	0.739031	0.726864	0.73986
0.655868	0.678545	0.804247	0.757771	0.74777	0.756514	0.70109	0.774397	0.751541	0.732106	0.727952	0.742557
0.629761	0.687034	0.767202	0.735023	0.7585	0.740493	0.690153	0.752768	0.743195	0.713431	0.720571	0.719847
0.629901	0.682614	0.75215	0.709807	0.757037	0.765183	0.68114	0.734457	0.720178	0.715348	0.707427	0.717632
0.625185	0.685997	0.752478	0.721696	0.77796	0.784422	0.671405	0.747997	0.727482	0.688007	0.679048	0.714058
0.614596	0.684403	0.746733	0.708451	0.744216	0.786147	0.702797	0.739664	0.737429	0.675253	0.674675	0.697498
0.614504	0.682256	0.745996	0.693705	0.739172	0.791037	0.660839	0.785478	0.743296	0.653628	0.689106	0.714771
0.628625	0.694986	0.754798	0.701514	0.739508	0.787688	0.680199	0.838415	0.775964	0.647744	0.72948	0.722674
0.664524	0.684407	0.738854	0.711365	0.72069	0.794185	0.732747	0.843897	0.79952	0.629644	0.752779	0.727822
0.673687	0.677891	0.740501	0.729826	0.733729	0.794091	0.764544	0.818737	0.787732	0.698656	0.76938	0.738447
0.715194	0.692153	0.725828	0.720667	0.75981	0.788724	0.788035	0.799902	0.791923	0.707107	0.769599	0.738212
0.696561	0.685123	0.734922	0.726251	0.739092	0.787511	0.826287	0.80818	0.80684	0.680489	0.759152	0.749043
0.676962	0.659785	0.709132	0.706585	0.718933	0.771212	0.752566	0.767824	0.745697	0.68997	0.768818	0.734621
0.71704	0.692026	0.699248	0.705226	0.720095	0.753605	0.720231	0.755721	0.739583	0.6935	0.761075	0.731064
0.651577	0.716783	0.7045	0.706731	0.720366	0.783758	0.717551	0.749974	0.716977	0.673584	0.763747	0.73924
0.693744	0.71267	0.716945	0.711816	0.741128	0.781339	0.707701	0.727576	0.702163	0.673744	0.768436	0.737014
0.748475	0.723439	0.756042	0.719379	0.742348	0.769452	0.700378	0.713884	0.700044	0.660883	0.756336	0.719677
0.749847	0.733986	0.759243	0.728118	0.690092	0.730024	0.722494	0.711701	0.702273	0.674925	0.719331	0.725446
0.727394	0.742147	0.752798	0.703307	0.69449	0.754159	0.701271	0.685573	0.675254	0.6739	0.7217	0.728285
