	HLF+/+HFD						HLF+/-HFD					
2T	64.60628	98.9441	52.45326	48.47306	58.05982	77.66583	43.86195	56.19531	56.2248	74.84457	40.93055	38.33261
												
2U	2.825284	3.004341	2.994145	4.236697	3.626035	4.450401	0.367191	0.864272	0.746902	0.226265	1.82532	1.179715
												
2V	1.331349	2.052092	1.492354	2.249405	1.351737	1.514433	2.833276	2.270942	2.130889	3.356665	3.90856	3.023032
												
2W	1.373722	0.996046	1.177088	1.847964	0.73083	1.342069	3.302055	6.768641	5.845777	7.340569	4.045829	3.960016
		                 Fe2+						Fe3+					
2X	HLF+/+HFD	16.1588	15.59475	20.5519	18.16833	15.69764	19.98036	26.95825	15.83761	23.41812	16.39097	41.40679	20.32268
	HLF+/-HFD	12.34751	12.06002	14.01893	10.14787	12.61012	8.032698	23.20468	28.9497	20.92481	17.44834	33.54229	26.83095
