Genus	HFD	HFQ	fold(HFQ/HFD)	p-value
Bacteroides	10.32486667	35.05316667	3.39502366	0.001439325
Eubacterium_fissicatena_group	3.97846667	2.29853333	0.57774352	0.026137209
Eubacterium_nodatum_group	3.50556667	2.0006	0.57069233	0.008925654
Mucispirillum	0.06106667	0.01983333	0.32478166	0.039807524
Parabacteroides	0.6002	1.26616667	2.10957459	0.008508265
Desulfovibrio	0.0259	0.00443333	0.17117117	0.018364218
Holdemania	0.265	0.10513333	0.39672956	0.028505574
Lachnospiraceae_UCG-006	0.09963333	0.1691	1.69722315	0.031097463
Incertae_Sedis	0.05773333	0.0084	0.14549654	0.018698803
