HLF+/+HFD			HLF-/-HFD		
0.051698	0.054141	0.042742	0.067109	0.058234	0.053333
0.06471	0.048448	0.045024	0.070693	0.055744	0.05505
0.062621	0.039438	0.050262	0.078916	0.054029	0.048021
0.047077	0.041	0.069348	0.108884	0.05152	0.051581
0.046638	0.051042	0.056844	0.089251	0.057381	0.053594
0.047393	0.047904	0.062329	0.097864	0.054095	0.049263
0.043778	0.046604	0.063604	0.099866	0.054656	0.047524
0.049517	0.041433	0.068705	0.107874	0.052168	0.049091
0.045724	0.047571	0.064395	0.101108	0.059811	0.053516
0.042986	0.05185	0.062139	0.097566	0.058021	0.056119
0.04479	0.07097	0.064083	0.100617	0.048903	0.045563
0.047202	0.062257	0.058667	0.092113	0.057007	0.05735
0.042011	0.052201	0.054991	0.086342	0.055515	0.050513
0.044238	0.040748	0.054987	0.086335	0.052405	0.053796
0.048665	0.041126	0.05625	0.088319	0.052538	0.048006
0.035194	0.051728	0.05677	0.089136	0.05287	0.050031
0.043805	0.062346	0.057188	0.089791	0.053306	0.050659
0.040588	0.064635	0.065602	0.103003	0.055701	0.040292
0.035063	0.065367	0.062584	0.098263	0.069559	0.042989
0.032981	0.062235	0.058364	0.091638	0.061415	0.041195
0.033024	0.052313	0.062126	0.097545	0.058811	0.044732
0.037613	0.058039	0.049188	0.07723	0.066204	0.04756
0.040405	0.056395	0.048809	0.076636	0.048504	0.047964
0.039219	0.058305	0.043096	0.067666	0.043746	0.046071
0.034436	0.055147	0.045094	0.070802	0.059589	0.046067
0.043599	0.055394	0.045421	0.071315	0.05674	0.047959
0.043156	0.05122	0.043713	0.068634	0.059981	0.047203
0.043362	0.066877	0.041983	0.065919	0.053665	0.058173
0.052469	0.053528	0.04189	0.065772	0.044327	0.07872
0.049151	0.061191	0.042299	0.066414	0.052913	0.048165
0.045526	0.05294	0.03595	0.056445	0.051727	0.052942
0.05263	0.050461	0.038652	0.060687	0.055585	0.048761
0.050206	0.045101	0.038824	0.060958	0.062024	0.046796
0.043624	0.039743	0.040566	0.063694	0.050935	0.050176
0.044454	0.040584	0.04245	0.066651	0.052367	0.048174
0.040628	0.041021	0.048862	0.076718	0.051836	0.045351
0.038011	0.044239	0.043499	0.068298	0.058411	0.047708
0.03925	0.045435	0.03913	0.061439	0.051794	0.055568
0.042318	0.04467	0.04255	0.066809	0.053974	0.052598
0.036807	0.039521	0.045432	0.071333	0.053253	0.045097
0.035412	0.043355	0.042762	0.06714	0.055071	0.046781
0.03683	0.041849	0.041109	0.064545	0.064537	0.041938
0.038207	0.042057	0.041365	0.064947	0.062838	0.05345
0.038838	0.042425	0.040594	0.063738	0.053904	0.047196
0.040906	0.043667	0.044801	0.070343	0.060561	0.049918
0.040945	0.038616	0.036467	0.057257	0.040871	0.047519
0.039835	0.039832	0.038726	0.060805	0.040568	0.049936
0.037903	0.043857	0.056712	0.089044	0.035984	0.04767
0.036107	0.052126	0.058332	0.091588	0.031584	0.04817
0.038912	0.043379	0.051732	0.081224	0.037604	0.048479
0.037981	0.049999	0.052246	0.082032	0.045092	0.0504
0.046411	0.039494	0.053426	0.083885	0.056491	0.049442
0.042387	0.044421	0.055161	0.086609	0.060887	0.043159
0.041481	0.043936	0.057278	0.089932	0.053601	0.06693
0.037319	0.045628	0.04939	0.077548	0.051719	0.062785
0.038901	0.048749	0.049411	0.077581	0.049481	0.060061
0.047385	0.042769	0.049538	0.07778	0.053926	0.052402
0.050123	0.042142	0.049612	0.077896	0.049426	0.058761
0.048868	0.050096	0.051429	0.080749	0.055911	0.056358
0.046075	0.041739	0.039172	0.061504	0.049744	0.059464
0.052395	0.038721	0.042668	0.066994	0.050146	0.057099
0.047094	0.044066	0.054275	0.085218	0.05019	0.055369
0.04553	0.041289	0.059568	0.093528	0.053557	0.057399
0.049721	0.048017	0.053866	0.084575	0.062661	0.067453
0.0416	0.037793	0.051408	0.080715	0.061733	0.058004
0.039829	0.046437	0.051995	0.081638	0.045718	0.058236
0.041716	0.058381	0.04952	0.077752	0.044436	0.051447
0.034721	0.071787	0.047896	0.075202	0.050503	0.050619
0.030878	0.061342	0.050236	0.078876	0.055479	0.050977
0.036499	0.071734	0.055857	0.087701	0.059511	0.051667
0.040274	0.054943	0.04968	0.078003	0.054197	0.050828
0.038548	0.063026	0.041603	0.065322	0.055201	0.045662
0.029942	0.050636	0.041087	0.064511	0.055812	0.05357
0.041394	0.055052	0.043933	0.06898	0.053238	0.050935
0.044846	0.054908	0.047767	0.075	0.040522	0.051573
0.041756	0.054052	0.04711	0.073967	0.060437	0.054384
0.044475	0.062879	0.047503	0.074585	0.064557	0.038745
0.038278	0.058998	0.051147	0.080307	0.068457	0.063283
0.048753	0.085822	0.060572	0.095104	0.069659	0.081725
0.058518	0.095516	0.058967	0.092584	0.074196	0.078964
0.051963	0.047368	0.099834	0.056749	0.093522	0.082204
0.043211	0.03767	0.048778	0.076586	0.060849	0.053551
0.051315	0.025998	0.062603	0.098293	0.075629	0.056002
0.059604	0.073191	0.067181	0.088381	0.091662	0.070259
0.047153	0.038345	0.058056	0.091155	0.070468	0.051782
0.061233	0.047519	0.06326	0.099325	0.066229	0.064517
0.064549	0.086786	0.071842	0.0928	0.077985	0.081776
0.072152	0.077107	0.038537	0.060508	0.063105	0.055794
0.058084	0.051832	0.03685	0.057859	0.089412	0.083885
0.066057	0.091204	0.059344	0.093176	0.076749	0.069454
0.063776	0.077577	0.056757	0.089115	0.076543	0.065481
0.054475	0.061787	0.054993	0.086345	0.066142	0.061147
0.043439	0.044308	0.045757	0.071843	0.065005	0.052279
0.040642	0.041041	0.044623	0.070063	0.06732	0.058083
0.052223	0.053159	0.062955	0.098847	0.081865	0.069007
0.060115	0.070688	0.05288	0.083027	0.093721	0.070249
0.055301	0.08034	0.064103	0.087763	0.089362	0.072853
0.055422	0.062585	0.047992	0.075352	0.086997	0.077563
0.057512	0.063647	0.053681	0.084285	0.084922	0.073262
0.056556	0.080791	0.054776	0.086005	0.082246	0.069539
0.055641	0.065544	0.056428	0.088598	0.08069	0.072146
0.050127	0.067042	0.046135	0.072437	0.068502	0.064988
0.057711	0.071703	0.049882	0.078321	0.066916	0.072481
0.057292	0.070487	0.058543	0.091918	0.070911	0.069423
0.05019	0.065687	0.055105	0.086521	0.071596	0.079479
0.050648	0.064059	0.021455	0.033687	0.057898	0.054527
0.039035	0.047682	0.045536	0.071497	0.063826	0.052162
0.04035	0.047025	0.043278	0.067951	0.061629	0.062711
0.044343	0.054652	0.030555	0.047975	0.065867	0.047423
0.042461	0.046516	0.036139	0.056743	0.067323	0.04379
0.043472	0.04713	0.0444	0.069712	0.05662	0.045031
0.045817	0.046921	0.044218	0.069426	0.054681	0.050715
0.043915	0.04692	0.055253	0.086753	0.050918	0.062204
0.044156	0.049074	0.046793	0.073471	0.057247	0.058447
0.045486	0.04965	0.041988	0.065926	0.080268	0.056458
0.042274	0.04769	0.048821	0.076655	0.065006	0.05666
0.038936	0.051587	0.051787	0.081312	0.055181	0.045951
0.039077	0.047487	0.06223	0.097708	0.047664	0.052467
0.041905	0.044325	0.063161	0.09917	0.056239	0.059711
0.042189	0.041741	0.060352	0.094759	0.062048	0.067014
0.043433	0.043576	0.048753	0.076547	0.057258	0.058388
0.040398	0.0421	0.039769	0.062442	0.047006	0.052134
0.037446	0.041457	0.03781	0.059366	0.050295	0.051328
0.037402	0.04304	0.04256	0.066824	0.062526	0.055503
0.04332	0.051455	0.042754	0.067128	0.057018	0.053797
0.046724	0.057448	0.044049	0.069162	0.051923	0.057878
0.031904	0.067401	0.045284	0.071101	0.054811	0.062083
0.03423	0.067811	0.045627	0.07164	0.066476	0.056504
0.036044	0.059592	0.042437	0.06663	0.0685	0.052845
0.038642	0.061738	0.043726	0.068655	0.06857	0.050797
0.039642	0.049183	0.049076	0.077054	0.064604	0.053245
0.041655	0.039907	0.045086	0.07079	0.060637	0.053399
0.041998	0.042479	0.043762	0.068711	0.066074	0.051106
0.04141	0.045081	0.041564	0.065261	0.090371	0.068824
0.03808	0.045901	0.045685	0.07173	0.069181	0.077414
0.050043	0.060372	0.06639	0.104239	0.083392	0.086031
0.05789	0.062754	0.073223	0.077546	0.093306	0.07986
0.04626	0.043877	0.060654	0.095233	0.079705	0.059886
0.043272	0.046589	0.05993	0.094097	0.057524	0.053906
0.045246	0.04878	0.065684	0.103131	0.050836	0.061041
0.040377	0.051103	0.05641	0.08857	0.06092	0.065695
0.040107	0.050094	0.046696	0.073317	0.062351	0.06587
0.039853	0.052967	0.046014	0.072247	0.059538	0.050961
0.045445	0.0638	0.049324	0.077444	0.06205	0.061106
0.043052	0.06278	0.053667	0.084262	0.060389	0.067192
0.042099	0.053783	0.058851	0.092402	0.059616	0.086154
0.050495	0.05154	0.057943	0.090977	0.075054	0.080476
0.060342	0.055261	0.060553	0.095076	0.064189	0.071704
0.063018	0.055133	0.061137	0.095991	0.072514	0.070395
0.065377	0.057617	0.054545	0.085641	0.062329	0.0857
0.048082	0.060318	0.051903	0.081493	0.05782	0.085477
0.0482	0.057456	0.056319	0.088427	0.061335	0.081064
0.044871	0.056955	0.061869	0.097142	0.06892	0.077966
0.041761	0.056691	0.063338	0.099448	0.069465	0.083115
0.041008	0.050212	0.070214	0.110244	0.064035	0.071251
0.042336	0.05528	0.070422	0.11057	0.073164	0.073738
0.041496	0.059787	0.069704	0.109443	0.060618	0.080429
0.041021	0.069266	0.080825	0.126904	0.065578	0.084015
0.045839	0.065969	0.068719	0.107896	0.064824	0.07459
0.041726	0.055825	0.063621	0.099892	0.068688	0.077237
0.045037	0.063149	0.071443	0.112173	0.06717	0.080778
0.05262	0.068798	0.067561	0.106078	0.055021	0.078026
0.045196	0.061295	0.062115	0.097527	0.06293	0.07563
0.053604	0.052265	0.069644	0.109349	0.071111	0.077994
0.044664	0.05373	0.060956	0.095708	0.068515	0.077459
0.053311	0.056922	0.051351	0.080627	0.067761	0.075606
0.060821	0.054539	0.06263	0.098336	0.073406	0.075529
0.042749	0.053122	0.062939	0.098821	0.079847	0.087525
0.04915	0.052893	0.058738	0.092225	0.074756	0.074127
0.044905	0.059604	0.056734	0.089078	0.078943	0.073867
0.038941	0.063467	0.05345	0.083922	0.08966	0.065612
0.039943	0.07178	0.064003	0.100492	0.072294	0.065267
0.038548	0.09024	0.064793	0.101732	0.067381	0.083465
0.040463	0.067385	0.071165	0.111737	0.065229	0.07463
0.045753	0.069033	0.06472	0.101617	0.071989	0.067551
0.051814	0.071572	0.060757	0.095395	0.061714	0.072638
0.047105	0.069795	0.075671	0.118811	0.074952	0.069693
0.042663	0.068383	0.063494	0.099693	0.060359	0.071598
0.048836	0.06801	0.06425	0.100879	0.06895	0.080899
0.052414	0.076276	0.059308	0.09312	0.059689	0.069925
0.051349	0.067492	0.059038	0.092697	0.063874	0.073458
0.049954	0.070494	0.052541	0.082494	0.050018	0.073313
0.059467	0.066859	0.0616	0.096719	0.058819	0.082249
0.062538	0.061649	0.06563	0.103047	0.07377	0.070402
0.052147	0.06531	0.062201	0.097663	0.06445	0.072927
0.054536	0.063145	0.061696	0.09687	0.064614	0.067938
0.053159	0.056749	0.066534	0.104466	0.069463	0.075474
0.051185	0.049314	0.047799	0.07505	0.054126	0.07155
0.049381	0.052033	0.05439	0.085398	0.075188	0.064036
0.058274	0.058785	0.052712	0.082764	0.071768	0.065736
0.055314	0.063234	0.051943	0.081556	0.060682	0.066794
0.053753	0.073911	0.057634	0.090491	0.057794	0.070127
0.057285	0.061958	0.056279	0.088364	0.055741	0.070881
0.056603	0.062371	0.055942	0.087835	0.063104	0.066649
0.051015	0.061743	0.063164	0.099174	0.060316	0.066157
0.047192	0.069046	0.056725	0.089065	0.058381	0.063698
0.044521	0.06371	0.064115	0.100668	0.065861	0.063608
0.054097	0.065631	0.064544	0.101341	0.049102	0.067142
0.046139	0.056656	0.068184	0.107057	0.057645	0.060143
0.046221	0.059668	0.075114	0.117937	0.071796	0.065292
0.03919	0.065585	0.076234	0.119696	0.077366	0.076028
0.041554	0.06504	0.071336	0.112006	0.080875	0.067722
0.04682	0.067594	0.069428	0.109009	0.078154	0.060132
0.041632	0.061615	0.063601	0.099861	0.075121	0.075011
0.041334	0.064775	0.051675	0.081136	0.070691	0.071529
0.046105	0.064881	0.066503	0.104416	0.077702	0.071911
0.043351	0.059854	0.051894	0.081479	0.070516	0.071542
0.044068	0.059119	0.058527	0.091894	0.073717	0.063596
0.057181	0.064386	0.063358	0.099479	0.070626	0.061346
0.063492	0.066606	0.063039	0.098978	0.062519	0.061863
0.049956	0.061012	0.062489	0.098115	0.080146	0.059548
0.040337	0.05049	0.057868	0.090859	0.060719	0.050106
0.048423	0.061684	0.06856	0.107646	0.069141	0.052697
0.045289	0.053251	0.06763	0.106186	0.062354	0.052799
0.030368	0.052006	0.063857	0.100262	0.05479	0.052362
0.035236	0.055792	0.070214	0.110243	0.064517	0.050282
0.046207	0.054108	0.050173	0.078777	0.063276	0.048918
0.034377	0.04789	0.060375	0.094795	0.062846	0.056698
0.034762	0.046912	0.055811	0.08763	0.062337	0.048775
0.041774	0.049252	0.050928	0.079963	0.060962	0.053281
0.052499	0.051403	0.057221	0.089844	0.066065	0.059788
0.052651	0.054732	0.062512	0.09815	0.04866	0.062132
0.043717	0.058957	0.057838	0.090811	0.052133	0.057313
0.049407	0.055281	0.063583	0.099832	0.064738	0.051162
0.061471	0.062591	0.068798	0.10802	0.076916	0.052946
0.038934	0.058091	0.051194	0.08038	0.065033	0.061085
0.04258	0.060179	0.046885	0.073614	0.054003	0.05776
0.037833	0.058406	0.058341	0.091602	0.069023	0.055788
0.036141	0.061742	0.067249	0.105588	0.070908	0.053383
0.041156	0.054703	0.064889	0.101883	0.048265	0.068357
0.039898	0.049257	0.053195	0.083523	0.054693	0.070891
0.04591	0.053121	0.062158	0.097594	0.050675	0.071739
0.046835	0.053937	0.053751	0.084395	0.071953	0.068272
0.049264	0.058365	0.051604	0.081024	0.067486	0.064296
0.043654	0.059665	0.054737	0.085942	0.075961	0.055672
0.039756	0.055473	0.057655	0.090524	0.070153	0.060433
0.044893	0.052975	0.066625	0.104608	0.054553	0.06292
0.039858	0.062093	0.063875	0.100291	0.058418	0.064428
0.039734	0.064388	0.056894	0.08933	0.065175	0.05863
0.040299	0.058253	0.05629	0.088382	0.055257	0.064734
0.046686	0.06435	0.056359	0.088489	0.049541	0.066765
0.054491	0.07414	0.056108	0.088095	0.056075	0.060784
0.054005	0.067989	0.052973	0.083173	0.067157	0.05725
0.049464	0.05575	0.063889	0.100313	0.047914	0.053413
0.053899	0.052469	0.054649	0.085805	0.053989	0.056635
0.054356	0.052534	0.070243	0.110288	0.065763	0.064475
0.056389	0.059535	0.073322	0.115124	0.04476	0.06739
0.051893	0.061328	0.070326	0.110419	0.052976	0.055449
0.06521	0.055603	0.071114	0.111656	0.064012	0.059099
0.052739	0.049153	0.068837	0.108081	0.053671	0.066408
0.054255	0.046029	0.069993	0.109896	0.046116	0.052639
0.057706	0.043176	0.069417	0.108992	0.06459	0.06201
0.054997	0.046219	0.063206	0.09924	0.067676	0.056449
0.052299	0.044555	0.060095	0.094356	0.074885	0.051321
0.049258	0.05098	0.058527	0.091894	0.070611	0.052069
0.050951	0.042973	0.058906	0.09249	0.076558	0.065048
0.050493	0.043062	0.059029	0.092682	0.069861	0.052299
0.046029	0.04658	0.059963	0.094149	0.061708	0.054236
0.049076	0.048691	0.05575	0.087533	0.067405	0.058147
0.040123	0.053635	0.054515	0.085595	0.061449	0.048841
0.036382	0.055034	0.051154	0.080317	0.0612	0.04833
0.035786	0.049671	0.044636	0.070083	0.055121	0.051243
0.032425	0.053921	0.047055	0.073881	0.048949	0.052201
0.040048	0.051154	0.047281	0.074236	0.038093	0.045999
0.038601	0.05319	0.048173	0.075637	0.039349	0.061154
0.041138	0.051174	0.049304	0.077412	0.049933	0.061732
0.043094	0.045786	0.047934	0.075261	0.048659	0.068373
0.048442	0.052976	0.047187	0.074088	0.056906	0.071504
0.035339	0.046053	0.044296	0.06955	0.051907	0.065349
0.037362	0.048912	0.047643	0.074805	0.031895	0.066973
0.036874	0.046389	0.045227	0.071011	0.043019	0.065253
0.041113	0.048435	0.045502	0.071443	0.05702	0.053223
0.0432	0.066368	0.04921	0.077265	0.065706	0.058628
0.045033	0.070644	0.053629	0.084204	0.064189	0.053469
0.048591	0.06312	0.044837	0.0704	0.064766	0.055132
0.046869	0.05735	0.042402	0.066576	0.076323	0.046453
0.047962	0.048094	0.047995	0.075358	0.067554	0.048059
0.056155	0.050772	0.054139	0.085003	0.069937	0.051212
0.051414	0.051815	0.060332	0.094727	0.068962	0.048543
0.053297	0.045425	0.062197	0.097657	0.058707	0.054488
0.052181	0.044789	0.078506	0.123263	0.06584	0.056198
0.046452	0.046419	0.061718	0.096904	0.057076	0.052496
0.049058	0.043662	0.066499	0.104411	0.050155	0.051413
0.046638	0.043947	0.057121	0.089686	0.05432	0.054115
0.038788	0.045757	0.056038	0.087985	0.049939	0.050346
0.047513	0.051161	0.06347	0.099654	0.052473	0.053264
0.043737	0.058267	0.057391	0.09011	0.055477	0.050355
0.040402	0.05759	0.052476	0.082393	0.040737	0.053068
0.040238	0.0517	0.059169	0.092902	0.03807	0.052913
0.04285	0.059715	0.05213	0.081849	0.046926	0.049006
0.037847	0.065992	0.043326	0.068026	0.059251	0.068567
0.0355	0.059793	0.038886	0.061055	0.037483	0.058918
0.037735	0.050552	0.047943	0.075276	0.034623	0.050899
0.039422	0.051002	0.044104	0.069249	0.055506	0.04437
0.040525	0.055644	0.039636	0.062232	0.034774	0.060745
0.038018	0.052877	0.044398	0.06971	0.041749	0.065989
0.047555	0.053759	0.041461	0.065098	0.048755	0.055198
0.051047	0.0502	0.042305	0.066423	0.054792	0.047628
0.047205	0.042562	0.043882	0.0689	0.055033	0.048215
0.040925	0.04143	0.045971	0.072179	0.057623	0.04932
0.038652	0.042516	0.045491	0.071426	0.057211	0.048921
0.044282	0.039009	0.045924	0.072106	0.058647	0.048133
0.038622	0.036981	0.041762	0.06557	0.050945	0.056215
0.037685	0.038827	0.049227	0.077292	0.042037	0.049465
0.041919	0.039995	0.049859	0.078284	0.043548	0.051836
0.04057	0.04042	0.055715	0.087479	0.043703	0.054676
0.036628	0.042715	0.060654	0.095234	0.065515	0.051255
0.036911	0.041283	0.063388	0.099526	0.04507	0.054106
0.039173	0.046185	0.063334	0.099442	0.04123	0.046871
0.038865	0.045472	0.054064	0.084887	0.043525	0.050211
0.040264	0.044158	0.055539	0.087202	0.064033	0.050673
0.043794	0.045813	0.069639	0.109341	0.057314	0.050849
0.042169	0.045356	0.053516	0.084026	0.038727	0.045252
0.041059	0.040738	0.05455	0.08565	0.040905	0.049362
0.042108	0.042384	0.057221	0.089844	0.047348	0.040671
0.039765	0.039692	0.055327	0.086869	0.049573	0.04003
0.045451	0.043457	0.048196	0.075674	0.041468	0.051743
0.053594	0.042954	0.038885	0.061054	0.056053	0.043288
0.046995	0.039121	0.042804	0.067208	0.048002	0.044693
0.04881	0.042747	0.051537	0.080919	0.048697	0.041247
0.040385	0.044241	0.044062	0.069183	0.050786	0.047301
0.048802	0.044377	0.043126	0.067713	0.063878	0.052342
0.043541	0.043204	0.046152	0.072463	0.061854	0.04748
0.052081	0.040398	0.040258	0.063209	0.06941	0.042871
0.043246	0.041141	0.046317	0.072723	0.053647	0.043574
0.044802	0.042257	0.051	0.080075	0.04576	0.049934
0.044421	0.042616	0.044546	0.069943	0.036351	0.057164
0.041078	0.041705	0.045818	0.07194	0.050741	0.055708
0.03488	0.041761	0.04352	0.068331	0.063279	0.048748
0.036325	0.04048	0.039935	0.062702	0.049517	0.052298
0.037242	0.040798	0.038693	0.060753	0.050238	0.047194
0.039701	0.041992	0.041094	0.064522	0.054217	0.053765
0.040299	0.041635	0.047622	0.074771	0.050179	0.056291
0.038239	0.042831	0.051051	0.080155	0.060277	0.051345
0.040393	0.04276	0.051865	0.081434	0.065558	0.043712
0.036189	0.044508	0.03818	0.059947	0.065988	0.045047
0.03253	0.050753	0.041726	0.065515	0.061669	0.04974
0.035761	0.049723	0.041457	0.065092	0.063572	0.053131
0.036414	0.046551	0.041754	0.065558	0.06231	0.05097
0.036451	0.044084	0.040879	0.064185	0.057654	0.051626
0.036838	0.038451	0.040576	0.063709	0.050383	0.055541
0.039425	0.04447	0.048556	0.076238	0.060144	0.049566
0.040078	0.051899	0.066069	0.103735	0.079438	0.050627
0.038587	0.041349	0.068749	0.107944	0.063636	0.053734
0.038639	0.043493	0.058885	0.092456	0.067483	0.055897
0.037638	0.043858	0.062836	0.098659	0.079326	0.049658
0.041006	0.048808	0.052751	0.082825	0.064133	0.053801
0.038401	0.055079	0.050345	0.079048	0.062271	0.049833
0.03687	0.053028	0.051074	0.080192	0.049	0.053429
0.037114	0.056538	0.05472	0.085916	0.043017	0.058537
0.037559	0.070299	0.0516	0.081017	0.048459	0.054992
0.039253	0.066502	0.051124	0.08027	0.045552	0.054692
0.034644	0.057656	0.048925	0.076818	0.048436	0.051372
0.039326	0.061714	0.053462	0.083941	0.045791	0.054208
0.048183	0.057474	0.051561	0.080956	0.050605	0.054454
0.051907	0.058783	0.044096	0.069236	0.053041	0.051829
0.056199	0.054671	0.044807	0.070352	0.054763	0.051807
0.050316	0.05305	0.048163	0.075621	0.058232	0.045054
0.052444	0.054223	0.048692	0.076451	0.064731	0.053591
0.053771	0.05553	0.044517	0.069897	0.050367	0.067099
0.048555	0.05482	0.042234	0.066312	0.056122	0.059928
0.042431	0.060573	0.050448	0.079208	0.057858	0.062569
0.046627	0.056435	0.052458	0.082364	0.04499	0.06198
0.047429	0.055711	0.058888	0.092461	0.055106	0.055625
0.04495	0.055908	0.049364	0.077506	0.062846	0.05821
0.041545	0.056019	0.054374	0.085373	0.061067	0.049095
0.040007	0.060755	0.053463	0.083943	0.061585	0.047931
0.038118	0.049906	0.049835	0.078246	0.056923	0.047152
0.039312	0.044574	0.053848	0.084547	0.049889	0.043806
0.035958	0.043358	0.049424	0.077601	0.040936	0.052116
0.037407	0.04468	0.0528	0.082901	0.053979	0.047687
0.039534	0.049814	0.051399	0.080701	0.047656	0.051375
0.044488	0.042633	0.040735	0.063958	0.057128	0.054213
0.039244	0.045308	0.04368	0.068582	0.059409	0.055103
0.038378	0.046058	0.045924	0.072106	0.057767	0.05611
0.037578	0.04584	0.043542	0.068366	0.047878	0.052027
0.039378	0.04311	0.045661	0.071692	0.070793	0.050649
0.037984	0.045851	0.043668	0.068564	0.073182	0.04072
0.0392	0.047084	0.048656	0.076395	0.063357	0.052885
0.040465	0.045983	0.040751	0.063983	0.05511	0.052448
0.04178	0.046711	0.040125	0.063001	0.058883	0.05658
0.037017	0.046301	0.047678	0.07486	0.060706	0.047876
0.036791	0.047728	0.043689	0.068596	0.068633	0.049601
0.036616	0.048191	0.042181	0.066229	0.064332	0.048575
0.03728	0.046849	0.041439	0.065063	0.051398	0.048784
0.037834	0.045252	0.042407	0.066584	0.049906	0.052757
0.039212	0.044406	0.041651	0.065397	0.059832	0.054808
0.039413	0.044076	0.04734	0.074329	0.066024	0.05742
0.038455	0.048259	0.050686	0.079582	0.060848	0.058154
0.044493	0.041876	0.044745	0.070255	0.063272	0.054385
0.047678	0.045664	0.037522	0.058914	0.061462	0.057281
0.048864	0.046391	0.036063	0.056623	0.069334	0.050415
0.052485	0.047904	0.044639	0.070089	0.056535	0.058092
0.046035	0.055629	0.049299	0.077405	0.060468	0.053858
0.037528	0.057462	0.050807	0.079772	0.046353	0.052227
0.03745	0.057934	0.047335	0.074322	0.058009	0.051637
0.037873	0.061502	0.051157	0.080322	0.060971	0.056357
0.041342	0.054811	0.050283	0.07895	0.054156	0.051747
0.045215	0.053046	0.041198	0.064685	0.054303	0.051446
0.05182	0.04391	0.0419	0.065788	0.060604	0.053129
0.047666	0.040865	0.047134	0.074005	0.056918	0.050757
0.047493	0.044794	0.051789	0.081314	0.054186	0.047696
0.045718	0.045145	0.045742	0.07182	0.044376	0.05407
0.043798	0.044654	0.039102	0.061394	0.0735	0.056306
0.036189	0.045998	0.041549	0.065236	0.067672	0.045252
0.043657	0.046098	0.045171	0.070924	0.060992	0.047505
0.041435	0.044672	0.047429	0.074469	0.063244	0.048092
0.040511	0.042332	0.04404	0.069147	0.066435	0.055128
0.041382	0.044121	0.04167	0.065426	0.049852	0.056562
0.043561	0.048764	0.042236	0.066315	0.059606	0.053906
0.044252	0.046774	0.041556	0.065247	0.056555	0.055667
0.036504	0.042468	0.043806	0.06878	0.058024	0.056699
0.038369	0.043978	0.048798	0.076618	0.059182	0.053274
0.038958	0.049998	0.043761	0.06871	0.051275	0.052768
0.03998	0.046506	0.040756	0.063992	0.05277	0.051366
0.039267	0.050611	0.04365	0.068536	0.06505	0.050233
0.039971	0.049504	0.040928	0.064262	0.055778	0.059039
0.04115	0.047155	0.044582	0.069999	0.065691	0.066873
0.040647	0.047682	0.040014	0.062826	0.055453	0.053609
0.040052	0.048721	0.05039	0.079117	0.064065	0.057938
0.041247	0.048664	0.057875	0.09087	0.056559	0.057132
0.043783	0.053095	0.049838	0.078251	0.060259	0.058552
0.043095	0.04787	0.048309	0.07585	0.068547	0.056507
0.042614	0.048845	0.053937	0.084687	0.077154	0.052222
0.040418	0.049875	0.06014	0.094426	0.070383	0.046276
0.039846	0.058013	0.058618	0.092037	0.066631	0.062699
0.043701	0.05296	0.059806	0.093902	0.061168	0.06733
0.039632	0.052604	0.058184	0.091355	0.066234	0.066216
0.03968	0.04987	0.044133	0.069294	0.070836	0.058824
0.040485	0.046131	0.052647	0.082662	0.064012	0.055135
0.041245	0.045808	0.046511	0.073028	0.059157	0.059373
0.039188	0.047225	0.05063	0.079494	0.06089	0.066843
0.040238	0.052159	0.040883	0.06419	0.062391	0.087348
0.047247	0.053864	0.053423	0.08388	0.073271	0.085434
0.04837	0.048674	0.056827	0.089224	0.070037	0.075319
0.044361	0.05594	0.063763	0.100114	0.068308	0.071822
0.042052	0.060913	0.068838	0.108083	0.05826	0.073592
0.041145	0.061714	0.060875	0.09558	0.065307	0.066833
0.041631	0.068813	0.060027	0.094249	0.086222	0.067913
0.045826	0.068911	0.062048	0.097422	0.069543	0.066269
0.045017	0.061632	0.060683	0.095278	0.068815	0.059288
0.041854	0.071895	0.061849	0.09711	0.073333	0.066848
0.03898	0.05921	0.051482	0.080833	0.064816	0.073172
0.042103	0.062572	0.063171	0.099185	0.074285	0.068811
0.042994	0.06426	0.055438	0.087044	0.090801	0.058897
0.042968	0.053907	0.065887	0.103449	0.079464	0.060911
0.049021	0.049863	0.063551	0.099782	0.073747	0.064001
0.048209	0.051554	0.064852	0.101825	0.057242	0.073427
0.042976	0.052227	0.056395	0.088546	0.06052	0.070215
0.047825	0.04987	0.048676	0.076427	0.066608	0.069706
0.041941	0.04976	0.054943	0.086267	0.080118	0.061397
0.046529	0.052915	0.066778	0.104849	0.075081	0.060567
0.053439	0.056516	0.064153	0.100726	0.080871	0.070216
0.053111	0.055633	0.04591	0.072084	0.063178	0.057104
0.045957	0.060029	0.067273	0.105626	0.071866	0.050838
0.041572	0.061696	0.060842	0.095529	0.077661	0.059946
0.049303	0.063049	0.051389	0.080686	0.078279	0.053086
0.049273	0.068012	0.041377	0.064966	0.072228	0.045877
0.041143	0.087927	0.090471	0.042049	0.082766	0.056606
0.039071	0.059175	0.05641	0.08857	0.073707	0.062672
0.04557	0.064762	0.055187	0.08665	0.073429	0.058238
0.044381	0.074959	0.060731	0.095354	0.074167	0.068213
0.044317	0.06361	0.064244	0.10087	0.059382	0.076872
0.053332	0.062016	0.048191	0.075665	0.05412	0.070546
0.052222	0.062945	0.060458	0.094925	0.060437	0.076323
0.048608	0.060735	0.059009	0.09265	0.067181	0.066921
0.048228	0.058573	0.056685	0.089002	0.091792	0.062922
0.05681	0.054151	0.053422	0.083879	0.067873	0.063652
0.051802	0.050881	0.051111	0.080249	0.080281	0.071294
0.051222	0.062534	0.056811	0.0892	0.070143	0.072017
0.050299	0.068861	0.060363	0.094776	0.044602	0.065134
0.05069	0.064434	0.054676	0.085847	0.046063	0.058279
0.048473	0.064078	0.050882	0.07989	0.061548	0.065613
0.049683	0.066902	0.053481	0.08397	0.065434	0.07201
0.04197	0.058291	0.0522	0.081959	0.079714	0.067125
0.039291	0.059145	0.04571	0.07177	0.062129	0.067307
0.04292	0.052177	0.045947	0.072141	0.059016	0.059254
0.049737	0.058144	0.051858	0.081422	0.045268	0.057726
0.050212	0.065427	0.058787	0.092302	0.059198	0.061014
0.056999	0.060983	0.043622	0.068492	0.060844	0.065419
0.052714	0.052322	0.053661	0.084254	0.060988	0.063394
0.048767	0.048389	0.064028	0.100531	0.068539	0.062007
0.047715	0.046999	0.0574	0.090124	0.067561	0.060257
0.049746	0.052415	0.06154	0.096625	0.062964	0.056611
0.044467	0.055681	0.060702	0.095309	0.075103	0.059202
0.039522	0.055716	0.063674	0.099976	0.075033	0.054899
0.041418	0.064554	0.067587	0.106119	0.06343	0.05065
0.042203	0.064686	0.066294	0.104089	0.052477	0.04796
0.041257	0.058294	0.054982	0.086328	0.064284	0.058656
0.042874	0.05972	0.05851	0.091867	0.057486	0.053766
0.056802	0.067563	0.055785	0.087588	0.069921	0.05938
0.045818	0.051053	0.056724	0.089063	0.072256	0.056262
0.049088	0.062105	0.05438	0.085382	0.051452	0.070748
0.047631	0.055885	0.0732	0.114932	0.081817	0.080932
0.052499	0.08989	0.065075	0.102175	0.058074	0.054157
0.058613	0.083749	0.085726	0.134598	0.09885	0.058453
0.038798	0.07435	0.079782	0.125266	0.085823	0.069533
0.050222	0.05839	0.062773	0.09856	0.058132	0.06531
0.05318	0.0787	0.063014	0.09894	0.074225	0.072442
0.043008	0.063292	0.051262	0.080487	0.058311	0.066776
0.050281	0.074608	0.053991	0.084772	0.058751	0.072602
0.040916	0.070563	0.05816	0.091318	0.061976	0.067195
0.04287	0.062218	0.056779	0.08915	0.075226	0.065735
0.041776	0.062884	0.051581	0.080988	0.058144	0.051222
0.041735	0.059703	0.052653	0.082671	0.073751	0.047398
0.042278	0.06163	0.051919	0.081518	0.072261	0.047146
0.044303	0.077344	0.04991	0.078364	0.07223	0.052376
0.052528	0.060858	0.051166	0.080336	0.084989	0.049442
0.048395	0.069101	0.052341	0.082181	0.075956	0.050989
0.042451	0.058335	0.05905	0.092715	0.080282	0.058983
0.031514	0.057847	0.054276	0.085219	0.072489	0.053578
0.039331	0.052588	0.05202	0.081677	0.076328	0.063232
0.048842	0.052259	0.046938	0.073697	0.073988	0.061571
0.043062	0.051298	0.050543	0.079358	0.078319	0.064094
0.045112	0.053601	0.05583	0.08766	0.062037	0.077056
0.042058	0.054612	0.058601	0.09201	0.058466	0.070029
0.044075	0.055089	0.055377	0.086948	0.067372	0.079742
0.04265	0.057631	0.05107	0.080185	0.076523	0.072361
0.050064	0.052809	0.048476	0.076113	0.054162	0.06972
0.048747	0.04778	0.049671	0.077989	0.053127	0.060051
0.049747	0.047491	0.051042	0.080142	0.055152	0.060269
0.05307	0.049118	0.055894	0.08776	0.056017	0.058986
0.056588	0.05111	0.055239	0.086731	0.052584	0.055177
0.051662	0.054317	0.04804	0.075428	0.052433	0.051422
0.046601	0.057444	0.046402	0.072856	0.080608	0.054184
0.037737	0.053378	0.051769	0.081283	0.044225	0.057199
0.045703	0.055991	0.050857	0.07985	0.06305	0.054948
0.044055	0.058588	0.055875	0.08773	0.074906	0.051934
0.039804	0.059718	0.054684	0.085859	0.064573	0.065236
0.043696	0.067213	0.04924	0.077312	0.062342	0.061083
0.041859	0.054995	0.048663	0.076406	0.059881	0.066493
0.041933	0.049789	0.050628	0.079492	0.054081	0.063623
0.043103	0.055309	0.04739	0.074407	0.056503	0.059114
0.042539	0.05638	0.050523	0.079327	0.052324	0.065687
0.047899	0.058025	0.049366	0.07751	0.074541	0.06574
0.045981	0.053167	0.046122	0.072417	0.071644	0.055163
0.043888	0.045899	0.049642	0.077944	0.067652	0.065062
0.048282	0.048934	0.049759	0.078127	0.048166	0.056271
0.045243	0.06514	0.048059	0.075458	0.049703	0.056513
0.043532	0.063881	0.057483	0.090255	0.056405	0.064843
0.041401	0.060095	0.057641	0.090502	0.066222	0.061108
0.043044	0.071321	0.051403	0.080708	0.053605	0.058964
0.044995	0.071842	0.049157	0.077182	0.072383	0.056621
0.046502	0.070587	0.058411	0.091712	0.068758	0.05758
0.04574	0.059095	0.065001	0.102059	0.075127	0.05892
0.043795	0.064016	0.062184	0.097636	0.075922	0.057137
0.045084	0.055245	0.064473	0.101229	0.086976	0.056524
0.041214	0.056326	0.066354	0.104183	0.07205	0.051898
0.043723	0.055232	0.056534	0.088764	0.055525	0.052812
0.0461	0.046716	0.052368	0.082224	0.069353	0.054643
0.04977	0.05124	0.050373	0.079092	0.063805	0.054304
0.046588	0.053479	0.051067	0.080181	0.079781	0.055251
0.046745	0.055816	0.050298	0.078973	0.064782	0.053107
0.046279	0.054992	0.04871	0.07648	0.058607	0.055401
0.042986	0.058846	0.047023	0.073832	0.063673	0.049564
0.045007	0.056414	0.049707	0.078045	0.061459	0.055064
0.044299	0.060541	0.055644	0.087368	0.07423	0.047897
0.047821	0.058187	0.052463	0.082373	0.074925	0.045907
0.041175	0.065338	0.057202	0.089814	0.080956	0.049855
0.044973	0.071838	0.059671	0.09369	0.059051	0.055046
0.042102	0.060622	0.055657	0.087387	0.048474	0.059138
0.041759	0.045944	0.047196	0.074102	0.065181	0.064128
0.047119	0.048627	0.042573	0.066844	0.072023	0.06537
0.044247	0.056039	0.053834	0.084525	0.059309	0.064466
0.05226	0.058967	0.056181	0.088211	0.054978	0.068735
0.047573	0.054822	0.058994	0.092627	0.086708	0.058605
0.04028	0.066066	0.049738	0.078094	0.048794	0.057895
0.046782	0.076543	0.059243	0.093018	0.05354	0.059461
0.055454	0.069542	0.065559	0.102935	0.063066	0.066552
0.052662	0.061697	0.071922	0.112925	0.064165	0.056001
0.057409	0.057836	0.066816	0.104908	0.058315	0.052907
0.04205	0.052128	0.064704	0.101593	0.059994	0.049114
0.036807	0.045709	0.060219	0.094551	0.06932	0.055812
0.032495	0.043917	0.061122	0.095968	0.065385	0.059868
0.037883	0.048007	0.054535	0.085625	0.080857	0.059924
0.040758	0.048168	0.058585	0.091985	0.072228	0.058146
0.04402	0.050766	0.055361	0.086924	0.065273	0.055575
