HLF+/+HFD			HLF-/-HFD		
0.02944	0.031607	0.048927	0.070392	0.061651	0.068313
0.028569	0.032045	0.046137	0.062639	0.064389	0.078531
0.028606	0.031875	0.040146	0.063612	0.070646	0.072898
0.030478	0.035324	0.04328	0.057023	0.063148	0.076595
0.038855	0.044678	0.036159	0.058988	0.057258	0.059303
0.03945	0.056529	0.034768	0.057535	0.053699	0.050695
0.034759	0.046233	0.033315	0.067286	0.046481	0.048252
0.02677	0.044028	0.033053	0.0689	0.042476	0.051391
0.028898	0.043042	0.035461	0.060276	0.046432	0.048439
0.033456	0.050592	0.03643	0.056935	0.0546	0.050447
0.030738	0.055534	0.03361	0.060787	0.050789	0.067861
0.029791	0.051678	0.035269	0.056317	0.046637	0.065364
0.028033	0.050275	0.044795	0.058369	0.040732	0.052968
0.029231	0.043614	0.052987	0.061378	0.042211	0.05386
0.028303	0.040669	0.053507	0.066827	0.052092	0.051542
0.027043	0.0462	0.053837	0.062119	0.059221	0.046323
0.027708	0.044481	0.049035	0.058102	0.061872	0.043831
0.028674	0.034663	0.051705	0.061962	0.049374	0.04895
0.03111	0.032258	0.044103	0.050701	0.050348	0.046426
0.035868	0.030211	0.039741	0.045766	0.05552	0.053106
0.035245	0.034117	0.039	0.05797	0.063359	0.049241
0.035318	0.033629	0.03518	0.05514	0.055072	0.046804
0.032129	0.034999	0.033846	0.047527	0.052303	0.042337
0.031438	0.042873	0.035782	0.045036	0.051254	0.047492
0.031732	0.047134	0.036994	0.042886	0.052435	0.053764
0.034882	0.045293	0.04991	0.042305	0.059005	0.049772
0.036204	0.039406	0.050435	0.052282	0.052707	0.046906
0.039864	0.037732	0.048421	0.051084	0.046759	0.05063
0.039717	0.042151	0.044428	0.05757	0.038038	0.060606
0.04195	0.050656	0.044825	0.060214	0.042129	0.067979
0.040062	0.042609	0.036198	0.059333	0.037993	0.062957
0.030703	0.038914	0.040975	0.04974	0.041277	0.056973
0.033826	0.051275	0.036917	0.042609	0.036194	0.057276
0.037511	0.052524	0.042267	0.048011	0.036903	0.058964
0.034497	0.051092	0.0508	0.045945	0.038961	0.059116
0.029789	0.052842	0.056805	0.050188	0.051796	0.051318
0.028916	0.053291	0.060268	0.062053	0.065015	0.054346
0.028915	0.049292	0.052919	0.066127	0.064848	0.055207
0.03467	0.045018	0.049191	0.067575	0.060821	0.053237
0.043221	0.047756	0.047265	0.065665	0.055765	0.056917
0.042221	0.041862	0.047011	0.064738	0.05763	0.05369
0.046517	0.037	0.05096	0.065844	0.051835	0.047996
0.035762	0.042986	0.047614	0.061529	0.060538	0.053808
0.028748	0.0416	0.051086	0.063615	0.058948	0.060447
0.034288	0.041433	0.046062	0.069177	0.06258	0.053096
0.03158	0.041086	0.04462	0.064647	0.05454	0.06137
0.03566	0.039977	0.042791	0.064339	0.04883	0.062131
0.027636	0.045575	0.056369	0.063084	0.04897	0.0551
0.041853	0.044724	0.044632	0.06574	0.050885	0.050194
0.02693	0.050176	0.031756	0.062064	0.058132	0.051508
0.028049	0.047495	0.0358	0.060252	0.056071	0.049364
0.0312	0.053538	0.039158	0.06822	0.059627	0.052345
0.03573	0.052171	0.036569	0.060079	0.061187	0.054496
0.037874	0.048301	0.034445	0.056366	0.052054	0.054161
0.029345	0.057824	0.034639	0.061772	0.056729	0.050786
0.034367	0.049654	0.036241	0.063037	0.051531	0.061883
0.032743	0.04301	0.036599	0.057489	0.049862	0.054706
0.034318	0.04588	0.032566	0.061197	0.053188	0.063586
0.029576	0.048406	0.032336	0.065568	0.059546	0.070442
0.032358	0.04538	0.031324	0.064684	0.055944	0.072341
0.030856	0.048994	0.035361	0.058432	0.056635	0.058688
0.032231	0.043137	0.034907	0.046072	0.052934	0.04935
0.032487	0.036703	0.038923	0.048775	0.052802	0.047934
0.034203	0.036647	0.045481	0.05455	0.056903	0.056751
0.034313	0.04238	0.045626	0.050809	0.051877	0.056772
0.031604	0.035718	0.046784	0.04884	0.04828	0.060905
0.029822	0.033644	0.048969	0.057943	0.050755	0.050782
0.028126	0.032453	0.052715	0.067532	0.057007	0.048445
0.031845	0.034855	0.049003	0.065137	0.064563	0.04854
0.04271	0.036759	0.048133	0.058231	0.051732	0.047108
0.044189	0.03475	0.051884	0.060552	0.049034	0.051847
0.039573	0.034972	0.04961	0.067553	0.04638	0.048448
0.041455	0.03598	0.046389	0.067504	0.050576	0.048626
0.03575	0.035462	0.044569	0.043267	0.047003	0.047503
0.041634	0.035681	0.047656	0.04447	0.05115	0.045417
0.049566	0.034614	0.045845	0.044854	0.043509	0.043792
0.039915	0.045825	0.047729	0.043757	0.046212	0.042388
0.037485	0.046255	0.048644	0.038428	0.04973	0.052181
0.041273	0.036188	0.05099	0.038634	0.046083	0.051521
0.030368	0.029488	0.040931	0.062152	0.042839	0.043941
0.029072	0.032925	0.043094	0.061682	0.048612	0.051731
0.02915	0.036806	0.039006	0.060517	0.042159	0.044303
0.029313	0.037252	0.039732	0.062262	0.044259	0.044505
0.031682	0.045422	0.047115	0.056805	0.03565	0.044504
0.029024	0.041375	0.04384	0.045233	0.039145	0.043745
0.030961	0.035078	0.039473	0.044344	0.04049	0.04329
0.032588	0.034145	0.0407	0.045187	0.036785	0.047106
0.046664	0.030899	0.03645	0.050815	0.040804	0.044129
0.027882	0.027142	0.042366	0.053515	0.036889	0.042962
0.021773	0.025972	0.041243	0.04613	0.040004	0.044244
0.024733	0.028618	0.039075	0.056068	0.040358	0.047581
0.030506	0.032073	0.041528	0.046268	0.037072	0.045068
0.028765	0.030065	0.041675	0.053453	0.03309	0.043834
0.026656	0.035875	0.044041	0.053347	0.033734	0.048945
0.028917	0.048797	0.0483	0.058703	0.036308	0.053815
0.032516	0.033748	0.043614	0.047278	0.036965	0.055761
0.03586	0.03126	0.030071	0.042828	0.034297	0.053128
0.04626	0.049677	0.035629	0.046684	0.02844	0.052922
0.047247	0.033818	0.037621	0.041625	0.030086	0.046588
0.041506	0.028025	0.037098	0.044605	0.030737	0.048708
0.039602	0.027902	0.031325	0.06225	0.052264	0.045807
0.036877	0.029676	0.027612	0.062199	0.053287	0.046561
0.036223	0.034517	0.032093	0.063217	0.054158	0.047444
0.030641	0.027703	0.032636	0.054699	0.058719	0.044417
0.031326	0.025589	0.033038	0.054533	0.058303	0.040489
0.028697	0.026194	0.030976	0.045522	0.050505	0.037636
0.027491	0.0278	0.029325	0.038689	0.052402	0.038885
0.027226	0.030326	0.030359	0.03805	0.040924	0.039559
0.02978	0.035336	0.042031	0.042291	0.043371	0.039816
0.028222	0.030508	0.035889	0.042851	0.039652	0.043976
0.029293	0.040352	0.032086	0.040767	0.043806	0.041877
0.031194	0.041273	0.033638	0.039081	0.048575	0.040848
0.02725	0.036844	0.027095	0.038169	0.044542	0.041389
0.028591	0.033954	0.031449	0.041009	0.043936	0.039003
0.027059	0.03063	0.030766	0.052304	0.034384	0.037902
0.025804	0.031517	0.030584	0.060329	0.03035	0.042877
0.023089	0.031286	0.028909	0.068927	0.035679	0.04212
0.027086	0.041963	0.032558	0.060951	0.039449	0.041224
0.030435	0.038275	0.028153	0.058397	0.03512	0.04398
0.032398	0.026771	0.032761	0.050697	0.036908	0.037801
0.033163	0.029592	0.036096	0.058709	0.030044	0.036503
0.02881	0.032992	0.032702	0.062875	0.036908	0.043017
0.026666	0.032172	0.032664	0.056465	0.041911	0.041381
0.02602	0.033492	0.035382	0.061241	0.036581	0.039871
0.025205	0.035168	0.03487	0.054964	0.034086	0.044541
0.031498	0.038351	0.029448	0.040806	0.034981	0.041167
0.037019	0.032752	0.032863	0.047203	0.033711	0.044638
0.03337	0.035694	0.027594	0.045673	0.045164	0.038549
0.025627	0.030298	0.028634	0.038598	0.038178	0.039953
0.020769	0.024858	0.033846	0.035197	0.03327	0.038714
0.027167	0.027723	0.038828	0.044813	0.043867	0.042939
0.030448	0.030315	0.040702	0.047209	0.052858	0.038989
0.032763	0.031211	0.046355	0.040541	0.056896	0.03999
0.026501	0.031889	0.046366	0.052917	0.052179	0.039702
0.030031	0.028405	0.046775	0.05994	0.050924	0.041809
0.035921	0.030959	0.045119	0.060467	0.045407	0.038568
0.041043	0.031053	0.059616	0.055774	0.052264	0.035294
0.044038	0.030169	0.038961	0.055255	0.05182	0.043108
0.039903	0.03097	0.045528	0.052991	0.045317	0.041118
0.04001	0.03224	0.043474	0.048691	0.04117	0.038057
0.039533	0.032787	0.041717	0.049968	0.043388	0.04065
0.039332	0.031492	0.036246	0.045249	0.043298	0.039996
0.033558	0.030632	0.027946	0.052546	0.035096	0.037322
0.038247	0.035317	0.030493	0.037506	0.033357	0.043518
0.038498	0.038533	0.030798	0.039208	0.039247	0.043886
0.04562	0.033078	0.030896	0.038356	0.038691	0.039777
0.045338	0.02734	0.035375	0.037866	0.033266	0.038022
0.034836	0.02809	0.049604	0.050439	0.037061	0.038831
0.032763	0.035905	0.041992	0.039021	0.038128	0.038437
0.0334	0.033443	0.046359	0.036742	0.034457	0.04295
0.030726	0.032051	0.048118	0.039941	0.033658	0.039355
0.034358	0.03006	0.051955	0.045807	0.036392	0.03784
0.029143	0.033835	0.049123	0.036717	0.040945	0.041274
0.028538	0.036416	0.047143	0.035409	0.040757	0.040013
0.030486	0.051228	0.049161	0.048685	0.030426	0.037826
0.031914	0.045574	0.045515	0.04891	0.041301	0.036228
0.028768	0.039636	0.042112	0.043131	0.035352	0.036957
0.03006	0.029296	0.041371	0.034867	0.03801	0.03337
0.032729	0.02872	0.041697	0.034839	0.033768	0.034305
0.023165	0.038322	0.042608	0.037442	0.034304	0.035064
0.030334	0.048282	0.044375	0.043538	0.035215	0.031584
0.026827	0.052009	0.049364	0.047873	0.027304	0.034775
0.022693	0.051667	0.045813	0.041616	0.030025	0.034638
0.021301	0.047844	0.042955	0.030003	0.028707	0.038764
0.021008	0.040362	0.045946	0.042989	0.031502	0.035916
0.024064	0.044303	0.037756	0.038343	0.033507	0.03508
0.026519	0.043006	0.036195	0.036324	0.033331	0.03422
0.025562	0.043396	0.030779	0.039207	0.03152	0.035216
0.022599	0.041114	0.031392	0.032952	0.032674	0.038509
0.029803	0.04107	0.031908	0.036111	0.034116	0.038839
0.029315	0.037599	0.030225	0.03612	0.032988	0.038563
0.0293	0.047821	0.030736	0.036183	0.040615	0.035419
0.035846	0.041242	0.03015	0.035674	0.056565	0.03573
0.034055	0.048822	0.029868	0.049132	0.034392	0.037271
0.031461	0.041908	0.025472	0.04485	0.038344	0.036002
0.035398	0.039591	0.027306	0.047495	0.035687	0.035862
0.037137	0.033209	0.027346	0.049728	0.034081	0.034699
0.032323	0.028627	0.027946	0.042414	0.036218	0.035901
0.03244	0.027602	0.028648	0.038697	0.035244	0.03486
0.028775	0.027486	0.033835	0.039687	0.033304	0.034885
0.027676	0.03024	0.029171	0.044574	0.03596	0.036804
0.029647	0.031526	0.026307	0.04752	0.041517	0.036785
0.03151	0.033363	0.028982	0.036161	0.03924	0.042613
0.02633	0.029805	0.03189	0.036464	0.032273	0.040434
0.024547	0.031236	0.029527	0.033223	0.034168	0.048702
0.025154	0.029213	0.027892	0.032883	0.030777	0.051467
0.026428	0.028633	0.028363	0.043423	0.039883	0.057759
0.026361	0.029105	0.027586	0.0445	0.033444	0.057988
0.028092	0.030014	0.029249	0.034589	0.036339	0.055774
0.028033	0.025362	0.023731	0.033759	0.033982	0.049979
0.027272	0.026337	0.026974	0.032523	0.035413	0.053981
0.02543	0.029788	0.042474	0.036273	0.033385	0.060712
0.024218	0.0367	0.042529	0.039184	0.033169	0.063296
0.026034	0.029484	0.037655	0.048458	0.033248	0.062487
0.025227	0.035078	0.039289	0.034292	0.0365	0.058632
0.031837	0.02675	0.03824	0.039581	0.036019	0.061088
0.027459	0.030809	0.041462	0.050128	0.031944	0.061749
0.027246	0.029616	0.042851	0.052304	0.052211	0.062364
0.024931	0.031552	0.035509	0.0503	0.047572	0.069697
0.026209	0.033187	0.034678	0.052894	0.04663	0.065958
0.033286	0.028213	0.035618	0.053121	0.039018	0.07004
0.034797	0.027482	0.035149	0.050884	0.042615	0.065721
0.034928	0.033993	0.037696	0.049341	0.041456	0.062209
0.033268	0.028626	0.027937	0.038084	0.042977	0.06009
0.039807	0.025049	0.028986	0.034812	0.040861	0.063039
0.033292	0.029619	0.039437	0.037759	0.04123	0.062161
0.03192	0.028179	0.04353	0.039248	0.042445	0.063434
0.036731	0.031691	0.039306	0.038893	0.048475	0.068162
0.030214	0.023898	0.038043	0.040518	0.041105	0.067478
0.028084	0.030913	0.037162	0.0418	0.040274	0.065949
0.029291	0.039302	0.036258	0.036257	0.034874	0.068968
0.023468	0.049626	0.035754	0.042092	0.034522	0.061305
0.019364	0.043916	0.036154	0.034577	0.034409	0.066299
0.022725	0.051271	0.040927	0.036053	0.034495	0.068875
0.026549	0.038734	0.03477	0.051463	0.034023	0.063007
0.025434	0.044226	0.028955	0.061699	0.030076	0.064086
0.019413	0.035683	0.028726	0.050609	0.037025	0.066381
0.026585	0.040706	0.030705	0.059607	0.034648	0.060321
0.029303	0.040693	0.032101	0.060291	0.034321	0.067159
0.027713	0.040419	0.032103	0.053353	0.038821	0.066516
0.028452	0.044663	0.032748	0.054427	0.027328	0.063172
0.024734	0.041783	0.03702	0.051943	0.046858	0.065276
0.023221	0.051209	0.040922	0.050403	0.045167	0.07012
0.023765	0.051228	0.040463	0.058321	0.047474	0.077039
0.024548	0.047737	0.040408	0.056425	0.043501	0.069465
0.02553	0.044054	0.036056	0.054454	0.035344	0.071796
0.027357	0.037509	0.043033	0.048171	0.040699	0.072418
0.028689	0.030261	0.039213	0.042148	0.036291	0.070616
0.026604	0.032107	0.04029	0.037417	0.032086	0.060636
0.029941	0.035868	0.040556	0.037514	0.035678	0.06437
0.032381	0.032591	0.038473	0.032554	0.042199	0.068097
0.039099	0.032774	0.030017	0.034784	0.040137	0.069659
0.035812	0.043729	0.033136	0.03775	0.044868	0.07138
0.03504	0.044142	0.032688	0.040905	0.039779	0.073812
0.031569	0.045506	0.034698	0.040123	0.030988	0.070275
0.030769	0.038507	0.031911	0.031055	0.03598	0.070912
0.031112	0.02986	0.029844	0.035209	0.037549	0.066237
0.027576	0.026744	0.02967	0.0365	0.041542	0.069814
0.029409	0.029123	0.038317	0.040964	0.044864	0.062237
0.025691	0.033735	0.028161	0.041556	0.036033	0.061957
0.027035	0.032652	0.031022	0.03804	0.039767	0.072371
0.02696	0.032697	0.028594	0.039671	0.043955	0.059418
0.027169	0.028835	0.02732	0.034447	0.041282	0.057434
0.027401	0.030499	0.024883	0.038466	0.039278	0.069568
0.026299	0.029104	0.02961	0.052171	0.046696	0.078326
0.02719	0.038019	0.029979	0.05232	0.042668	0.08457
0.031749	0.04156	0.030248	0.05103	0.041706	0.071732
0.031018	0.037449	0.031478	0.054691	0.03982	0.067532
0.022496	0.031722	0.029506	0.05498	0.041363	0.078956
0.025233	0.031659	0.030314	0.043999	0.032873	0.070747
0.025232	0.028764	0.028369	0.041553	0.034892	0.077178
0.026723	0.029866	0.028645	0.039761	0.043926	0.08022
0.030174	0.034991	0.029055	0.037151	0.032097	0.068305
0.028218	0.0302	0.028342	0.039758	0.032288	0.070467
0.028934	0.030101	0.029584	0.03875	0.030991	0.077331
0.031396	0.030101	0.029765	0.049511	0.035006	0.07812
0.029856	0.029715	0.036247	0.052645	0.041718	0.080172
0.030511	0.032325	0.031544	0.05929	0.039729	0.067833
0.032995	0.031452	0.028991	0.051609	0.039707	0.069979
0.030697	0.030676	0.035397	0.053575	0.039472	0.068458
0.027295	0.034025	0.037721	0.051109	0.032005	0.082187
0.02694	0.030631	0.045202	0.042866	0.039548	0.076222
0.029037	0.028673	0.044564	0.039217	0.04436	0.077257
0.028105	0.027612	0.042947	0.041245	0.05056	0.082383
0.028928	0.028876	0.036488	0.041014	0.043091	0.083258
0.027989	0.029745	0.028904	0.042408	0.039263	0.07371
0.026546	0.028528	0.027597	0.04568	0.038095	0.074027
0.027821	0.029125	0.031924	0.045663	0.042531	0.071295
0.033651	0.035616	0.030324	0.04265	0.039871	0.060096
0.036878	0.041703	0.030949	0.052436	0.042746	0.060348
0.022861	0.047344	0.031095	0.054179	0.046406	0.06938
0.024155	0.046014	0.031898	0.056094	0.042499	0.074364
0.02558	0.041304	0.029402	0.060192	0.039623	0.072536
0.026362	0.041186	0.029298	0.060333	0.037258	0.069316
0.027207	0.032648	0.033351	0.047849	0.039759	0.067408
0.028725	0.02572	0.029756	0.04978	0.038026	0.062968
0.02912	0.028721	0.029416	0.04827	0.038301	0.06198
0.028587	0.029949	0.027204	0.047403	0.053474	0.058774
0.025352	0.030494	0.031541	0.043884	0.057469	0.06591
0.024666	0.029342	0.038432	0.040799	0.052614	0.071655
0.027055	0.032137	0.043199	0.046237	0.049359	0.087413
0.030677	0.030134	0.043603	0.052667	0.045674	0.07432
0.029072	0.02951	0.042466	0.058205	0.039781	0.069262
0.029763	0.030441	0.046578	0.06044	0.045123	0.065317
0.025788	0.031432	0.039684	0.058253	0.047949	0.068503
0.02531	0.033155	0.033614	0.052807	0.04703	0.075899
0.025444	0.034634	0.033943	0.04257	0.037469	0.075858
0.029021	0.043411	0.035366	0.039875	0.045434	0.07293
0.02884	0.045176	0.04163	0.054843	0.051153	0.070974
0.027757	0.037538	0.045454	0.062871	0.064538	0.060912
0.034403	0.036599	0.043658	0.066684	0.059925	0.061733
0.04243	0.037105	0.04564	0.064997	0.050883	0.076826
0.04455	0.038228	0.046157	0.066039	0.053998	0.080697
0.046721	0.040894	0.041049	0.058101	0.065707	0.088263
0.033539	0.043659	0.038432	0.060636	0.06475	0.093041
0.034483	0.040548	0.041077	0.060278	0.060776	0.088279
0.031125	0.037875	0.046713	0.060978	0.058705	0.08529
0.028131	0.03788	0.049304	0.072699	0.062136	0.090516
0.026872	0.033151	0.053688	0.065215	0.053568	0.073436
0.027214	0.038181	0.055111	0.061061	0.058999	0.08157
0.026035	0.042815	0.054046	0.056567	0.06379	0.087583
0.026231	0.050638	0.059904	0.061912	0.064891	0.103533
0.030912	0.047396	0.051888	0.064142	0.060329	0.097348
0.028163	0.040826	0.050532	0.067218	0.064501	0.078318
0.030408	0.04841	0.055265	0.066557	0.065696	0.087065
0.037176	0.052838	0.051538	0.054567	0.061256	0.079645
0.032723	0.043901	0.047969	0.054844	0.059345	0.067104
0.039799	0.036313	0.053739	0.056216	0.062493	0.071808
0.032654	0.037385	0.045512	0.051691	0.062458	0.070366
0.039637	0.042305	0.037739	0.056844	0.059678	0.072266
0.043715	0.038668	0.047547	0.057658	0.060286	0.074233
0.031352	0.035874	0.046484	0.04845	0.070459	0.086783
0.037679	0.0361	0.041565	0.050339	0.058206	0.089524
0.033266	0.041309	0.040572	0.055431	0.058629	0.081304
0.029164	0.046369	0.038307	0.05088	0.054513	0.073723
0.029637	0.05367	0.049108	0.062621	0.052112	0.072032
0.028888	0.061011	0.051668	0.069918	0.065129	0.086548
0.030041	0.050459	0.056497	0.063355	0.058938	0.093371
0.033269	0.051671	0.051461	0.069059	0.052242	0.090738
0.037804	0.054497	0.047818	0.055544	0.054921	0.086636
0.033515	0.051816	0.056384	0.058008	0.053679	0.084529
0.029083	0.050854	0.048994	0.068199	0.055474	0.083219
0.033145	0.05057	0.049541	0.065438	0.061835	0.080346
0.036804	0.056967	0.046102	0.058207	0.054212	0.085333
0.036042	0.052157	0.045663	0.061363	0.057738	0.091355
0.034212	0.05446	0.04081	0.06496	0.055925	0.087947
0.042188	0.051542	0.047002	0.073492	0.060567	0.079702
0.045547	0.045764	0.04925	0.077537	0.055017	0.080914
0.037859	0.049205	0.046546	0.067969	0.055872	0.083378
0.038167	0.047667	0.045698	0.06257	0.052283	0.078386
0.038813	0.042441	0.048871	0.051999	0.056203	0.070324
0.038243	0.036086	0.033497	0.053809	0.054116	0.07139
0.03642	0.038032	0.039096	0.049516	0.048334	0.06976
0.044149	0.044817	0.039574	0.052127	0.049697	0.071734
0.04241	0.048408	0.037271	0.048912	0.049718	0.089091
0.040997	0.055619	0.040405	0.048625	0.051338	0.088251
0.043598	0.047121	0.038545	0.051294	0.053187	0.081141
0.043642	0.047697	0.038959	0.048648	0.050884	0.074974
0.037713	0.047462	0.045437	0.049664	0.050512	0.071061
0.034668	0.053448	0.040688	0.055962	0.04837	0.06781
0.033574	0.049081	0.046341	0.079727	0.048378	0.068124
0.038145	0.049718	0.050286	0.086661	0.050667	0.070291
0.035201	0.043013	0.054379	0.071284	0.046365	0.072382
0.033682	0.04429	0.05531	0.071069	0.050522	0.077821
0.027836	0.049696	0.057086	0.066869	0.059999	0.085524
0.028886	0.050193	0.053477	0.065181	0.053949	0.091467
0.032986	0.051141	0.051813	0.064374	0.047416	0.087413
0.028485	0.045731	0.046247	0.062822	0.058808	0.093707
0.028223	0.048171	0.037698	0.05934	0.054884	0.092858
0.031783	0.047152	0.048013	0.06438	0.055328	0.098099
0.030053	0.044442	0.038562	0.0593	0.0549	0.085457
0.030474	0.045233	0.044021	0.062334	0.048137	0.085866
0.039411	0.045996	0.045682	0.062074	0.045876	0.084165
0.042899	0.046284	0.045905	0.067111	0.045952	0.075056
0.031559	0.044333	0.044565	0.068646	0.042527	0.070229
0.026647	0.045344	0.043033	0.060455	0.040155	0.068201
0.033442	0.046426	0.052138	0.069594	0.037262	0.066672
0.027735	0.037938	0.051984	0.051164	0.03696	0.067063
0.019169	0.036762	0.048106	0.044676	0.036272	0.068242
0.022523	0.039085	0.051492	0.056581	0.035535	0.065494
0.031682	0.037755	0.036789	0.051884	0.03484	0.065811
0.023292	0.033026	0.043869	0.049638	0.040634	0.064814
0.023137	0.032693	0.041052	0.043283	0.032882	0.061853
0.027943	0.033768	0.03898	0.043197	0.039007	0.061564
0.036899	0.035081	0.042963	0.045395	0.044162	0.065817
0.037082	0.036688	0.045701	0.049641	0.04428	0.070825
0.031546	0.040487	0.04174	0.055554	0.039738	0.063737
0.035509	0.037908	0.047294	0.059015	0.034782	0.059177
0.041458	0.043986	0.049269	0.062719	0.036201	0.066513
0.027351	0.039801	0.035986	0.058281	0.043098	0.062392
0.028763	0.044144	0.03335	0.054663	0.039736	0.06092
0.024264	0.043867	0.042159	0.066472	0.038216	0.066685
0.02274	0.046249	0.048816	0.062976	0.038461	0.059722
0.027609	0.039525	0.045005	0.056206	0.050053	0.063502
0.027147	0.03387	0.039395	0.061126	0.05201	0.076971
0.031591	0.036621	0.048138	0.049347	0.053247	0.071702
0.03137	0.036971	0.040352	0.045478	0.051219	0.065134
0.032398	0.04061	0.036838	0.042083	0.047824	0.07125
0.028909	0.04191	0.039233	0.042133	0.04356	0.072792
0.026293	0.038923	0.042772	0.042291	0.047655	0.081265
0.030999	0.03806	0.049068	0.050058	0.049834	0.079922
0.026622	0.045516	0.048495	0.053685	0.048922	0.077732
0.025661	0.047121	0.042615	0.044763	0.04451	0.067041
0.026094	0.041718	0.041083	0.041631	0.049176	0.060731
0.031009	0.047673	0.04158	0.04535	0.049821	0.064319
0.037883	0.055124	0.041456	0.041571	0.044664	0.060441
0.038998	0.051061	0.039531	0.046961	0.042811	0.061026
0.036596	0.041408	0.044922	0.04503	0.04072	0.067938
0.038988	0.037698	0.038358	0.042406	0.04192	0.064981
0.04077	0.039195	0.052289	0.046279	0.050129	0.059565
0.042687	0.044136	0.056473	0.046778	0.050676	0.068758
0.038363	0.044583	0.053847	0.052568	0.041532	0.061675
0.042907	0.040298	0.051748	0.047105	0.04333	0.068528
0.038292	0.033478	0.051514	0.060307	0.048031	0.05995
0.039624	0.033472	0.050534	0.054356	0.037091	0.055665
0.042797	0.031639	0.05224	0.064545	0.043394	0.056284
0.041122	0.032686	0.047077	0.051228	0.039766	0.056259
0.039064	0.0327	0.044048	0.049598	0.035728	0.053569
0.035986	0.036302	0.042343	0.052792	0.037268	0.055535
0.037798	0.03078	0.041529	0.040515	0.045941	0.056494
0.037172	0.030495	0.042953	0.053616	0.03687	0.060407
0.034101	0.032562	0.043465	0.053892	0.038007	0.057538
0.035669	0.035093	0.040731	0.053333	0.04182	0.062526
0.028569	0.038683	0.038478	0.054015	0.035032	0.071991
0.024571	0.038837	0.037101	0.055646	0.0332	0.073844
0.022447	0.034291	0.030709	0.056771	0.034721	0.075931
0.021077	0.039015	0.032436	0.065937	0.034309	0.074355
0.027753	0.037798	0.033262	0.053285	0.031251	0.07793
0.026601	0.038746	0.033219	0.048538	0.0446	0.075392
0.028612	0.037685	0.034462	0.048238	0.045534	0.07558
0.029637	0.033551	0.033489	0.044653	0.048796	0.078965
0.031209	0.038623	0.031849	0.043767	0.05128	0.075019
0.023065	0.033746	0.030651	0.035973	0.049596	0.07181
0.024919	0.034828	0.033199	0.040118	0.050043	0.067676
0.024466	0.032809	0.031244	0.039321	0.049	0.067171
0.026702	0.034782	0.031103	0.049046	0.040054	0.062749
0.028569	0.04981	0.034868	0.052926	0.044612	0.060232
0.030711	0.051284	0.038074	0.054329	0.040141	0.059952
0.033982	0.047319	0.031314	0.041962	0.04144	0.056091
0.032877	0.041918	0.02949	0.049475	0.034987	0.053787
0.032522	0.03311	0.032144	0.037755	0.034627	0.058006
0.040697	0.037799	0.037506	0.043752	0.037436	0.057485
0.038094	0.038137	0.042926	0.052059	0.035548	0.052698
0.039717	0.031813	0.04683	0.06283	0.0385	0.05449
0.039504	0.03144	0.056103	0.061174	0.038951	0.056888
0.034307	0.033018	0.044385	0.062938	0.036502	0.056061
0.03343	0.031772	0.04896	0.065328	0.036009	0.055015
0.033362	0.031226	0.041886	0.052411	0.037348	0.063793
0.027397	0.032412	0.042337	0.048647	0.034917	0.08022
0.033458	0.036749	0.047184	0.042008	0.035261	0.07479
0.03064	0.043243	0.043346	0.03486	0.034987	0.07182
0.026699	0.043141	0.040812	0.038013	0.035057	0.072915
0.026786	0.037363	0.046383	0.040005	0.033605	0.07305
0.028243	0.043695	0.038087	0.037638	0.034145	0.072127
0.024073	0.049299	0.032038	0.040506	0.05137	0.076993
0.022455	0.044637	0.028275	0.047302	0.041244	0.073371
0.023723	0.038061	0.03539	0.034888	0.033483	0.073404
0.025353	0.03842	0.031675	0.038029	0.032872	0.0653
0.026514	0.042134	0.028582	0.043889	0.043957	0.070332
0.025127	0.03984	0.031703	0.039862	0.050391	0.068917
0.033092	0.041116	0.029689	0.03443	0.041352	0.070963
0.035815	0.038161	0.030121	0.044702	0.037039	0.071557
0.032124	0.030611	0.030362	0.032975	0.036272	0.072044
0.027744	0.029416	0.032076	0.030506	0.037486	0.075035
0.027225	0.029899	0.032237	0.03227	0.036974	0.071846
0.032708	0.028233	0.0322	0.049467	0.035257	0.067191
0.028341	0.026998	0.029964	0.038259	0.042233	0.063204
0.026986	0.028781	0.036049	0.043253	0.03627	0.057609
0.030171	0.028077	0.037896	0.029047	0.036575	0.055562
0.027499	0.028216	0.044376	0.051362	0.037876	0.058641
0.025054	0.029775	0.047267	0.049132	0.037019	0.062997
0.024628	0.029113	0.049275	0.040614	0.037724	0.062222
0.026672	0.032922	0.048452	0.038899	0.032576	0.053037
0.026438	0.032786	0.042311	0.042366	0.035218	0.051212
0.027712	0.031314	0.043593	0.03273	0.035586	0.052444
0.030777	0.032244	0.05179	0.031516	0.03681	0.054439
0.029173	0.032475	0.040011	0.031511	0.030876	0.067346
0.027562	0.027749	0.039665	0.045179	0.031948	0.066332
0.028818	0.028863	0.042459	0.04411	0.02721	0.070099
0.027659	0.028275	0.041703	0.044898	0.027927	0.0764
0.032338	0.031011	0.035198	0.040115	0.038008	0.070257
0.036501	0.030084	0.027572	0.034059	0.029698	0.069585
0.035203	0.027085	0.029357	0.040038	0.030567	0.06517
0.036785	0.030138	0.03541	0.037039	0.028047	0.058441
0.029421	0.030455	0.03047	0.035194	0.034187	0.057446
0.03655	0.030827	0.029534	0.046163	0.039749	0.057478
0.033106	0.029147	0.031374	0.037673	0.034024	0.057673
0.038043	0.026994	0.026286	0.036495	0.030475	0.051901
0.03103	0.028525	0.032205	0.042919	0.030364	0.051901
0.03307	0.029048	0.037544	0.035388	0.03551	0.05289
0.032539	0.029464	0.031143	0.032916	0.0391	0.049204
0.029025	0.028381	0.030437	0.031778	0.039279	0.050626
0.022412	0.028287	0.028623	0.047601	0.034977	0.058726
0.023656	0.027353	0.026115	0.039708	0.036647	0.053834
0.024725	0.027786	0.026155	0.033228	0.033176	0.050952
0.026267	0.027783	0.027082	0.037423	0.040018	0.062322
0.026751	0.027432	0.032184	0.045035	0.041114	0.06835
0.025527	0.029097	0.034175	0.052747	0.038075	0.066625
0.026678	0.028337	0.035511	0.051868	0.031976	0.073513
0.023046	0.030301	0.025698	0.049867	0.036411	0.06756
0.020269	0.035494	0.028063	0.046534	0.039742	0.058441
0.022279	0.033787	0.028446	0.041096	0.040314	0.055526
0.023558	0.03168	0.026895	0.04177	0.038023	0.06083
0.023525	0.029702	0.028434	0.037021	0.038119	0.064917
0.023925	0.025367	0.026994	0.033487	0.04017	0.065796
0.025759	0.029836	0.034001	0.043459	0.036974	0.06411
0.026226	0.034161	0.049476	0.039799	0.038849	0.057763
0.025403	0.027524	0.049809	0.036227	0.0401	0.050355
0.025254	0.028947	0.042788	0.039784	0.040855	0.050983
0.024413	0.030237	0.048736	0.042169	0.03664	0.052097
0.02705	0.035248	0.039503	0.046141	0.038861	0.053939
0.025164	0.038535	0.038843	0.044868	0.034846	0.054734
0.023681	0.036485	0.037663	0.059345	0.03699	0.054239
0.024292	0.038391	0.040993	0.040796	0.042126	0.051511
0.024587	0.048845	0.040836	0.034172	0.038176	0.052265
0.0266	0.046218	0.039886	0.03808	0.038212	0.056663
0.022643	0.042235	0.037648	0.03729	0.035666	0.052859
0.027209	0.048071	0.041866	0.043964	0.037412	0.051697
0.034079	0.04383	0.040425	0.042692	0.038835	0.047502
0.037657	0.04627	0.033813	0.038729	0.035823	0.050571
0.037385	0.042921	0.031928	0.035563	0.035313	0.061912
0.036776	0.041947	0.033612	0.032521	0.032447	0.067452
0.039197	0.041945	0.034401	0.033551	0.040307	0.070264
0.040481	0.042062	0.031282	0.045762	0.049843	0.073322
0.036196	0.040629	0.029694	0.039278	0.043245	0.075692
0.031224	0.045648	0.03654	0.043575	0.044729	0.073803
0.035581	0.042591	0.039259	0.042997	0.044136	0.074147
0.034151	0.042392	0.043077	0.046993	0.040118	0.067123
0.031494	0.043459	0.036796	0.05313	0.042295	0.070311
0.028209	0.044244	0.04043	0.043534	0.033324	0.067383
0.026315	0.047804	0.040949	0.043603	0.033235	0.068729
0.025268	0.037587	0.038055	0.04093	0.033808	0.072046
0.026277	0.03177	0.041463	0.039502	0.031421	0.07172
0.023508	0.030885	0.03707	0.052261	0.035502	0.07983
0.024277	0.032323	0.040573	0.044718	0.032853	0.070655
0.026522	0.037078	0.038245	0.037595	0.035424	0.071224
0.029451	0.029923	0.02818	0.044873	0.037544	0.065952
0.025826	0.031849	0.030993	0.051686	0.038437	0.067155
0.025242	0.032401	0.03261	0.05078	0.039642	0.068308
0.024661	0.032714	0.030892	0.043897	0.035173	0.061751
0.025643	0.029027	0.032118	0.033625	0.035164	0.060437
0.024811	0.031032	0.029878	0.04631	0.029207	0.059839
0.025249	0.032289	0.034159	0.062363	0.038482	0.059776
0.026493	0.032039	0.02853	0.047608	0.036146	0.056109
0.027378	0.03223	0.027415	0.049703	0.039144	0.058269
0.02364	0.0327	0.033381	0.048625	0.033858	0.05687
0.023335	0.032936	0.030313	0.051631	0.034795	0.056395
0.022737	0.033556	0.028683	0.058743	0.033192	0.057826
0.023395	0.032592	0.028032	0.042994	0.034839	0.07404
0.0239	0.031501	0.028485	0.03711	0.039492	0.077805
0.025493	0.030104	0.028024	0.051611	0.041553	0.079334
0.025866	0.030001	0.032624	0.034871	0.041978	0.083428
0.025216	0.033521	0.034745	0.037507	0.041897	0.083255
0.029786	0.027358	0.026997	0.04016	0.037633	0.079144
0.033153	0.031079	0.024229	0.039549	0.038897	0.083703
0.03388	0.031635	0.024108	0.036058	0.037425	0.082026
0.036884	0.032684	0.031823	0.045333	0.044211	0.078505
0.03187	0.040697	0.035985	0.052309	0.040997	0.071757
0.025943	0.04162	0.036199	0.051313	0.037816	0.069785
0.026724	0.041544	0.034174	0.049318	0.040052	0.067581
0.026673	0.04431	0.038009	0.053563	0.043983	0.063068
0.029788	0.039462	0.036655	0.049121	0.039396	0.0574
0.033458	0.038807	0.02824	0.052996	0.038677	0.053673
0.038181	0.032474	0.028025	0.055606	0.042229	0.054782
0.035027	0.03037	0.031076	0.050559	0.039517	0.053597
0.035265	0.032232	0.032858	0.047179	0.036138	0.059698
0.03327	0.033246	0.031179	0.047381	0.041356	0.063399
0.031704	0.0339	0.026069	0.053558	0.044244	0.061803
0.024641	0.033298	0.027694	0.045106	0.034274	0.062897
0.031061	0.032021	0.031034	0.052067	0.035676	0.05868
0.029433	0.032057	0.033588	0.03958	0.036426	0.074494
0.028141	0.030747	0.031985	0.051271	0.043535	0.075937
0.027881	0.03171	0.029259	0.045193	0.04458	0.0762
0.029746	0.034256	0.029081	0.046026	0.039634	0.075663
0.031364	0.032341	0.028351	0.03829	0.039619	0.078106
0.023724	0.028483	0.029621	0.043415	0.040323	0.074843
0.025274	0.030485	0.03235	0.040495	0.037144	0.069915
0.025499	0.034581	0.028762	0.047359	0.035567	0.069477
0.026484	0.032022	0.027582	0.046303	0.036843	0.065135
0.025162	0.034841	0.028694	0.052832	0.039316	0.073302
0.025612	0.034077	0.027675	0.046433	0.046187	0.076725
0.026209	0.031713	0.030248	0.042536	0.052678	0.067745
0.026013	0.031948	0.026154	0.047248	0.039708	0.061987
0.025648	0.032519	0.034438	0.043937	0.043092	0.066237
0.027106	0.033139	0.042095	0.050135	0.043657	0.063723
0.029261	0.036136	0.035428	0.042628	0.04471	0.065999
0.028439	0.032945	0.033199	0.050495	0.043785	0.062201
0.027836	0.032081	0.037627	0.053473	0.040212	0.063642
0.026301	0.03549	0.044464	0.050452	0.037356	0.062305
0.025847	0.041881	0.0436	0.054923	0.050256	0.063176
0.028163	0.037029	0.046459	0.065918	0.052872	0.060174
0.025805	0.037115	0.044194	0.053398	0.051224	0.057145
0.025526	0.035414	0.033624	0.043536	0.044105	0.059123
0.026374	0.033862	0.04144	0.041885	0.042165	0.055161
0.02732	0.033469	0.034127	0.043487	0.045236	0.053867
0.024957	0.034569	0.035511	0.045159	0.051234	0.052638
0.025413	0.036576	0.033373	0.046826	0.067754	0.059438
