HLF+/+HFD			HLF-/-HFD		
0.744669	0.711716	0.720565	0.721051	0.757121	0.735888
0.704992	0.682746	0.686204	0.696264	0.751473	0.702834
0.724005	0.693227	0.703815	0.693964	0.768663	0.69275
0.73998	0.685126	0.715291	0.742083	0.790779	0.718495
0.702491	0.703438	0.738719	0.688347	0.744455	0.711422
0.704751	0.69812	0.743772	0.702934	0.723076	0.699449
0.701856	0.687728	0.756527	0.734842	0.703257	0.708218
0.693876	0.725501	0.756206	0.734067	0.724471	0.741307
0.637365	0.711259	0.762837	0.717989	0.703417	0.765108
0.663891	0.702322	0.758658	0.73173	0.692713	0.726262
0.680642	0.721829	0.76715	0.738234	0.692278	0.667781
0.676126	0.732033	0.775814	0.768316	0.719948	0.720148
0.68477	0.759296	0.765804	0.733316	0.710913	0.699866
0.679513	0.718961	0.752376	0.702658	0.686276	0.706567
0.672547	0.698328	0.741276	0.712575	0.683661	0.703411
0.658192	0.74083	0.750524	0.722083	0.702599	0.685643
0.692479	0.774415	0.775951	0.745154	0.690105	0.695149
0.660969	0.804661	0.752475	0.738019	0.708473	0.677661
0.647202	0.790416	0.732023	0.721567	0.700239	0.698425
0.64585	0.768767	0.735987	0.695536	0.713025	0.696858
0.636131	0.771548	0.73955	0.726057	0.726861	0.704232
0.639783	0.763333	0.767592	0.708816	0.749617	0.704516
0.656336	0.762585	0.741565	0.71116	0.740775	0.694922
0.65177	0.744296	0.714181	0.69859	0.729995	0.684169
0.656255	0.745536	0.696151	0.692815	0.721637	0.709274
0.683584	0.741413	0.7025	0.706521	0.721906	0.711349
0.679276	0.734063	0.691429	0.702934	0.718551	0.698865
0.675714	0.715059	0.732091	0.704717	0.694788	0.698175
0.683183	0.770477	0.719737	0.690133	0.717644	0.718563
0.692867	0.797861	0.706102	0.715078	0.713265	0.714055
0.691067	0.791629	0.708529	0.705481	0.708564	0.724264
0.672569	0.784583	0.706474	0.701489	0.694583	0.73188
0.739693	0.736317	0.704347	0.711969	0.720266	0.728294
0.740945	0.720298	0.688904	0.740536	0.711472	0.721822
0.72974	0.68012	0.674861	0.769933	0.698128	0.731612
0.708263	0.670039	0.692473	0.781655	0.703169	0.734369
0.728087	0.683548	0.670617	0.741769	0.701074	0.753751
0.755326	0.693877	0.672295	0.71453	0.710384	0.747138
0.74461	0.746873	0.681127	0.744864	0.675672	0.746028
0.715354	0.754164	0.701932	0.739892	0.686655	0.715629
0.69319	0.720479	0.690496	0.726364	0.686501	0.730385
0.682979	0.698055	0.678497	0.706516	0.717681	0.733876
0.6917	0.680807	0.685692	0.72851	0.749184	0.746188
0.678744	0.686051	0.67954	0.72925	0.760246	0.708609
0.68673	0.687352	0.652865	0.731048	0.733996	0.727973
0.684654	0.656792	0.650756	0.707972	0.7105	0.715132
0.684614	0.661212	0.696524	0.699016	0.696001	0.709169
0.670939	0.679201	0.748941	0.734049	0.664755	0.700329
0.670721	0.704056	0.729076	0.713154	0.683101	0.688569
0.669034	0.679671	0.727888	0.725467	0.684591	0.685815
0.664207	0.701567	0.751998	0.728415	0.704735	0.724199
0.685985	0.677317	0.715758	0.738571	0.73345	0.728504
0.647817	0.693573	0.75165	0.717513	0.728951	0.740134
0.656834	0.674072	0.748136	0.766752	0.759025	0.780082
0.668054	0.691501	0.718948	0.755548	0.766446	0.757697
0.67373	0.680767	0.701817	0.746769	0.78306	0.776379
0.702461	0.659657	0.718993	0.759371	0.80183	0.744588
0.694229	0.652143	0.70849	0.78898	0.771265	0.725228
0.714754	0.678549	0.732963	0.823347	0.75966	0.735598
0.722044	0.685833	0.713199	0.772313	0.733757	0.722737
0.759759	0.646912	0.679342	0.730641	0.737476	0.715604
0.706921	0.672159	0.726611	0.719286	0.742828	0.74464
0.70107	0.682469	0.730769	0.725909	0.733501	0.739473
0.738741	0.659999	0.729713	0.708412	0.749731	0.718656
0.726302	0.632343	0.740023	0.710426	0.767173	0.70867
0.705115	0.665705	0.714726	0.738336	0.713242	0.691577
0.702166	0.673196	0.732195	0.708865	0.683978	0.677863
0.675884	0.691296	0.746487	0.694042	0.725482	0.681996
0.627104	0.715916	0.719691	0.704048	0.698744	0.674995
0.622623	0.714745	0.732714	0.694266	0.696292	0.66764
0.659205	0.704986	0.699876	0.717977	0.711297	0.669372
0.659795	0.701706	0.695967	0.711586	0.715373	0.658652
0.648328	0.704705	0.699155	0.756966	0.740971	0.691158
0.642257	0.739403	0.698903	0.779428	0.734937	0.680244
0.653409	0.74111	0.672023	0.798369	0.681406	0.665485
0.663694	0.747781	0.681445	0.815246	0.722675	0.713822
0.639738	0.710292	0.689382	0.783558	0.724976	0.705345
0.646167	0.708208	0.723799	0.81151	0.749918	0.740452
0.811857	0.596683	0.6756	0.67644	0.687088	0.652666
0.814631	0.536327	0.686193	0.632074	0.62652	0.60122
0.82063	0.792191	0.604754	0.686237	0.784345	0.729185
0.802373	0.81973	0.739189	0.727501	0.716869	0.660005
0.814289	0.812765	0.687395	0.607542	0.739566	0.726748
0.770086	0.758784	0.68369	0.823271	0.589284	0.516533
0.853375	0.765269	0.693983	0.811857	0.678399	0.619639
0.802565	0.799803	0.641096	0.779216	0.574333	0.653003
0.780703	0.793236	0.535526	0.708696	0.672494	0.731983
0.795978	0.81446	0.778912	0.658019	0.640738	0.71938
0.823271	0.778463	0.899195	0.7653	0.788032	0.822393
0.811857	0.758962	0.750833	0.788032	0.795483	0.819396
0.811892	0.743923	0.611337	0.795483	0.631761	0.840588
0.836482	0.62323	0.680276	0.631761	0.696852	0.797558
0.716224	0.673909	0.652224	0.6666	0.751981	0.808888
0.6785	0.748981	0.664895	0.659098	0.759984	0.813945
0.605722	0.777321	0.608638	0.772026	0.681383	0.83032
0.685697	0.801441	0.532556	0.605722	0.575517	0.820667
0.57062	0.799094	0.783944	0.685697	0.589554	0.812381
0.626266	0.793236	0.753017	0.819662	0.619316	0.829502
0.592756	0.633762	0.743258	0.825315	0.612054	0.812006
0.602405	0.800739	0.741919	0.836304	0.587226	0.664829
0.819662	0.798448	0.600681	0.752974	0.606399	0.647236
0.835749	0.758098	0.649814	0.794068	0.625246	0.656544
0.830883	0.787213	0.606382	0.613173	0.819662	0.575396
0.822393	0.776188	0.637691	0.63503	0.825315	0.57358
0.819396	0.758962	0.635456	0.640357	0.836304	0.520428
0.840588	0.743923	0.633762	0.626266	0.816288	0.602405
0.6464	0.603238	0.622993	0.711027	0.662842	0.668909
0.662279	0.635114	0.661885	0.753656	0.696986	0.700455
0.680474	0.640245	0.950891	0.732751	0.727154	0.676826
0.664564	0.649247	0.784254	0.71644	0.771955	0.73734
0.665566	0.638679	0.6663	0.729652	0.731992	0.688209
0.685245	0.641533	0.673152	0.7453	0.708648	0.690249
0.679858	0.633311	0.656026	0.771957	0.69937	0.670664
0.690987	0.658696	0.674105	0.788418	0.698559	0.679739
0.725381	0.633462	0.690466	0.791362	0.725712	0.703304
0.726144	0.643239	0.725027	0.784339	0.723189	0.696656
0.701039	0.659569	0.728372	0.782513	0.720957	0.69649
0.689418	0.645054	0.726363	0.747924	0.733364	0.75377
0.692923	0.646883	0.705553	0.730756	0.71014	0.742909
0.666186	0.6615	0.711605	0.720669	0.716489	0.754468
0.666026	0.66266	0.748433	0.71961	0.705084	0.738013
0.692825	0.706528	0.726778	0.716218	0.721762	0.75311
0.708918	0.688134	0.729884	0.70212	0.730361	0.742175
0.743844	0.676702	0.750084	0.733968	0.773222	0.766295
0.776804	0.692167	0.709264	0.735323	0.757219	0.741136
0.789263	0.725928	0.702593	0.75835	0.773135	0.738547
0.716549	0.702425	0.68666	0.746848	0.767144	0.747474
0.705661	0.678567	0.699099	0.746767	0.80341	0.752147
0.709672	0.693103	0.692846	0.767433	0.839737	0.7498
0.682215	0.667112	0.670025	0.78258	0.826882	0.733456
0.686323	0.663804	0.679576	0.775658	0.814577	0.746707
0.689595	0.644494	0.659976	0.738453	0.792614	0.712124
0.693356	0.676113	0.672189	0.739189	0.780684	0.749444
0.690349	0.66435	0.654498	0.721485	0.765943	0.776977
0.66575	0.664352	0.690417	0.721761	0.768696	0.74235
0.743258	0.73319	0.578886	0.84167	0.615611	0.611565
0.741919	0.734467	0.589973	0.601895	0.84167	0.618075
0.663131	0.686777	0.71888	0.734284	0.601895	0.76269
0.671839	0.633419	0.708588	0.765815	0.717211	0.737969
0.657789	0.624043	0.709125	0.816273	0.685479	0.739235
0.638687	0.615062	0.703486	0.803778	0.691743	0.729869
0.631043	0.66185	0.719845	0.776591	0.686987	0.713976
0.638446	0.653882	0.737676	0.749552	0.680798	0.735244
0.638587	0.680424	0.717023	0.72999	0.670365	0.743533
0.669894	0.719592	0.775716	0.74702	0.695255	0.761303
0.659316	0.697951	0.772367	0.76824	0.730148	0.749102
0.681323	0.710102	0.75347	0.758823	0.752949	0.744631
0.703149	0.671439	0.753716	0.773352	0.740623	0.70962
0.706929	0.693381	0.754975	0.785476	0.791779	0.767061
0.714636	0.709764	0.752579	0.758515	0.77844	0.766714
0.697537	0.723815	0.740463	0.739507	0.750065	0.757516
0.715413	0.705713	0.72937	0.746512	0.75696	0.749723
0.69365	0.664997	0.755028	0.793092	0.773955	0.752965
0.67361	0.668186	0.778427	0.804006	0.803665	0.74759
0.655284	0.660218	0.764631	0.804159	0.786249	0.751825
0.642799	0.690679	0.782586	0.812583	0.771633	0.800118
0.627412	0.716122	0.775358	0.791854	0.732536	0.793119
0.639464	0.731069	0.741161	0.818416	0.715313	0.772382
0.674359	0.718456	0.755077	0.831447	0.743732	0.808809
0.674935	0.731319	0.79427	0.820088	0.778902	0.83511
0.675186	0.766606	0.773561	0.809582	0.766234	0.813289
0.706502	0.76801	0.762844	0.788675	0.764138	0.785078
0.724032	0.716221	0.772259	0.766244	0.748133	0.784675
0.742466	0.694796	0.77162	0.787248	0.760801	0.801254
0.73109	0.695804	0.746633	0.750107	0.760787	0.806344
0.743502	0.743217	0.734928	0.764764	0.797977	0.789319
0.718739	0.709002	0.759173	0.763877	0.804938	0.798175
0.733403	0.675304	0.738561	0.755812	0.775068	0.805017
0.766611	0.682506	0.707626	0.791391	0.777001	0.785219
0.7408	0.693058	0.715127	0.767421	0.784821	0.793715
0.748921	0.730592	0.716696	0.749306	0.788671	0.830837
0.741988	0.747698	0.767271	0.775341	0.798083	0.798441
0.74939	0.676101	0.797434	0.774706	0.796568	0.780316
0.742435	0.748816	0.793887	0.793906	0.787027	0.789738
0.727146	0.74849	0.79514	0.819676	0.783118	0.773371
0.729595	0.761431	0.787042	0.805964	0.728275	0.756087
0.711491	0.74241	0.74512	0.809795	0.729353	0.770222
0.681688	0.743655	0.771625	0.828264	0.724478	0.774802
0.678687	0.743566	0.771069	0.813305	0.726416	0.764343
0.702171	0.746857	0.777339	0.811506	0.717523	0.775287
0.701911	0.772786	0.773442	0.818218	0.728605	0.785998
0.684875	0.77254	0.776743	0.815707	0.761245	0.762827
0.709439	0.77091	0.76301	0.814196	0.762923	0.736386
0.728316	0.742335	0.750421	0.816229	0.743736	0.781473
0.726005	0.753403	0.748316	0.814876	0.793664	0.766133
0.699845	0.754879	0.740691	0.810889	0.771919	0.769571
0.730132	0.747879	0.734532	0.784788	0.749468	0.744672
0.747151	0.731752	0.700795	0.776114	0.736652	0.756343
0.73752	0.730917	0.718808	0.798229	0.72111	0.754794
0.757604	0.762378	0.750752	0.788084	0.742915	0.75601
0.766716	0.765531	0.717539	0.787558	0.772918	0.744337
0.762697	0.752515	0.701067	0.762617	0.758977	0.732073
0.761075	0.760539	0.684891	0.759497	0.756659	0.750373
0.77102	0.764722	0.696423	0.77696	0.769999	0.763464
0.739253	0.768697	0.719353	0.77756	0.751647	0.763524
0.734609	0.774097	0.717276	0.782855	0.749909	0.759359
0.754131	0.770382	0.722777	0.813075	0.776558	0.760565
0.705114	0.757531	0.779098	0.822879	0.780015	0.754632
0.762938	0.759202	0.797531	0.833138	0.781881	0.77091
0.728715	0.742275	0.736346	0.800254	0.782436	0.773781
0.710279	0.75773	0.748827	0.802894	0.790868	0.789173
0.695132	0.771717	0.74964	0.811364	0.765039	0.796634
0.704525	0.756591	0.746285	0.812467	0.771743	0.78854
0.684207	0.742198	0.727134	0.795175	0.773682	0.78399
0.682798	0.743666	0.729519	0.7834	0.768686	0.767298
0.689359	0.726744	0.721969	0.811575	0.750087	0.769393
0.693252	0.742493	0.743087	0.798828	0.746996	0.767374
0.691521	0.765121	0.75214	0.796895	0.79054	0.756921
0.689224	0.71438	0.721006	0.804782	0.770428	0.747834
0.675665	0.694891	0.728193	0.817495	0.771495	0.742801
0.631736	0.726632	0.713162	0.798721	0.751709	0.714172
0.660602	0.898076	0.743643	0.763958	0.831201	0.801403
0.690622	0.752639	0.760482	0.801593	0.758967	0.707102
0.612391	0.712438	0.768651	0.781155	0.777156	0.700012
0.631214	0.706881	0.753346	0.768142	0.745752	0.692709
0.639205	0.70055	0.733362	0.774124	0.764338	0.706722
0.685649	0.69776	0.733244	0.742046	0.774447	0.712205
0.677548	0.689606	0.726609	0.743561	0.738232	0.716675
0.665586	0.696895	0.735559	0.737331	0.682414	0.674141
0.668917	0.685618	0.7654	0.726691	0.679312	0.732098
0.702851	0.682473	0.750825	0.736723	0.678092	0.738653
0.704289	0.670317	0.731088	0.744797	0.708469	0.712673
0.721595	0.686717	0.72167	0.785476	0.721743	0.69334
0.718711	0.685729	0.743812	0.808574	0.717661	0.679849
0.674431	0.702748	0.716139	0.819959	0.715287	0.683728
0.702492	0.685151	0.702932	0.817063	0.758757	0.705549
0.675508	0.73355	0.711318	0.78884	0.737136	0.687944
0.641365	0.75108	0.722628	0.778419	0.712353	0.685037
0.629201	0.749063	0.725895	0.81266	0.715512	0.720466
0.670828	0.722533	0.693561	0.777564	0.700035	0.73223
0.680419	0.68762	0.740563	0.78832	0.754402	0.733666
0.688099	0.689381	0.774455	0.820019	0.713998	0.742236
0.669792	0.685438	0.750719	0.799695	0.69862	0.750216
0.65764	0.695792	0.713851	0.746082	0.699317	0.743797
0.662222	0.702424	0.716764	0.756525	0.706128	0.782443
0.661351	0.701653	0.741866	0.749348	0.700771	0.788562
0.690515	0.718459	0.736485	0.757005	0.709703	0.792024
0.66792	0.733039	0.759214	0.771192	0.715755	0.759333
0.645838	0.731836	0.749026	0.7578	0.728491	0.759157
0.647521	0.716156	0.729839	0.728838	0.726184	0.759659
0.664193	0.740829	0.737768	0.736001	0.719299	0.746208
0.69521	0.743509	0.738868	0.717745	0.736907	0.734798
0.722124	0.751024	0.746255	0.724203	0.737466	0.747802
0.739851	0.742737	0.703128	0.730597	0.738969	0.762367
0.723341	0.718479	0.701901	0.707177	0.746045	0.740184
0.750049	0.74608	0.744406	0.715344	0.731164	0.777498
0.757015	0.74134	0.770199	0.747194	0.723168	0.751975
0.739276	0.726949	0.765674	0.759733	0.735965	0.74902
0.657981	0.724744	0.727681	0.760374	0.743945	0.733164
0.726059	0.681086	0.748356	0.771786	0.778943	0.723266
0.73032	0.727208	0.721994	0.762061	0.742318	0.704634
0.741642	0.732809	0.75255	0.758755	0.728172	0.699789
0.747708	0.707201	0.744822	0.776757	0.735895	0.704467
0.746922	0.733924	0.732967	0.803123	0.738989	0.696174
0.730558	0.712076	0.723473	0.740375	0.745782	0.715748
0.74186	0.716255	0.705004	0.792592	0.751202	0.706266
0.73617	0.708169	0.72766	0.787887	0.739273	0.704976
0.740843	0.699058	0.724865	0.773679	0.725874	0.700768
0.726818	0.720738	0.730615	0.770973	0.746654	0.719219
0.712043	0.721231	0.705814	0.777384	0.74527	0.717257
0.675376	0.705693	0.72529	0.792071	0.744	0.686938
0.627266	0.690359	0.687984	0.760177	0.747578	0.677578
0.650022	0.723559	0.68932	0.743362	0.745113	0.657238
0.692995	0.738908	0.703492	0.775217	0.760644	0.679392
0.689129	0.728453	0.689569	0.761751	0.732788	0.7293
0.69551	0.736404	0.698975	0.782547	0.699356	0.737611
0.687722	0.732778	0.698653	0.786316	0.712379	0.713669
0.644254	0.729064	0.674949	0.74866	0.671327	0.717157
0.652673	0.732767	0.691945	0.742888	0.686241	0.758951
0.666951	0.712053	0.696819	0.74708	0.672847	0.747219
0.663509	0.707272	0.690823	0.763846	0.685841	0.750932
0.649466	0.718114	0.683548	0.743382	0.718789	0.752567
0.661317	0.75052	0.708549	0.758173	0.732409	0.760932
0.681966	0.725945	0.709957	0.763044	0.730083	0.750738
0.69934	0.749657	0.6984	0.74317	0.724294	0.751646
0.701473	0.730906	0.695487	0.713459	0.748549	0.753168
0.678072	0.688431	0.669742	0.683003	0.715141	0.720514
0.724737	0.744488	0.69278	0.730418	0.7266	0.731011
0.740931	0.736031	0.711499	0.747186	0.75409	0.732309
0.745204	0.700336	0.752923	0.77273	0.795	0.70658
0.75705	0.701958	0.714632	0.781376	0.789729	0.693102
0.738544	0.711291	0.719162	0.813022	0.77818	0.695325
0.681441	0.727689	0.736249	0.81804	0.79291	0.700386
0.715333	0.710532	0.733289	0.778369	0.729309	0.690153
0.706322	0.708342	0.755507	0.7921	0.721574	0.693539
0.70418	0.718291	0.743408	0.75703	0.68431	0.662016
0.700551	0.74215	0.755268	0.742896	0.690025	0.694812
0.660838	0.749107	0.777726	0.738476	0.667525	0.660619
0.665684	0.722688	0.783903	0.729391	0.684209	0.635095
0.659102	0.731732	0.730629	0.705091	0.67838	0.696755
0.636063	0.747045	0.739455	0.693837	0.673349	0.749198
0.632538	0.746522	0.727115	0.658005	0.672382	0.700021
0.62869	0.752909	0.738163	0.674012	0.639718	0.657826
0.643124	0.753312	0.718182	0.712822	0.687045	0.740869
0.654247	0.75721	0.721132	0.690724	0.659845	0.72364
0.660938	0.753461	0.714066	0.714611	0.708299	0.763633
0.695881	0.76481	0.716059	0.697592	0.696019	0.749153
0.701612	0.760183	0.711993	0.697795	0.723877	0.77768
0.680527	0.719214	0.691894	0.671102	0.713777	0.752299
0.677927	0.710011	0.69775	0.701782	0.706392	0.760055
0.70438	0.703255	0.708644	0.710954	0.726872	0.755791
0.738635	0.723768	0.701154	0.687916	0.732664	0.732499
0.733799	0.73006	0.717494	0.700475	0.725376	0.751277
0.716095	0.741277	0.732309	0.699236	0.713298	0.733245
0.719757	0.702002	0.760071	0.688976	0.66049	0.705584
0.67782	0.69806	0.796475	0.748256	0.707208	0.692735
0.684005	0.69706	0.779278	0.758008	0.674766	0.722255
0.66722	0.705206	0.777364	0.697279	0.656539	0.697222
0.680873	0.712843	0.765021	0.700017	0.67152	0.695008
0.680249	0.721023	0.782604	0.724763	0.699433	0.701405
0.688257	0.70914	0.784903	0.719137	0.643877	0.702257
0.702766	0.703817	0.743697	0.727811	0.652438	0.72391
0.691798	0.716	0.747636	0.713974	0.668742	0.682322
0.671267	0.681175	0.727118	0.71761	0.67677	0.647208
0.684377	0.680994	0.742019	0.709909	0.684701	0.669008
0.695552	0.712367	0.753751	0.726091	0.706317	0.697641
0.711488	0.713603	0.730308	0.751491	0.679219	0.734554
0.681077	0.700377	0.70907	0.685791	0.674418	0.68607
0.749075	0.692359	0.685836	0.702012	0.68727	0.683942
0.753644	0.705016	0.687069	0.692157	0.670596	0.679976
0.72851	0.688406	0.691513	0.691792	0.695826	0.722749
0.748959	0.694656	0.684822	0.681179	0.722356	0.759407
0.760351	0.674634	0.679802	0.677851	0.725715	0.71661
0.730448	0.668206	0.652955	0.676496	0.747858	0.710857
0.717522	0.69333	0.695321	0.693088	0.734076	0.696847
0.73814	0.687407	0.736169	0.722458	0.712125	0.71114
0.732507	0.69139	0.699113	0.714415	0.70441	0.683995
0.706592	0.680523	0.664291	0.693436	0.719123	0.705093
0.642545	0.677356	0.657712	0.71099	0.744289	0.717503
0.651211	0.675718	0.65395	0.723574	0.732709	0.700723
0.663899	0.681064	0.675961	0.714948	0.688641	0.702983
0.661626	0.661635	0.659023	0.697432	0.684822	0.744316
0.66382	0.658869	0.675828	0.709916	0.721683	0.730389
0.667569	0.679338	0.669435	0.707551	0.74587	0.741552
0.660454	0.662683	0.684667	0.713662	0.723688	0.73152
0.636834	0.680799	0.673088	0.704884	0.762657	0.808299
0.62309	0.699358	0.672549	0.71938	0.806577	0.798992
0.622994	0.679509	0.686148	0.717449	0.767985	0.758773
0.646948	0.680536	0.64414	0.699741	0.768619	0.745989
0.645377	0.673768	0.695547	0.691569	0.78125	0.738364
0.649476	0.659708	0.665266	0.669083	0.775315	0.723249
0.653363	0.670916	0.700252	0.70609	0.762008	0.745942
0.654385	0.658216	0.748861	0.705471	0.74432	0.767357
0.658338	0.665643	0.724498	0.719099	0.78253	0.746266
0.653595	0.665552	0.726632	0.695559	0.75183	0.730898
0.648634	0.689423	0.775613	0.711319	0.716035	0.737845
0.659646	0.72219	0.748849	0.721098	0.696684	0.72232
0.655309	0.69963	0.77152	0.698704	0.683673	0.699248
0.642278	0.688031	0.737407	0.714978	0.681526	0.692323
0.654518	0.679021	0.749138	0.731995	0.640081	0.719646
0.654621	0.694818	0.791406	0.705354	0.654222	0.694206
0.677654	0.694988	0.780183	0.680383	0.684281	0.698689
0.653608	0.732539	0.769499	0.673927	0.667934	0.694258
0.691887	0.778921	0.783088	0.701635	0.67213	0.69015
0.707269	0.762609	0.78402	0.696568	0.7003	0.713173
0.725471	0.787134	0.766805	0.680834	0.68166	0.691184
0.665216	0.785076	0.712575	0.665481	0.664136	0.681626
0.730897	0.790696	0.697875	0.67957	0.65742	0.720185
0.747394	0.773555	0.706511	0.688518	0.703884	0.752113
0.752842	0.757474	0.702687	0.693991	0.715823	0.742823
0.745455	0.74114	0.70308	0.681747	0.756802	0.721604
0.73588	0.753604	0.724315	0.699106	0.720702	0.714878
0.763094	0.754699	0.748389	0.699878	0.746104	0.712106
0.720038	0.760927	0.731498	0.722833	0.735179	0.721216
0.700645	0.777336	0.745406	0.718977	0.788669	0.726598
0.679011	0.789799	0.74356	0.784145	0.775153	0.678771
0.657776	0.786827	0.76592	0.809251	0.782339	0.693409
0.6629	0.75316	0.763621	0.820101	0.78267	0.71699
0.668411	0.712731	0.770002	0.808773	0.738041	0.717282
0.653759	0.712321	0.750046	0.792551	0.703178	0.68122
0.649	0.723442	0.768426	0.773283	0.726883	0.688935
0.670868	0.744338	0.744083	0.766666	0.702746	0.689515
0.662008	0.701871	0.691785	0.736303	0.719584	0.692516
0.65809	0.702937	0.70955	0.746007	0.719357	0.697544
0.657718	0.703477	0.710069	0.750571	0.742663	0.706509
0.656249	0.713659	0.709471	0.753484	0.729786	0.676039
0.651195	0.673334	0.7034	0.761176	0.72479	0.69426
0.653193	0.676794	0.684206	0.757133	0.770576	0.717245
0.6441	0.685781	0.702067	0.740395	0.818368	0.727644
0.654723	0.696756	0.700114	0.719625	0.783625	0.689192
0.655274	0.689988	0.683223	0.726435	0.812026	0.691837
0.638636	0.706246	0.700138	0.745495	0.801489	0.707209
0.634247	0.690088	0.693829	0.735591	0.794077	0.701507
0.620961	0.696317	0.679998	0.765229	0.743504	0.68332
0.627545	0.695686	0.676478	0.736292	0.718599	0.714148
0.631715	0.696118	0.671712	0.749789	0.704556	0.748567
0.65014	0.67792	0.672816	0.756875	0.737617	0.758155
0.65628	0.68066	0.689144	0.747845	0.744348	0.731064
0.655739	0.6946	0.685498	0.776912	0.746876	0.720452
0.669453	0.653296	0.603339	0.726179	0.715581	0.691981
0.69536	0.680603	0.645726	0.716305	0.696216	0.679049
0.693359	0.681915	0.66848	0.708119	0.70742	0.742345
0.702748	0.682283	0.712891	0.75278	0.722977	0.761047
0.692309	0.731573	0.729942	0.76669	0.711906	0.761207
0.691298	0.724293	0.71249	0.760444	0.713789	0.724061
0.713608	0.717082	0.721953	0.765607	0.730785	0.77566
0.704276	0.720473	0.74299	0.759039	0.725327	0.780435
0.720533	0.719956	0.728977	0.768435	0.697669	0.761305
0.739964	0.731588	0.685486	0.737027	0.729093	0.751795
0.736789	0.739551	0.668842	0.726744	0.791541	0.79483
0.734838	0.743164	0.659312	0.747525	0.810337	0.778548
0.742523	0.71957	0.634463	0.784477	0.756307	0.757678
0.727726	0.736425	0.68163	0.75759	0.750794	0.764864
0.723871	0.759161	0.666701	0.719382	0.736344	0.785778
0.680902	0.723912	0.666551	0.734173	0.699864	0.757396
0.711476	0.694631	0.687034	0.76147	0.709683	0.751002
0.710335	0.717597	0.708171	0.762227	0.721267	0.757424
0.694652	0.726321	0.726279	0.788294	0.69933	0.7897
0.673749	0.718707	0.702174	0.75041	0.714292	0.788167
0.682859	0.702479	0.688533	0.718182	0.735726	0.735244
0.708761	0.691432	0.682236	0.70112	0.729959	0.711709
0.64991	0.670692	0.67619	0.720795	0.760231	0.711181
0.658704	0.693201	0.662938	0.740396	0.741807	0.697224
0.654519	0.691654	0.65725	0.716514	0.762445	0.674035
0.662425	0.68856	0.676754	0.744292	0.787179	0.717274
0.64078	0.688407	0.657353	0.765693	0.762842	0.782673
0.640759	0.688367	0.676187	0.747463	0.7555	0.782315
0.636895	0.67254	0.678475	0.742389	0.766834	0.787734
0.639975	0.670017	0.653617	0.665963	0.784228	0.740689
0.640361	0.667443	0.683434	0.690663	0.775266	0.743756
0.657177	0.680974	0.727337	0.723146	0.781619	0.764139
0.668317	0.680593	0.710854	0.690792	0.778471	0.763599
0.65993	0.688225	0.687232	0.698161	0.779271	0.774853
0.653209	0.656796	0.69761	0.72449	0.797754	0.770018
0.650735	0.711577	0.739339	0.759118	0.812859	0.80724
0.648666	0.721932	0.743801	0.796115	0.79674	0.801542
0.644441	0.699181	0.776818	0.817035	0.790044	0.785261
0.651123	0.705561	0.759556	0.828317	0.770435	0.773587
0.643291	0.710131	0.761865	0.77365	0.745742	0.749781
0.651454	0.734025	0.787129	0.799788	0.709922	0.764751
0.662389	0.730646	0.733729	0.795766	0.707078	0.761892
0.636852	0.732009	0.701379	0.784414	0.696044	0.766478
0.631562	0.701237	0.816313	0.844478	0.675271	0.775683
0.537626	0.667954	0.689643	0.746435	0.644142	0.727712
0.629174	0.742706	0.716618	0.76514	0.76833	0.750233
0.642892	0.750949	0.775997	0.802693	0.781119	0.747294
0.645401	0.74993	0.769252	0.797328	0.737601	0.719266
0.634509	0.760254	0.785902	0.798948	0.727869	0.75676
0.636322	0.745419	0.792126	0.75545	0.75514	0.78171
0.660647	0.731701	0.806844	0.813293	0.793796	0.76584
0.643276	0.743962	0.774902	0.816749	0.790608	0.777162
0.622856	0.760897	0.775318	0.807157	0.79022	0.778612
0.627183	0.787608	0.777303	0.788695	0.808313	0.762062
0.631795	0.772338	0.758833	0.800923	0.787401	0.785376
0.620526	0.77152	0.770248	0.780655	0.767921	0.798379
0.649952	0.780554	0.788943	0.82679	0.743757	0.805083
0.65626	0.742555	0.775446	0.824344	0.753655	0.7947
0.668001	0.738868	0.754745	0.806408	0.736014	0.762408
0.626865	0.754861	0.758631	0.787434	0.761971	0.779454
0.654503	0.744739	0.732353	0.747974	0.756305	0.766063
0.633109	0.797433	0.733326	0.752821	0.756293	0.781763
0.679186	0.75042	0.723513	0.782446	0.753922	0.77694
0.698804	0.751585	0.725514	0.778879	0.745342	0.759793
0.715873	0.752984	0.705473	0.747814	0.756334	0.753427
0.703461	0.766857	0.76528	0.795296	0.788015	0.766942
0.687564	0.749367	0.77084	0.792914	0.787026	0.783237
0.679266	0.731152	0.771694	0.760535	0.811215	0.771213
0.612722	0.690171	0.955156	0.867631	0.85121	0.856449
0.708447	0.78767	0.604438	0.811496	0.721359	0.720087
0.70033	0.816618	0.804259	0.834573	0.762946	0.708193
0.668968	0.783566	0.800066	0.823	0.828188	0.766602
0.656537	0.805476	0.796243	0.817394	0.785514	0.807034
0.648686	0.805244	0.773765	0.835741	0.780709	0.799789
0.676229	0.814225	0.783535	0.823806	0.791405	0.786341
0.674958	0.793597	0.756122	0.828536	0.761669	0.76539
0.692247	0.803808	0.781681	0.8476	0.764474	0.774651
0.703072	0.758625	0.743826	0.829637	0.809075	0.784661
0.71816	0.773096	0.756258	0.819259	0.839059	0.808256
0.742303	0.789021	0.757421	0.814083	0.754423	0.822371
0.744618	0.793128	0.760276	0.820061	0.740923	0.789538
0.74468	0.79692	0.763084	0.841268	0.732438	0.775854
0.738565	0.796748	0.775181	0.819511	0.718739	0.766421
0.733156	0.794484	0.760987	0.817216	0.773109	0.786117
0.727873	0.79243	0.769327	0.822448	0.796912	0.798614
0.701492	0.795419	0.752848	0.81541	0.801484	0.800047
0.683375	0.805948	0.737374	0.810809	0.789139	0.76416
0.716166	0.806905	0.733071	0.805697	0.758077	0.76282
0.733816	0.805473	0.718582	0.807291	0.765421	0.750024
0.736273	0.818682	0.727895	0.817346	0.750269	0.750744
0.748208	0.805917	0.732442	0.794572	0.796921	0.774811
0.753396	0.757798	0.710509	0.81901	0.747058	0.778834
0.757778	0.734446	0.729004	0.840352	0.777867	0.77521
0.714058	0.737879	0.717113	0.836628	0.792078	0.795313
0.716586	0.747253	0.732206	0.810978	0.783102	0.751113
0.707939	0.737673	0.735569	0.796644	0.746548	0.757502
0.701113	0.763599	0.768792	0.804409	0.756284	0.755675
0.710573	0.760172	0.776983	0.810264	0.71561	0.701914
0.714512	0.745763	0.758311	0.804018	0.689318	0.688016
0.698849	0.757558	0.753555	0.770234	0.686634	0.695494
0.696993	0.738927	0.713653	0.749362	0.708167	0.671008
0.543047	0.733788	0.893608	0.788598	0.710086	0.634071
0.655964	0.839868	0.706563	0.778338	0.703172	0.715773
0.690217	0.759058	0.740927	0.798333	0.68955	0.765532
0.623641	0.790148	0.693469	0.665424	0.740568	0.647556
0.615324	0.727519	0.835127	0.736857	0.717151	0.681142
0.61956	0.812651	0.623244	0.601996	0.602526	0.73328
0.709115	0.67166	0.61976	0.717789	0.712132	0.719074
0.685723	0.758316	0.726938	0.851507	0.732635	0.773139
0.6473	0.720128	0.76472	0.771539	0.722489	0.784839
0.63182	0.743199	0.733723	0.776366	0.709209	0.779954
0.666725	0.746954	0.73485	0.749752	0.734507	0.784831
0.691191	0.759169	0.754679	0.758063	0.735528	0.76239
0.680807	0.77859	0.767265	0.745756	0.763007	0.768543
0.669704	0.771055	0.75103	0.75049	0.749822	0.744503
0.654318	0.776863	0.708695	0.765969	0.790299	0.722353
0.669512	0.806703	0.701964	0.750675	0.799601	0.724219
0.660803	0.763548	0.700734	0.747179	0.780115	0.753485
0.681787	0.782469	0.70611	0.761041	0.763921	0.686935
0.66913	0.767776	0.723852	0.741906	0.778774	0.715335
0.642468	0.737447	0.743786	0.782301	0.763122	0.73206
0.629027	0.726463	0.74298	0.759252	0.761533	0.710102
0.652061	0.742382	0.727085	0.75538	0.781573	0.723034
0.67007	0.735195	0.710717	0.721787	0.779808	0.725352
0.666755	0.728735	0.702953	0.736886	0.766135	0.783994
0.655606	0.708029	0.701865	0.716606	0.770352	0.782967
0.659359	0.724386	0.704086	0.715489	0.727316	0.76554
0.633421	0.733959	0.693716	0.70672	0.746614	0.763743
0.644736	0.71226	0.695852	0.698824	0.717128	0.754854
0.677355	0.709689	0.697934	0.686521	0.686889	0.749503
0.668446	0.722676	0.667089	0.69198	0.667554	0.749356
0.661753	0.739796	0.675053	0.687135	0.68297	0.773656
0.678437	0.723292	0.708725	0.687742	0.673725	0.727343
0.704083	0.718636	0.735993	0.742703	0.680201	0.740192
0.710785	0.734052	0.717227	0.782192	0.673026	0.729028
0.706688	0.75517	0.734456	0.749901	0.657355	0.773483
0.682267	0.745583	0.704993	0.751033	0.686932	0.684113
0.733923	0.711898	0.680678	0.779699	0.712462	0.727162
0.700263	0.722149	0.717276	0.818292	0.696922	0.744053
0.658361	0.728579	0.748918	0.790039	0.691452	0.760768
0.654613	0.726638	0.746242	0.77934	0.689654	0.760947
0.644462	0.719083	0.720026	0.749894	0.694872	0.745808
0.666685	0.736468	0.708036	0.741994	0.742924	0.735045
0.652933	0.730176	0.717281	0.729017	0.743051	0.732713
0.660201	0.734432	0.735547	0.69492	0.702825	0.737461
0.681988	0.740277	0.766612	0.710338	0.69174	0.751068
0.671377	0.741819	0.745333	0.690943	0.679939	0.725743
0.654601	0.729396	0.724778	0.691401	0.676973	0.741224
0.659662	0.726741	0.738163	0.686363	0.665544	0.722772
0.664632	0.760901	0.748774	0.690714	0.688792	0.740676
0.662965	0.766705	0.730719	0.699903	0.689012	0.732932
0.649055	0.728886	0.75669	0.721207	0.731226	0.735699
0.649454	0.746966	0.786744	0.726459	0.730652	0.723068
0.651864	0.741053	0.752701	0.742925	0.712382	0.740077
0.63936	0.733076	0.771329	0.753791	0.72876	0.733564
0.636238	0.731826	0.755167	0.773842	0.784296	0.747417
0.65261	0.733285	0.765577	0.812556	0.792651	0.774664
0.652235	0.719222	0.770685	0.794483	0.741062	0.776204
0.633784	0.718041	0.757017	0.787216	0.742871	0.751005
0.639313	0.729826	0.741305	0.769487	0.754417	0.749395
0.664539	0.718296	0.699297	0.754268	0.760481	0.750975
0.671168	0.715364	0.728977	0.750561	0.758567	0.745618
0.666073	0.707622	0.740362	0.755691	0.741368	0.772953
0.655079	0.708352	0.747505	0.747619	0.741399	0.781419
0.669345	0.708987	0.71774	0.766078	0.725112	0.754726
0.676196	0.71876	0.702361	0.704674	0.689507	0.743942
0.695973	0.709378	0.699778	0.706777	0.695607	0.741893
0.719638	0.737164	0.695129	0.733023	0.70526	0.728513
0.736994	0.729355	0.677107	0.714565	0.700349	0.720769
0.692154	0.747849	0.698019	0.703174	0.702908	0.726307
0.696422	0.762345	0.728228	0.704001	0.684676	0.720218
0.676509	0.760652	0.73679	0.710562	0.694681	0.708563
0.65386	0.717418	0.731634	0.699999	0.678979	0.75958
0.66958	0.703789	0.717167	0.669778	0.66646	0.755571
0.646545	0.729939	0.721129	0.671352	0.661973	0.719215
0.664896	0.750309	0.736761	0.677947	0.643777	0.728263
0.656745	0.767768	0.750742	0.732363	0.682762	0.751419
0.642312	0.760618	0.734279	0.6991	0.680911	0.721965
0.666471	0.749827	0.778581	0.694655	0.701458	0.749748
0.688034	0.751934	0.784062	0.70782	0.722128	0.720349
0.712196	0.748269	0.759462	0.745	0.731718	0.715062
0.686275	0.722881	0.750949	0.715144	0.701358	0.704146
0.664706	0.701481	0.745562	0.695042	0.697496	0.705853
0.638887	0.697331	0.752646	0.762256	0.723065	0.718319
0.616661	0.702828	0.704194	0.700314	0.732467	0.716777
0.658424	0.710988	0.767949	0.726796	0.74018	0.716677
0.668294	0.709418	0.783926	0.725851	0.769619	0.700996
0.664817	0.698794	0.746627	0.71519	0.765969	0.707993
