HLF+/+HFD			HLF-/-HFD		
0	0	0	0	0	0
0	0	0.030913	0.087463	0.010381	0.077892
0	0	0.095274	0.095808	0.017671	0.161023
0	0	0.098077	0.104081	0.025581	0.244154
0.000514	0.000246	0.098077	0.106153	0.026171	0.303171
0.022839	0.037949	0.098077	0.205087	0.026171	0.31245
0.0242	0.062423	0.098077	0.212513	0.026171	0.337515
0.0242	0.129254	0.098077	0.227215	0.026171	0.339311
0.0242	0.131958	0.098077	0.272005	0.026171	0.339311
0.0242	0.131958	0.098077	0.290809	0.026171	0.339311
0.0242	0.131958	0.098077	0.293853	0.026171	0.339311
0.0242	0.131958	0.098077	0.307735	0.026171	0.339311
0.0242	0.201807	0.107248	0.366441	0.026171	0.339311
0.0242	0.271927	0.200588	0.41616	0.026171	0.339311
0.0242	0.276947	0.314278	0.421857	0.026171	0.373236
0.0242	0.276947	0.427968	0.444232	0.026171	0.471396
0.0242	0.276947	0.510669	0.452601	0.026171	0.571069
0.0242	0.276947	0.516328	0.452601	0.026171	0.654831
0.042478	0.276947	0.529152	0.452601	0.026171	0.674078
0.092316	0.276947	0.534388	0.452601	0.026171	0.679023
0.092316	0.276947	0.534388	0.452601	0.026527	0.679104
0.092316	0.276947	0.534388	0.468863	0.065244	0.702906
0.092316	0.276947	0.534388	0.498195	0.117213	0.745428
0.092316	0.276947	0.534388	0.498195	0.123908	0.782165
0.092316	0.313071	0.554649	0.498195	0.137865	0.788102
0.092316	0.394106	0.614155	0.498195	0.1415	0.79351
0.092316	0.394106	0.643509	0.498195	0.1415	0.797537
0.092316	0.394106	0.643509	0.499355	0.187428	0.797664
0.092316	0.394106	0.643509	0.519862	0.272563	0.797664
0.095542	0.394106	0.643509	0.520721	0.274293	0.797664
0.129333	0.394106	0.643509	0.56595	0.280593	0.797664
0.16127	0.394106	0.643509	0.629706	0.284592	0.797664
0.163454	0.394388	0.643509	0.629706	0.28582	0.797664
0.163454	0.433802	0.643509	0.629706	0.304178	0.797664
0.19421	0.500893	0.666907	0.629706	0.370865	0.797664
0.256655	0.567984	0.718873	0.629706	0.394887	0.842377
0.256655	0.613695	0.770908	0.629706	0.409376	0.900726
0.256655	0.615059	0.808243	0.629706	0.43419	0.91189
0.256655	0.615059	0.834732	0.664178	0.450539	0.942475
0.256655	0.615059	0.900645	0.75032	0.461987	1.009752
0.311063	0.615059	0.967164	0.783765	0.477167	1.06218
0.394544	0.637406	1.004399	0.783765	0.498351	1.065829
0.397188	0.744636	1.004525	0.805256	0.699426	1.065829
0.397188	0.761845	1.004525	0.949148	0.847336	1.065829
0.397188	0.81236	1.004525	0.970864	0.848696	1.067935
0.397188	0.887608	1.01091	0.991905	0.848696	1.07395
0.397188	0.887608	1.073568	1.00492	0.848703	1.074681
0.397188	0.887608	1.075795	1.03787	0.853615	1.080857
0.397188	0.89017	1.075795	1.07044	0.862752	1.096529
0.397188	0.896492	1.075795	1.081116	0.87189	1.133525
0.397188	0.901125	1.075795	1.081116	0.878904	1.155501
0.397188	0.918742	1.075795	1.086368	0.883887	1.155658
0.397188	0.938412	1.075795	1.122921	0.883887	1.155895
0.397695	0.943765	1.075795	1.154525	0.883887	1.185037
0.49448	0.969317	1.075795	1.171829	0.900198	1.23414
0.506869	1.01259	1.075795	1.192405	0.953549	1.264587
0.529074	1.047236	1.075795	1.195743	0.973357	1.279639
0.596287	1.159399	1.075795	1.214915	1.024412	1.302384
0.596287	1.193447	1.075795	1.332727	1.044766	1.325129
0.596287	1.193447	1.075795	1.354279	1.050503	1.347874
0.596287	1.193447	1.075795	1.354279	1.050503	1.370619
0.596287	1.193447	1.075795	1.354279	1.050503	1.393365
0.596287	1.193447	1.075795	1.354279	1.050503	1.41611
0.596287	1.193447	1.075795	1.354279	1.050503	1.429264
0.596287	1.193447	1.082691	1.354279	1.050503	1.4361
0.596287	1.193447	1.117097	1.354279	1.050503	1.450611
0.596287	1.193447	1.154362	1.354279	1.050503	1.460052
0.596287	1.193447	1.191627	1.377023	1.050503	1.465618
0.608906	1.193447	1.228892	1.408864	1.050503	1.466353
0.756582	1.193447	1.266156	1.418806	1.050503	1.467773
0.759158	1.193447	1.303421	1.44489	1.050503	1.497531
0.759716	1.193447	1.340686	1.448549	1.050503	1.5117
0.767115	1.193447	1.377951	1.451695	1.050503	1.513674
0.81249	1.193447	1.410712	1.452781	1.050503	1.515761
0.891876	1.193447	1.432759	1.452781	1.050503	1.518347
0.896584	1.193447	1.477912	1.452781	1.050503	1.518809
0.898132	1.193447	1.493203	1.452781	1.050503	1.518809
0.950184	1.193447	1.519668	1.452781	1.050503	1.518809
1.00761	1.193447	1.575906	1.452781	1.050503	1.518809
1.00761	1.193447	1.581274	1.452781	1.050503	1.518809
1.00761	1.193447	1.626866	1.452781	1.050503	1.518809
1.00761	1.193447	1.631782	1.514779	1.050503	1.518809
1.00761	1.193447	1.634929	1.54135	1.050503	1.518809
1.00761	1.193447	1.638076	1.54135	1.050503	1.518809
1.00761	1.193447	1.640203	1.54135	1.050503	1.518809
1.00761	1.193447	1.640263	1.54135	1.050503	1.518809
1.00761	1.193447	1.640263	1.54135	1.108944	1.518809
1.00761	1.193447	1.640337	1.54135	1.231181	1.518809
1.00761	1.193447	1.741103	1.54135	1.294529	1.518809
1.00761	1.193447	1.748385	1.54135	1.372367	1.518809
1.00761	1.193447	1.748385	1.54135	1.399135	1.518809
1.00761	1.193447	1.748385	1.54135	1.421732	1.518809
1.00761	1.193447	1.769032	1.54135	1.481585	1.518809
1.00761	1.193479	1.796778	1.54135	1.539179	1.518809
1.00761	1.2082	1.796778	1.54135	1.553767	1.518809
1.00761	1.213702	1.796778	1.54135	1.553767	1.518809
1.00761	1.223877	1.796778	1.54135	1.573202	1.518809
1.026207	1.267838	1.796778	1.54135	1.641805	1.518809
1.109981	1.269787	1.796778	1.54135	1.661527	1.518809
1.165162	1.269787	1.796778	1.54135	1.688172	1.520218
1.16586	1.269787	1.796778	1.547746	1.719794	1.530915
1.16586	1.269787	1.796778	1.572536	1.719794	1.53117
1.16586	1.269787	1.796778	1.634745	1.719794	1.593228
1.16586	1.269787	1.796778	1.688395	1.719794	1.678112
1.16586	1.269787	1.796778	1.692802	1.719794	1.723286
1.16586	1.269787	1.796778	1.692802	1.719794	1.73221
1.16586	1.269787	1.796778	1.692802	1.78352	1.740599
1.16586	1.269787	1.796778	1.692802	1.793466	1.746472
1.16586	1.269787	1.796778	1.692802	1.793466	1.767263
1.16586	1.307426	1.796778	1.692802	1.793466	1.775017
1.16586	1.332187	1.796778	1.692802	1.793466	1.77526
1.16586	1.338024	1.796778	1.692802	1.793466	1.777554
1.16586	1.4032	1.796778	1.692802	1.793466	1.777639
1.16586	1.425119	1.799573	1.692802	1.793466	1.777639
1.16586	1.425119	1.802085	1.692802	1.793466	1.777639
1.16586	1.425119	1.802085	1.745736	1.793466	1.777639
1.16586	1.425119	1.802085	1.765647	1.793466	1.777639
1.16586	1.425119	1.802085	1.765647	1.793466	1.777639
1.16586	1.425119	1.842321	1.808046	1.793466	1.777639
1.16586	1.425119	1.917594	1.918747	1.793466	1.777639
1.16586	1.425119	1.917594	1.9206	1.793466	1.844564
1.16586	1.425119	1.917594	1.9206	1.793466	1.922601
1.16586	1.425119	1.917594	1.9206	1.793466	1.922601
1.16586	1.425119	1.917594	1.9206	1.793466	1.922601
1.16586	1.425119	1.917594	1.9206	1.793466	1.922601
1.231944	1.425119	1.917594	1.9206	1.793466	1.922601
1.255365	1.425119	1.917594	1.9206	1.793466	1.922601
1.255365	1.425119	1.917594	1.9206	1.793466	1.922601
1.255365	1.425119	1.917594	1.9206	1.793466	1.922601
1.255365	1.425119	1.917594	1.9206	1.793466	1.922601
1.255365	1.425119	1.917594	1.9206	1.793466	1.922601
1.255365	1.425119	1.917664	1.9206	1.793466	1.924014
1.255365	1.425119	1.927497	1.9206	1.793466	1.935488
1.255365	1.425119	1.939463	1.9206	1.793466	1.948935
1.255365	1.425119	1.939966	1.935027	1.793466	1.962381
1.255365	1.425119	1.941566	1.950244	1.793466	1.975332
1.255365	1.425119	1.992394	1.953037	1.793466	1.984908
1.282878	1.425119	2.000446	1.968558	1.795142	1.99386
1.359581	1.425119	2.000446	1.987516	1.853005	1.99386
1.425581	1.425119	2.000446	2.006773	1.930073	1.99386
1.437602	1.425119	2.000446	2.006773	1.943521	1.99386
1.480523	1.425119	2.000446	2.006773	1.943521	1.99386
1.53216	1.425119	2.000446	2.006773	1.943521	1.99386
1.549607	1.425119	2.000446	2.006773	1.943521	1.99386
1.549607	1.425119	2.000446	2.006773	1.950981	1.99386
1.549809	1.425119	2.000446	2.006773	1.981453	1.99386
1.578088	1.425119	2.000736	2.006773	1.981453	1.99386
1.621387	1.425119	2.008963	2.006773	1.981453	1.99386
1.628712	1.425119	2.020765	2.006773	1.981453	1.99386
1.628712	1.425119	2.032566	2.006773	1.981453	1.99386
1.628712	1.425119	2.044368	2.006773	1.981453	1.99386
1.628712	1.425119	2.050406	2.006773	1.981453	1.99386
1.629673	1.429942	2.050407	2.006773	1.981453	1.99386
1.638116	1.500139	2.050407	2.006773	1.981453	1.99386
1.641915	1.505086	2.050407	2.006773	1.981453	1.99386
1.641915	1.50753	2.050407	2.006773	1.981453	1.99386
1.641915	1.507553	2.050407	2.006773	1.981453	1.99386
1.641915	1.507553	2.051096	2.006773	1.981453	1.99386
1.641915	1.51929	2.064542	2.006773	1.981453	1.99386
1.641915	1.599015	2.082781	2.006773	1.981453	1.99386
1.641915	1.599015	2.100989	2.006773	1.981453	1.99386
1.641915	1.599015	2.109076	2.006773	1.981453	1.99386
1.641915	1.599015	2.109076	2.006773	1.981453	1.99386
1.641915	1.599015	2.109076	2.006773	1.993104	1.99386
1.641915	1.599015	2.109076	2.006773	2.033725	1.99386
1.641915	1.599015	2.109076	2.006773	2.061537	1.99386
1.641915	1.60136	2.109076	2.006773	2.062205	1.99386
1.641915	1.620019	2.109076	2.006773	2.062205	1.99386
1.641915	1.644144	2.109076	2.006773	2.062205	1.99386
1.641915	1.707921	2.109076	2.006773	2.062205	1.99386
1.641915	1.733884	2.109076	2.006773	2.062205	1.99386
1.641915	1.733884	2.109076	2.006773	2.062205	1.99386
1.641915	1.733884	2.109076	2.006773	2.062205	2.069249
1.646843	1.733884	2.109076	2.006773	2.062205	2.124215
1.677229	1.733884	2.109076	2.007101	2.062205	2.124215
1.705084	1.733884	2.109076	2.063937	2.062205	2.124215
1.707782	1.733884	2.109076	2.120169	2.062205	2.124215
1.707782	1.733884	2.109076	2.120446	2.062205	2.124215
1.747196	1.733884	2.109076	2.120446	2.062205	2.124215
1.769851	1.733884	2.109076	2.120446	2.062205	2.124215
1.769851	1.733884	2.109076	2.120446	2.062205	2.124215
1.769851	1.733884	2.109076	2.120446	2.062205	2.124215
1.769851	1.733884	2.109076	2.120446	2.062205	2.124215
1.769851	1.733884	2.109076	2.120446	2.062205	2.124215
1.769851	1.733884	2.109076	2.120446	2.063725	2.124215
1.769851	1.733884	2.109076	2.120446	2.106784	2.124215
1.769851	1.733884	2.109076	2.120446	2.107253	2.124215
1.769851	1.733884	2.109076	2.120446	2.107253	2.124215
1.769851	1.733884	2.109076	2.120446	2.107253	2.124215
1.769851	1.733884	2.109076	2.120446	2.107253	2.124215
1.769851	1.733884	2.109076	2.120446	2.107253	2.124215
1.769851	1.733884	2.113034	2.120446	2.107253	2.124215
1.769851	1.733884	2.196167	2.120446	2.107253	2.124215
1.769851	1.733884	2.228332	2.120446	2.107253	2.124215
1.769851	1.733884	2.275206	2.120446	2.107253	2.124215
1.769851	1.733884	2.275639	2.120446	2.112591	2.124215
1.769851	1.733884	2.279503	2.120446	2.226451	2.124215
1.769851	1.733884	2.281378	2.120446	2.228162	2.124215
1.769851	1.733884	2.281378	2.120446	2.228162	2.124215
1.769851	1.733884	2.281378	2.18666	2.228162	2.127265
1.769851	1.733884	2.281378	2.230802	2.228162	2.12772
1.792264	1.733884	2.281378	2.230802	2.228162	2.12772
1.836036	1.733884	2.281378	2.230802	2.228162	2.12772
1.837608	1.733884	2.281378	2.230802	2.228162	2.12772
1.842535	1.733884	2.281378	2.230802	2.228162	2.12772
1.848995	1.733884	2.281378	2.230802	2.228162	2.12772
1.858758	1.733884	2.284569	2.230802	2.228162	2.12772
1.858758	1.733884	2.290042	2.230802	2.228162	2.12772
1.858758	1.733884	2.290042	2.230802	2.228162	2.12772
1.858758	1.733884	2.291288	2.230802	2.228162	2.12772
1.858758	1.733884	2.292986	2.230802	2.228162	2.12772
1.858758	1.733884	2.29459	2.230802	2.228162	2.12772
1.858758	1.733884	2.306181	2.230802	2.228162	2.12772
1.858758	1.733884	2.308011	2.230802	2.228162	2.12772
1.858758	1.733884	2.308011	2.230946	2.228162	2.12772
1.858758	1.771659	2.308011	2.349038	2.228162	2.12772
1.858758	1.794812	2.308011	2.373428	2.228162	2.12772
1.858758	1.794812	2.308011	2.373428	2.228162	2.12772
1.858758	1.794812	2.308011	2.373428	2.228162	2.12772
1.858758	1.794812	2.308011	2.373428	2.228162	2.12772
1.858758	1.794812	2.308011	2.373428	2.228715	2.12772
1.858758	1.864234	2.322707	2.373428	2.237686	2.133479
1.858758	1.894461	2.328374	2.373428	2.238587	2.240716
1.858758	1.894461	2.348291	2.374975	2.238587	2.255642
1.858758	1.894461	2.435412	2.386819	2.238587	2.255642
1.858758	1.894461	2.436421	2.387769	2.238587	2.255642
1.858758	1.894461	2.436421	2.387769	2.238587	2.255642
1.858758	1.894461	2.437514	2.387769	2.238587	2.255642
1.858758	1.894461	2.448251	2.387769	2.238587	2.255642
1.858758	1.894461	2.44835	2.387769	2.238587	2.255642
1.858758	1.894461	2.44835	2.387769	2.238587	2.255642
1.870069	1.894461	2.44835	2.387769	2.238587	2.255642
1.943127	1.894461	2.44835	2.387769	2.238587	2.255642
1.953647	1.894461	2.44835	2.387769	2.238587	2.255642
1.953647	1.894461	2.44835	2.387769	2.238587	2.255642
1.953647	1.894461	2.44835	2.387769	2.238843	2.255642
1.953647	1.894461	2.44835	2.387769	2.339152	2.255642
1.953647	1.894461	2.44835	2.387769	2.354031	2.255642
1.953647	1.894461	2.44835	2.387769	2.354031	2.255642
1.953647	1.894461	2.44835	2.387769	2.354031	2.255642
1.953647	1.894461	2.44835	2.387769	2.354031	2.255642
1.953647	1.894461	2.44835	2.387769	2.354031	2.255642
1.953647	1.894461	2.44835	2.387769	2.354031	2.255642
1.953647	1.894461	2.44835	2.387769	2.354031	2.255642
1.953647	1.894461	2.44835	2.402629	2.354031	2.255642
1.953647	1.894461	2.44835	2.480425	2.354031	2.255642
1.953647	1.894461	2.44835	2.480722	2.354031	2.255642
1.953647	1.894461	2.44835	2.480722	2.354031	2.255642
1.953647	1.894461	2.44835	2.480722	2.354031	2.255642
1.953647	1.894461	2.44835	2.480722	2.354031	2.255642
1.953647	1.894461	2.44835	2.480722	2.354031	2.255642
1.953647	1.894461	2.44835	2.480722	2.354031	2.255642
1.953647	1.894461	2.44835	2.480722	2.354031	2.255642
1.953647	1.894461	2.44835	2.480722	2.354031	2.255642
1.953647	1.894461	2.44835	2.480722	2.354031	2.255642
1.953647	1.894461	2.44835	2.480722	2.354031	2.255642
1.953647	1.894461	2.44835	2.49215	2.354031	2.255642
1.999744	1.894461	2.44835	2.543538	2.357331	2.255642
2.009523	1.894461	2.44835	2.553155	2.403502	2.255642
2.009523	1.894461	2.44835	2.553155	2.405515	2.255642
2.009523	1.894461	2.44835	2.553155	2.405515	2.255642
2.009523	1.894461	2.473176	2.553155	2.405515	2.255642
2.009523	1.894461	2.578139	2.553155	2.405515	2.323614
2.009523	1.894461	2.602708	2.553155	2.405515	2.343347
2.058237	1.894461	2.602708	2.553155	2.405515	2.343347
2.096255	1.894461	2.602708	2.553155	2.405515	2.343347
2.096255	1.894461	2.602708	2.553155	2.405515	2.343347
2.096255	1.894461	2.602708	2.553155	2.466176	2.343347
2.096255	1.894461	2.602708	2.553155	2.510103	2.343347
2.096255	1.894461	2.602708	2.553155	2.510103	2.343347
2.096255	1.907443	2.602708	2.553155	2.510103	2.343347
2.096255	1.910197	2.602708	2.582741	2.510103	2.343347
2.096255	1.910197	2.602708	2.625611	2.510103	2.343347
2.096255	1.910197	2.602708	2.625611	2.510103	2.343347
2.096255	1.910197	2.602708	2.625611	2.510103	2.343347
2.096255	1.910197	2.602708	2.625611	2.510103	2.343347
2.096255	1.910197	2.602708	2.625611	2.534444	2.343347
2.096255	1.910197	2.602708	2.625611	2.561709	2.384387
2.096255	1.910197	2.602708	2.625611	2.561709	2.549208
2.096255	1.910197	2.602708	2.625611	2.561709	2.722443
2.096255	1.910197	2.602708	2.625611	2.561709	2.825258
2.096255	1.910197	2.602708	2.652919	2.561709	2.827799
2.096255	1.910197	2.606581	2.718893	2.561709	2.835096
2.096255	1.910197	2.657707	2.734842	2.561709	2.835142
2.096255	1.910197	2.713711	2.734842	2.561709	2.835142
2.096255	1.910197	2.720952	2.734842	2.561709	2.835142
2.096255	1.936118	2.720952	2.734842	2.561709	2.835142
2.096255	2.012518	2.720952	2.734842	2.561709	2.835142
2.096255	2.012518	2.720952	2.734842	2.561709	2.836721
2.096255	2.012518	2.729973	2.742347	2.561709	2.846971
2.096255	2.012518	2.778536	2.800886	2.561709	2.847025
2.097071	2.012518	2.809274	2.806597	2.628736	2.908806
2.127691	2.012518	2.89685	2.806597	2.670109	2.932461
2.146002	2.012518	2.904851	2.806597	2.670109	2.939918
2.146002	2.012518	2.904851	2.835649	2.670109	2.939918
2.146002	2.012518	2.904851	2.863938	2.670109	2.939918
2.146002	2.012518	2.904851	2.863938	2.670109	2.939918
2.146002	2.012518	2.905336	2.863938	2.670109	2.939918
2.146002	2.012518	2.96131	2.863938	2.670109	2.939918
2.146002	2.012518	3.047328	2.896625	2.670109	2.939918
2.146002	2.012518	3.063754	2.94921	2.670109	2.939918
2.146002	2.039875	3.072033	2.94921	2.670109	2.939918
2.146002	2.077385	3.176691	2.94921	2.670109	2.939918
2.149164	2.077541	3.199323	2.94921	2.70332	2.939918
2.205626	2.077541	3.218871	2.94921	2.787326	2.939918
2.217081	2.138688	3.239315	2.94921	2.787326	2.939918
2.217081	2.169723	3.277598	2.94921	2.787326	2.939919
2.217081	2.169723	3.299201	2.94921	2.787326	2.94516
2.228165	2.169723	3.299201	2.94921	2.787326	2.948704
2.295799	2.169723	3.299201	2.94921	2.787326	2.955803
2.310546	2.169723	3.299201	2.98199	2.787326	2.970783
2.330163	2.169723	3.299201	2.998503	2.856602	2.971984
2.330518	2.169723	3.299201	2.998503	2.915448	2.979175
2.330518	2.169723	3.299201	2.998503	2.927314	2.980022
2.330518	2.169723	3.299201	2.998503	2.927314	2.984975
2.330518	2.208169	3.348256	2.998503	2.931747	3.045289
2.330518	2.335934	3.474487	3.04426	2.934099	3.109228
2.330518	2.467326	3.593188	3.167974	2.934099	3.132905
2.330518	2.582838	3.62602	3.167974	2.934099	3.136851
2.330518	2.599814	3.642862	3.167974	2.934099	3.137269
2.330518	2.628769	3.688535	3.167974	2.934099	3.142203
2.330518	2.708947	3.759867	3.168212	2.942662	3.151227
2.330518	2.71937	3.782125	3.173222	3.09009	3.166819
2.330518	2.71937	3.785907	3.173282	3.093859	3.166819
2.330518	2.74491	3.785907	3.180995	3.093859	3.167541
2.333669	2.878656	3.785907	3.304841	3.093859	3.169916
2.359923	2.950884	3.788064	3.36787	3.093859	3.194115
2.387385	2.950884	3.844729	3.449254	3.093859	3.207443
2.393411	2.950884	3.888463	3.48515	3.093859	3.210367
2.413622	2.950884	3.888544	3.48515	3.093859	3.210367
2.438871	2.950884	3.888544	3.48515	3.093859	3.210367
2.464119	2.950884	3.888544	3.48515	3.09433	3.210367
2.487263	2.950884	3.888544	3.48515	3.203505	3.210367
2.499158	2.950884	3.888544	3.48515	3.264142	3.222507
2.552795	2.996488	3.888544	3.48515	3.264142	3.331765
2.570519	3.150021	3.888544	3.48515	3.264142	3.331765
2.570519	3.17252	3.888544	3.48515	3.264142	3.340527
2.570519	3.187479	3.888544	3.48515	3.264142	3.367774
2.664146	3.199292	3.888544	3.48515	3.264142	3.367774
2.69185	3.207006	3.888544	3.487879	3.264142	3.367774
2.69185	3.207006	3.888544	3.571571	3.264142	3.367774
2.69185	3.207006	3.888544	3.605082	3.264142	3.367774
2.69185	3.207006	3.904573	3.605082	3.264142	3.376736
2.69185	3.272111	3.938745	3.605082	3.264142	3.413998
2.69185	3.285132	3.972934	3.605082	3.286258	3.444375
2.69185	3.285132	4.001538	3.664717	3.333089	3.446452
2.69185	3.285132	4.004674	3.692996	3.370592	3.446452
2.69185	3.302417	4.004674	3.692996	3.374401	3.446452
2.69185	3.382974	4.004674	3.692996	3.400374	3.446452
2.69185	3.382974	4.004674	3.692996	3.480846	3.446452
2.69185	3.382974	4.004674	3.711259	3.593545	3.450851
2.69185	3.382974	4.004674	3.817775	3.611051	3.471226
2.69185	3.382974	4.004674	3.860624	3.611051	3.486191
2.69185	3.382974	4.056636	3.860624	3.621953	3.486651
2.69185	3.382974	4.080151	3.860624	3.623902	3.486651
2.69185	3.382974	4.085992	3.860624	3.623902	3.486651
2.69185	3.382974	4.093717	3.860624	3.623902	3.486651
2.69185	3.382974	4.101442	3.860624	3.623902	3.486651
2.69185	3.382974	4.108604	3.860624	3.623902	3.486651
2.69185	3.382974	4.110277	3.860624	3.623902	3.486651
2.69185	3.382974	4.131717	3.860624	3.623902	3.486651
2.69185	3.382974	4.160643	3.860624	3.623902	3.486651
2.69185	3.382974	4.163248	3.860624	3.623902	3.486651
2.69185	3.382974	4.163248	3.860624	3.623902	3.486651
2.69185	3.382974	4.163248	3.860624	3.623902	3.486651
2.738039	3.382974	4.163248	3.860624	3.623902	3.486651
2.766549	3.382974	4.163248	3.960828	3.623902	3.486651
2.766549	3.382974	4.163248	4.072324	3.623902	3.486651
2.766549	3.382974	4.163248	4.072324	3.623902	3.486651
2.766549	3.382974	4.163248	4.073382	3.623902	3.486651
2.766549	3.382974	4.163248	4.089132	3.623902	3.486651
2.766549	3.382974	4.163248	4.107082	3.623902	3.486651
2.766549	3.382974	4.163248	4.109691	3.623902	3.486651
2.766549	3.382974	4.163248	4.109691	3.623902	3.49288
2.766549	3.382974	4.163248	4.109691	3.623902	3.540485
2.766549	3.382974	4.21769	4.109691	3.623902	3.576963
2.766549	3.382974	4.248759	4.109691	3.623902	3.652221
2.766549	3.382974	4.248759	4.109691	3.623902	3.669744
2.766549	3.382974	4.248759	4.109691	3.623902	3.67303
2.766549	3.385769	4.250509	4.109691	3.623902	3.683152
2.766549	3.430741	4.299528	4.109691	3.713304	3.683153
2.766549	3.432464	4.303657	4.109691	3.808235	3.687462
2.766549	3.435323	4.303657	4.109691	3.808235	3.693216
2.766549	3.47245	4.303657	4.109691	3.808235	3.733308
2.767762	3.519586	4.303657	4.109691	3.808235	3.757854
2.858204	3.545526	4.303657	4.109691	3.808235	3.757854
2.862952	3.545589	4.303657	4.109691	3.808235	3.769871
2.897145	3.545589	4.303657	4.109691	3.808235	3.789641
2.98081	3.545589	4.314901	4.109691	3.808235	3.795098
3.023008	3.545589	4.350929	4.109691	3.808235	3.795098
3.031079	3.545589	4.359219	4.109691	3.808235	3.795098
3.031385	3.557784	4.370354	4.109691	3.808235	3.795098
3.038032	3.635926	4.375406	4.109691	3.808235	3.795098
3.038549	3.635926	4.396971	4.109691	3.808235	3.795098
3.038549	3.635926	4.428171	4.109879	3.808235	3.795098
3.038549	3.635926	4.432366	4.26141	3.808235	3.795098
3.080148	3.635926	4.466834	4.291615	3.808303	3.795098
3.166105	3.635926	4.472645	4.291615	3.840121	3.795098
3.166214	3.635926	4.472645	4.291615	3.898261	3.795098
3.166214	3.635926	4.472645	4.291615	3.956348	3.795098
3.166214	3.635926	4.472645	4.291615	3.996073	3.795098
3.166214	3.635926	4.472645	4.291615	4.009805	3.795098
3.166214	3.635926	4.472645	4.291615	4.049784	3.795098
3.166214	3.635926	4.472645	4.291615	4.049786	3.795098
3.166214	3.635926	4.472645	4.291615	4.049786	3.795098
3.166214	3.635926	4.472645	4.291615	4.049786	3.795098
3.166214	3.635926	4.472645	4.38597	4.049786	3.795098
3.166214	3.635926	4.472645	4.407388	4.049786	3.795098
3.166214	3.635926	4.472645	4.407388	4.049786	3.795098
3.166214	3.635926	4.472645	4.407388	4.049786	3.795098
3.166214	3.635926	4.472645	4.407388	4.049786	3.79758
3.166214	3.635926	4.472645	4.407388	4.049786	3.856698
3.166214	3.635926	4.472645	4.407388	4.049786	3.924909
3.166214	3.635926	4.472645	4.407388	4.049786	3.935155
3.166214	3.635926	4.472645	4.407388	4.049786	3.937862
3.166214	3.635926	4.472645	4.407388	4.049786	3.937862
3.166214	3.700655	4.472645	4.407388	4.049786	3.937862
3.166214	3.755426	4.472645	4.407388	4.097598	3.937862
3.166214	3.760935	4.472645	4.407388	4.126883	3.937862
3.166285	3.762973	4.472645	4.407388	4.138441	3.937862
3.218533	3.762973	4.472645	4.407388	4.193466	3.937862
3.249396	3.762973	4.472645	4.407388	4.237186	3.937862
3.291954	3.762973	4.472645	4.407388	4.250848	3.937862
3.334455	3.762973	4.473401	4.427013	4.26656	3.937862
3.353591	3.762973	4.627283	4.50799	4.272364	3.937862
3.353591	3.762973	4.896219	4.514894	4.272364	3.937862
3.355126	3.762973	5.155713	4.514894	4.272364	3.937862
3.394884	3.762973	5.228356	4.514894	4.272364	3.937862
3.403007	3.762973	5.228356	4.514894	4.272364	3.937862
3.403007	3.762973	5.228356	4.514894	4.272364	3.937862
3.403007	3.762973	5.228356	4.514894	4.272364	3.937862
3.403007	3.762973	5.228356	4.514894	4.272364	3.937862
3.403007	3.767494	5.228356	4.514894	4.272364	3.937862
3.403007	3.855655	5.228356	4.514894	4.272364	3.937862
3.403007	3.946364	5.228356	4.514894	4.272364	4.003631
3.403007	3.951926	5.228356	4.514894	4.272364	4.090221
3.403007	3.951926	5.228356	4.514894	4.272364	4.090221
3.403007	3.951926	5.228356	4.514894	4.272364	4.090221
3.403007	3.951926	5.228356	4.514894	4.272364	4.090221
3.403007	3.951926	5.228356	4.514894	4.272364	4.090221
3.403007	3.951926	5.228356	4.514894	4.272364	4.090221
3.450578	3.951926	5.228356	4.514894	4.272514	4.090221
3.51494	3.951926	5.228356	4.514894	4.280048	4.090221
3.51494	3.951926	5.228356	4.514894	4.280802	4.090221
3.51494	3.951926	5.228356	4.514894	4.280802	4.090221
3.51494	3.951926	5.228356	4.514894	4.280802	4.090221
3.51494	3.951926	5.228356	4.514894	4.280802	4.090221
3.51494	3.951926	5.228356	4.514894	4.280802	4.090221
3.51494	3.951926	5.228356	4.514894	4.280802	4.090221
3.51494	3.951926	5.228356	4.514894	4.280802	4.090221
3.51494	3.951926	5.234991	4.514894	4.280802	4.090221
3.51494	3.951926	5.25324	4.514894	4.280802	4.090221
3.51494	3.951926	5.266137	4.514894	4.280802	4.090221
3.51494	3.951926	5.304647	4.514894	4.280802	4.090221
3.51494	3.951926	5.308675	4.514894	4.280802	4.090221
3.51494	3.951926	5.312341	4.514894	4.280802	4.090221
3.51494	3.951926	5.312601	4.514894	4.280802	4.090221
3.51494	3.951926	5.312601	4.514894	4.280802	4.090221
3.51494	3.951926	5.312601	4.514894	4.280802	4.090221
3.550569	3.951926	5.312601	4.514894	4.280802	4.090221
3.617225	3.951926	5.312601	4.514894	4.280802	4.090221
3.617737	3.951926	5.312601	4.514894	4.280802	4.090221
3.637705	3.951926	5.312601	4.514894	4.280802	4.090221
3.662487	3.951926	5.312601	4.514894	4.280802	4.090221
3.668052	3.951926	5.312601	4.514894	4.289563	4.090221
3.695187	3.951926	5.312601	4.514894	4.348579	4.090221
3.706457	3.951926	5.312601	4.514894	4.348836	4.090221
3.706457	3.951926	5.312601	4.514894	4.348836	4.090221
3.706457	3.951926	5.312601	4.514894	4.348836	4.090221
3.706457	3.951926	5.312601	4.514894	4.348836	4.090221
3.706457	3.951926	5.312601	4.514894	4.348836	4.090221
3.706457	3.951926	5.312601	4.514894	4.348836	4.090221
3.706457	3.951926	5.312601	4.514894	4.348836	4.090221
3.706457	3.951926	5.312601	4.514894	4.348836	4.090221
3.706457	3.951926	5.312601	4.514894	4.348836	4.090221
3.706457	3.951926	5.312601	4.514894	4.348836	4.094298
3.706457	3.951926	5.312601	4.514894	4.348836	4.188447
3.706457	3.951926	5.312601	4.514894	4.371362	4.189223
3.706457	3.951926	5.312601	4.514894	4.423508	4.189223
3.706457	3.951926	5.312601	4.514894	4.423508	4.189223
3.706457	3.951926	5.312601	4.514894	4.423508	4.189223
3.706457	3.951926	5.312601	4.514894	4.424291	4.189223
3.706457	3.951926	5.312601	4.514894	4.426504	4.189223
3.706457	3.951926	5.312601	4.514894	4.426572	4.189223
3.706457	3.951926	5.312601	4.514894	4.426572	4.189223
3.706457	3.951926	5.312601	4.514894	4.426572	4.189223
3.706457	3.951926	5.312601	4.514894	4.426572	4.189223
3.706457	3.951926	5.313738	4.514894	4.426572	4.189223
3.706457	3.951926	5.318934	4.514894	4.426572	4.189223
3.706457	3.951926	5.331144	4.514894	4.426572	4.189223
3.706457	3.951926	5.338505	4.514894	4.426572	4.189223
3.706457	3.951926	5.349292	4.514894	4.426572	4.189223
3.706457	3.951926	5.416486	4.514894	4.426572	4.189223
3.706457	3.951926	5.416486	4.514894	4.426572	4.189223
3.706457	4.008833	5.416486	4.514894	4.426572	4.189223
3.706457	4.016471	5.416486	4.514894	4.426572	4.189223
3.706457	4.029187	5.434313	4.514894	4.426572	4.189223
3.706457	4.036136	5.439891	4.514894	4.426572	4.189223
3.706457	4.065263	5.439891	4.514894	4.426572	4.189223
3.706858	4.109259	5.439891	4.514894	4.426572	4.189223
3.713279	4.109259	5.439891	4.514894	4.426572	4.189223
3.721136	4.109259	5.439891	4.514894	4.426572	4.189223
3.758033	4.109259	5.439891	4.514894	4.516822	4.189223
3.780875	4.109259	5.439891	4.514894	4.550485	4.189223
3.780875	4.109259	5.439891	4.514894	4.550485	4.189286
3.780875	4.138353	5.439891	4.514894	4.550485	4.199028
3.780875	4.203618	5.462952	4.514894	4.550485	4.199703
3.780875	4.203618	5.475198	4.544043	4.550485	4.199703
3.780875	4.203618	5.47864	4.672462	4.550485	4.199703
3.780875	4.203618	5.558873	4.672683	4.550485	4.199703
3.780875	4.203618	5.579947	4.672683	4.550485	4.199703
3.780875	4.203618	5.582303	4.672683	4.550485	4.199703
3.780875	4.203618	5.596526	4.672683	4.550485	4.199703
3.780875	4.203618	5.596532	4.672683	4.550485	4.199703
3.780875	4.203618	5.596532	4.672683	4.550485	4.199703
3.780875	4.203618	5.596532	4.672683	4.550485	4.199703
3.780875	4.203618	5.596532	4.672683	4.550485	4.199703
3.780875	4.203618	5.596532	4.672683	4.550485	4.199703
3.780875	4.203618	5.596532	4.672683	4.550485	4.199703
3.780875	4.203618	5.596532	4.672683	4.60643	4.199703
3.780875	4.203618	5.596532	4.672683	4.731927	4.199703
3.780875	4.203618	5.596532	4.672683	4.731927	4.199703
3.780875	4.203618	5.596532	4.672683	4.731927	4.199703
3.780875	4.203618	5.596532	4.672683	4.731927	4.199703
3.780875	4.203618	5.596532	4.672683	4.731927	4.199703
3.780875	4.203618	5.596532	4.672683	4.731927	4.199703
3.780875	4.203618	5.596532	4.745601	4.731927	4.199703
3.780875	4.203618	5.596532	4.793542	4.731927	4.199703
3.780875	4.203618	5.596532	4.793542	4.731927	4.199703
3.780875	4.203618	5.596532	4.793542	4.731927	4.199703
3.780875	4.203618	5.596532	4.793542	4.731927	4.199703
3.780875	4.203618	5.596532	4.793542	4.731927	4.199703
3.780875	4.203618	5.596532	4.793542	4.731927	4.199703
3.780875	4.203618	5.596532	4.793542	4.731927	4.199703
3.780875	4.203618	5.596532	4.793542	4.731927	4.253665
3.780875	4.203618	5.596532	4.793542	4.731927	4.363225
3.818447	4.203618	5.596532	4.793542	4.731927	4.363225
3.847374	4.203618	5.596532	4.793542	4.731927	4.363225
3.847374	4.203618	5.596532	4.793542	4.731927	4.363225
3.847374	4.223	5.596532	4.793542	4.731927	4.363225
3.847374	4.316522	5.596532	4.793542	4.731927	4.363225
3.847374	4.316522	5.596532	4.793542	4.748462	4.363225
3.847374	4.316522	5.596532	4.793542	4.826413	4.363225
3.903391	4.316522	5.596532	4.888219	4.826413	4.363225
3.937724	4.316522	5.596532	4.947489	4.826413	4.363225
3.937724	4.316522	5.596532	4.947489	4.826413	4.363225
3.937724	4.316522	5.596532	4.947489	4.826413	4.363225
3.937724	4.316522	5.596532	4.947489	4.826413	4.363225
3.937724	4.316522	5.596532	4.947489	4.826413	4.363225
3.937724	4.316522	5.596532	4.947489	4.826413	4.363225
3.937724	4.316522	5.596532	4.947489	4.826413	4.363225
3.937724	4.316522	5.596532	4.947489	4.826413	4.363225
3.937724	4.316522	5.596532	4.947489	4.826413	4.363225
3.937724	4.316522	5.596532	4.947489	4.866152	4.363225
3.937724	4.316522	5.596532	4.947489	4.97732	4.363225
3.937724	4.316522	5.596532	4.947489	4.97732	4.363225
3.937724	4.316522	5.596532	4.947489	4.97732	4.363225
3.937724	4.316522	5.596532	4.947489	4.97732	4.363225
3.937724	4.316522	5.596532	4.947489	4.97732	4.480901
3.937724	4.316522	5.596532	4.947489	4.97732	4.498485
3.937724	4.316522	5.596532	4.947489	4.97732	4.498485
3.937724	4.316522	5.596532	4.947489	4.97732	4.498485
3.937724	4.316522	5.596532	4.947489	4.97732	4.498485
3.937724	4.316522	5.596532	4.947489	4.97732	4.498485
3.937724	4.316522	5.596532	4.947489	4.981075	4.498485
3.937724	4.316522	5.596532	4.947489	5.123835	4.498485
3.937724	4.316522	5.596532	4.947489	5.130656	4.498485
3.937724	4.316522	5.596532	4.956099	5.130656	4.498485
3.937724	4.316522	5.617102	5.030888	5.130656	4.498485
3.937724	4.316522	5.696513	5.032289	5.130656	4.498485
3.937724	4.345964	5.719544	5.032289	5.130656	4.503007
3.937724	4.424897	5.719544	5.032289	5.130656	4.561905
3.937724	4.424897	5.719544	5.032289	5.130656	4.575692
3.937724	4.424897	5.719544	5.032289	5.130656	4.575692
3.937724	4.424897	5.719544	5.032289	5.130656	4.575692
3.937724	4.424897	5.719544	5.032289	5.130656	4.575692
3.937724	4.424897	5.719544	5.032289	5.130656	4.575692
